CAAALEKCDSTQYFGPG	4e-05
CAAGAREIDSTQYFGPG	2e-05
CAAGDTEVFFGKG	2e-05
CAAGPTGNQNTLYFGAG	2e-05
CAAGRDQANTGQLYFGEG	2e-05
CAAGRNEQYFGPG	2e-05
CAAGSNMTNSDYTFGSG	2e-05
CAAGSRASYRGNTLYFGEG	2e-05
CAAIGNEPQYFGPG	2e-05
CAAKRNVPTQSYAVFFGKG	2e-05
CAAQEDEKCDSTQYFGPG	2e-05
CAAQGAGNTLYFGEG	2e-05
CAASSNSDYTFGSG	2e-05
CAATEKCDSTKSYAVFFGKG	2e-05
CAAVDNETPPTWTVTLYFGAG	2e-05
CACGAFNQAPLFGEG	2e-05
CACGAHNANTGQLYFGEG	2e-05
CACIQRNVTPPKSYAVFFGKG	2e-05
CACLAPEEGFGSSGNTLYFGEG	2e-05
CACPPRGAETLYFGSG	2e-05
CACQDWGGPLYFGSG	2e-05
CACSLDRANTEVFFGKG	2e-05
CACVKCDSTQYFGPG	4e-05
CACVTPPKSYAVFFGKG	2e-05
CACWEGGEGGLYFGAG	2e-05
CAEGQSSNERLFFGHG	2e-05
CAEVWGWSQDTQYFGPG	2e-05
CAFGPG	2e-05
CAFKNSDYTFGSG	2e-05
CAGASAETLYFGSG	2e-05
CAGCTGRQVPPPKAYFGEG	2e-05
CAGEKPKDQDTQYFGPG	2e-05
CAGFLEPEVFFGKG	2e-05
CAGFYTRADTQYFGPG	2e-05
CAGGDNYAEQFFGPG	2e-05
CAGGEAASGNTLYFGEG	2e-05
CAGGFGGGVVGVFFGEG	2e-05
CAGGVGGGGGVVYFGAG	2e-05
CAGGWAEQFFGPG	2e-05
CAGIDGDTSGNTLYFGEG	2e-05
CAGIDNSSYEQYFGPG	2e-05
CAGIGQPPEVFFGKG	2e-05
CAGIHRQTYEQYFGPG	2e-05
CAGILSPPNSYAVFFGKG	2e-05
CAGINVTPPTSYAVFFGKG	2e-05
CAGIRNGKDTQYFGPG	2e-05
CAGIRRGTDYTFGSG	2e-05
CAGIYSAETLYFGSG	2e-05
CAGIYSPPKPYAVFFGKG	2e-05
CAGIYWRYEQYFGPG	2e-05
CAGKTGDQDTQYFGPG	4e-05
CAGLKGVGPREQLYFGEG	2e-05
CAGMRNPTPPKSHAVFFGKG	2e-05
CAGNETPPKSSDVFFGKG	2e-05
CAGNGTPPKSYAVFFGKG	2e-05
CAGNLRQTSPLYFGEG	2e-05
CAGNVTPPNSDYTFGSG	2e-05
CAGRAGGAETLYFGSG	2e-05
CAGRCGGNQAPLFGEG	2e-05
CAGRKGGDSDYTFGSG	2e-05
CAGRWTGVNTEVFFGKG	2e-05
CAGSDNYEQYFGPG	2e-05
CAGSPTPNSDYTFGSG	2e-05
CAGSRRRGQNTLYFGAG	2e-05
CAGSRRVTNQAPLFGEG	2e-05
CAGSSGGSGGRVFFGEG	2e-05
CAGTGGPTGQLYFGEG	2e-05
CAGTRNVTPPKAYAVFFGKG	2e-05
CAGTTGTGQLYFGEG	2e-05
CAGVSNNSPLYFGEG	2e-05
CAGVYRGTANSDYTFGSG	2e-05
CAGVYRTAIPDYTFGSG	2e-05
CAGWWGGNTLYFGEG	2e-05
CAHTQYFGPG	2e-05
CAHVRNVTPPKSYAVFFGKG	4e-05
CAHVSAETLYFGSG	2e-05
CAHYTGQLYFGEG	2e-05
CAIDWSAETLYFGSG	2e-05
CAIFGKG	2e-05
CAIGDAGAETLYFGSG	2e-05
CAINTSPSHERLFFGHG	2e-05
CAIRQTYEQYFGPG	2e-05
CAITRFCPGGGVSSFGPG	2e-05
CAIVYNPTGQQYFGPG	2e-05
CAKAGVPLPPNLNTGQLYFGEG	2e-05
CAKCDSTQVVCRLPLFGEG	2e-05
CAKCEKCDTQYFGPG	2e-05
CAKCNVTPPRSYAVFFGKG	2e-05
CAKCYTTEVEQYFGPG	2e-05
CAKDGNNNQAPLFGEG	2e-05
CAKFQRPERTDTQYFGPG	2e-05
CAKGYGGLKDTQYFGPG	2e-05
CAKILQGAFAEQFFGPG	2e-05
CAKLDSGTGNTLYFGEG	2e-05
CAKLFGGNTLYFGEG	2e-05
CAKLYFGEG	2e-05
CAKLYNQDTQYFGPG	2e-05
CAKNLTPPKSYAVFFGKG	2e-05
CAKRLGPPAETLYFGSG	2e-05
CAKRLGTAGDERLFFGHG	2e-05
CAKSYQANTEVFFGKG	2e-05
CAKSYRDSYEQYFGPG	2e-05
CAKVDSPDSDYTFGSG	2e-05
CAKVYGQTISPLYFGEG	2e-05
CAKWDSTQDTQYFGPG	2e-05
CAKWRNVTPPKSYAVFFGKG	2e-05
CALCIGDEKAEQFFGPG	2e-05
CALCIGDEQYFGPG	2e-05
CALCRARANSDYTFGSG	2e-05
CALCVCEKCDSTQYFGPG	2e-05
CALCVREKCDSTQYFGPG	2e-05
CALDNNNYAEQFFGPG	2e-05
CALEKCTPPKSYAVFFGKG	2e-05
CALGFGEG	2e-05
CALGGPSQNTLYFGAG	2e-05
CALLRNVTPPTSYAVFFGKG	2e-05
CALNRHTNNQAPLFGEG	2e-05
CALPEKCAPPKSYAVFFGKG	2e-05
CALQILSSEKCHSTQYFGPG	2e-05
CALQNNVTPPKSYAVFFGKG	2e-05
CALQRHVTLPKSYAVFFGKG	2e-05
CALQRNVTPPKSCAVFFGKG	2e-05
CALQYNVTPPKSYAVFFGKG	2e-05
CALRMLEEKCDSTQYFGPG	2e-05
CALVENYGNTLYFGEG	2e-05
CAMEKCDSTKSYAVFFGKG	2e-05
CAMSPGEGGYAEQFFGPG	2e-05
CANAGLTVENCDFGEG	2e-05
CANCYTYTGQLYFGEG	2e-05
CANGAGTSNERLFFGHG	2e-05
CANGDARGGGGYEQYFGPG	2e-05
CANGDRRRFPNRLYFGEG	2e-05
CANGSGQSGNTLYFGEG	2e-05
CANGSGSPSRLNFGEG	2e-05
CANLQGETLYFGSG	2e-05
CANLRCVAPLFGEG	2e-05
CANPGENSPLYFGEG	2e-05
CANPSEKCDSTQYFGPG	2e-05
CANRQAPPRGDTQYFGPG	2e-05
CANSLQVSSGNTLYFGEG	2e-05
CANSSGEGNAPLFGEG	2e-05
CANSSGRGNSDYTFGSG	2e-05
CANSWDRGTKTLYFGSG	2e-05
CANTSGGQNTLYFGAG	2e-05
CAPCEHKYSAEQFFGPG	2e-05
CAPCRADPTGQLYFGEG	2e-05
CAPGQANSDYTFGSG	2e-05
CAPGTPQDTQYFGPG	2e-05
CAPMLPCCDLCDSTQYFGPG	2e-05
CAPMQPAEQFFGPG	2e-05
CAPNERLFFGHG	2e-05
CAPVIPCCVFFGKG	2e-05
CAPWCNATPPKSSAVFFGKG	2e-05
CAPWMEKCDYTFGSG	2e-05
CAQVDKCDSTQYFGPG	2e-05
CARAGGGYAEQFFGPG	2e-05
CARATGGTQDTQYFGPG	2e-05
CARCFGEG	2e-05
CARCLTEGAAKFFGHG	2e-05
CARCYSQNTLYFGAG	2e-05
CARDINQDTQYFGPG	2e-05
CARDRDNQDTQYFGPG	2e-05
CARDSQNTLYFGAG	2e-05
CAREGLGYEQYFGPG	2e-05
CAREMGWRYFGPG	2e-05
CAREREREREKCDYTFGSG	2e-05
CARFCGQNTEVFFGKG	2e-05
CARFFRPLDTQYFGPG	2e-05
CARFFRPNSDYTFGSG	2e-05
CARFGSG	2e-05
CARFNGGGETLYFGSG	2e-05
CARFSGAYAEQFFGPG	2e-05
CARGAGQSYNNQAPLFGEG	2e-05
CARGAGRHTAEQFFGPG	2e-05
CARGAPGDDNQAPLFGEG	2e-05
CARGDAGGTNTGQLYFGEG	2e-05
CARGDGYEQYFGPG	2e-05
CARGELSSSYEQYFGPG	2e-05
CARGGGWGGGGFFFGEG	2e-05
CARGGNPQYFGPG	2e-05
CARGGTGDNYAEQFFGPG	2e-05
CARGGTGGDTEVFFGKG	2e-05
CARGGWGGFGEG	2e-05
CARGLGGGTLHSGNTLYFGEG	2e-05
CARGMGRHERLFFGHG	2e-05
CARGNLNNQAPLFGEG	2e-05
CARGPENSGNTLYFGEG	2e-05
CARGPNHYAEQFFGPG	2e-05
CARGPNTGQLYFGEG	2e-05
CARGPYYGNSDYTFGSG	2e-05
CARGSANTGQLYFGEG	2e-05
CARGTPNTEVFFGKG	2e-05
CARGYSPLYFGAG	2e-05
CARGYWGNQDTQYFGPG	2e-05
CARIFDWYEQYFGPG	2e-05
CARIFNWGGPETLYFGSG	2e-05
CARIHNWGETLYFGSG	2e-05
CARIHRANTEVFFGKG	2e-05
CARIIQGTGQNTLYFGAG	2e-05
CARILNWGRAEQYFGPG	2e-05
CARINTGASTTLYFGAG	2e-05
CARINWGAYAEQFFGPG	2e-05
CARIPRARSYEQYFGPG	2e-05
CARIQKTLEQYFGPG	2e-05
CARIQTGRISPLYFGEG	2e-05
CARIRGANTLYFGAG	2e-05
CARIRNRALPQFFGPG	2e-05
CARISGLQDTQYFGPG	2e-05
CARISRGTILYFGEG	2e-05
CARISRPPVPTGQLYFGEG	2e-05
CARIVNPPKSYAVFFGKG	2e-05
CARIVSPPKPYAVFFGKG	2e-05
CARIWSQEVFFGKG	2e-05
CARIYGGNTEVFFGKG	2e-05
CARIYGRENTLYFGAG	2e-05
CARIYGTAEQYFGPG	2e-05
CARIYPAGTRSYEQYFGPG	2e-05
CARIYQGNTGQLYFGEG	2e-05
CARIYRATIPPCFGPG	2e-05
CARIYTHEQYFGPG	2e-05
CARIYWGANTLYFGAG	2e-05
CARKMKAMPAPYTSGETGQLYFGEG	2e-05
CARLGRRTYWYFGPG	2e-05
CARLPEKCDSTQYFGPG	2e-05
CARMGDRADTLYFGSG	2e-05
CARNATPPKSHAVFFGKG	2e-05
CARNATRPKPYAVFFGKG	2e-05
CARNATRPNSDYTFGSG	2e-05
CARNDPPKSYAVFFGKG	2e-05
CARNETPRNSNAVFFGKG	2e-05
CARNGNTLYFGEG	2e-05
CARNLGENSDYTFGSG	2e-05
CARNRDAEQFFGPG	2e-05
CARNSLATAETLYFGSG	2e-05
CARNVAPRNSYDVFFGKG	2e-05
CARNVGPPNTEVFFGKG	2e-05
CARNVNPPKSFGALYFGAG	2e-05
CARNVSPPKPYADFGSG	2e-05
CARNVTPHKPSAVFFGKG	4e-05
CARNVTPPKSDGVFFGKG	2e-05
CARNVTPPKSSADYTFGSG	2e-05
CARNVTPPKSYDVFGSG	2e-05
CARNVTPPNSYAVFFGKG	2e-05
CARNVTPPQSYEQYFGPG	2e-05
CARNVTPPTWYAVFFGKG	2e-05
CARNVTPRKSYAVFFGKG	2e-05
CARNVTQHNLYAVFFGKG	2e-05
CARNVTTTSSWPLTAGNTLYFGEG	2e-05
CARNYAEQFFGPG	2e-05
CARPGTLEVFFGKG	2e-05
CARQNTEVFFGKG	2e-05
CARRAGSRAETLYFGSG	2e-05
CARRDIDPEQFFGPG	2e-05
CARRDSDYTFGSG	2e-05
CARREVFFGKG	2e-05
CARRFQGLGALYFGSG	2e-05
CARRGALGNTLYFGEG	2e-05
CARRGQGEPEVFFGKG	2e-05
CARRLFFGHG	2e-05
CARRLGANYAEQFFGPG	2e-05
CARRLYSGNSDYTFGSG	2e-05
CARRNVTPPKSHAVFFGKG	2e-05
CARRPGQYNSPLYFGEG	2e-05
CARRPNSYNSPLYFGEG	2e-05
CARRQNPATQNTLYFGAG	2e-05
CARRQYNSPLYFGEG	2e-05
CARSARDTQDTQYFGPG	2e-05
CARSDTTGDYAEQFFGPG	2e-05
CARSFGGTQYFGPG	2e-05
CARSFSYEQYFGPG	2e-05
CARSGSSHWYFGPG	2e-05
CARSHQGNTGQLYFGEG	2e-05
CARSIQGTNTEVFFGKG	2e-05
CARSLADRAGNTLYFGEG	2e-05
CARSLAGPNYTFGSG	2e-05
CARSLAGYETLYFGSG	2e-05
CARSLDTNSDYTFGSG	2e-05
CARSLEGYHSDYTFGSG	2e-05
CARSLEPSNYAEQFFGPG	2e-05
CARSLGRDTGQLYFGEG	2e-05
CARSLGTYEQYFGPG	2e-05
CARSLLTPLYFGEG	2e-05
CARSLTDYKSPLYFGEG	2e-05
CARSLTDYNSTLYFGEG	2e-05
CARSPGQTNQAPLFGEG	2e-05
CARSPGSQNTLYFGAG	2e-05
CARSPLGGPNTGQLYFGEG	2e-05
CARSPPPAREETLYFGSG	2e-05
CARSPRDNYAEQFFGPG	2e-05
CARSPRRQLYFGEG	2e-05
CARSQGPQDTQYFGPG	2e-05
CARSRDWGGYAEQFFGPG	2e-05
CARSRGRAETLYFGSG	2e-05
CARSRSGEDTQYFGPG	2e-05
CARSSDWGSQDTQYFGPG	2e-05
CARSSGPGNTLYFGEG	2e-05
CARSSGPNTEVFFGKG	2e-05
CARSSGWEQYFGPG	2e-05
CARSSSRGREQYFGPG	2e-05
CARSSTTNTEVFFGKG	2e-05
CARSVGTGNSDYTFGSG	2e-05
CARSVRRNQAPLFGEG	2e-05
CARSVRSAETLYFGSG	2e-05
CARSWRQRKPTRDFGPG	2e-05
CARSYWGAGAAEQFFGPG	2e-05
CARSYYYGSSKYAEQFFGPG	2e-05
CARTATPPNSDYTFGSG	2e-05
CARTATPPTSYSVFFGKG	2e-05
CARTGTTEVFFGKG	2e-05
CARTPLQDTQYFGPG	2e-05
CARTPTVNQDTQYFGPG	2e-05
CARTRGGSYGYYAEQFFGPG	2e-05
CARTRGHEQYFGPG	2e-05
CARTVPPPTSYAVFFGKG	2e-05
CARTVTPPTPYAVFFGKG	2e-05
CARTVTPPTSYAVFFGKG	2e-05
CARVCLPEQFFGPG	2e-05
CARVPGQGIAEQFFGPG	2e-05
CARVSPTGQLYFGEG	2e-05
CARVWNRGLAQYFGPG	2e-05
CARVYAPLGTGQLYFGEG	2e-05
CARVYDPYEQYFGPG	2e-05
CARVYGGKLPFFGKG	2e-05
CARVYQNTGQLYFGEG	2e-05
CARVYRLGSPNTLYFGAG	2e-05
CARVYSSGNTLYFGEG	2e-05
CARVYSSYEQYFGPG	2e-05
CARWDGYHSPLYFGEG	2e-05
CARWWGGGNLGWVFGEG	2e-05
CARYATPRTPYAVFFGKG	2e-05
CARYFGAG	2e-05
CARYMARPKSFAVFFGKG	4e-05
CASAAGGDTEVFFGKG	2e-05
CASAAGRRPNTLYFGAG	2e-05
CASAAYSDYTFGSG	2e-05
CASACGEIDSTQYFGPG	2e-05
CASADREDERLFFGHG	2e-05
CASADRGSGNTLYFGEG	2e-05
CASADRNTEVFFGKG	2e-05
CASADWGAVNTGQLYFGEG	2e-05
CASAEDSGNTLYFGEG	2e-05
CASAGGGYTGQLYFGEG	2e-05
CASAGGSSYEQYFGPG	2e-05
CASAGSNSDYTFGSG	2e-05
CASAKTGGAAEQFFGPG	2e-05
CASALGQDTQYFGPG	2e-05
CASAPGQANTEVFFGKG	2e-05
CASAPGQGNQAPLFGEG	2e-05
CASAPGQGPNERLFFGHG	2e-05
CASAPGTETLYFGSG	2e-05
CASARDKSGNTLYFGEG	2e-05
CASARQLSNERLFFGHG	2e-05
CASARQNYAEQFFGPG	2e-05
CASARTGGGQAPLFGEG	2e-05
CASARTGGSQNTLYFGAG	2e-05
CASASGGATETLYFGSG	2e-05
CASATRANTGQLYFGEG	2e-05
CASAVGGSGNTLYFGEG	2e-05
CASAYGETLYFGSG	2e-05
CASAYKGGQDTQYFGPG	2e-05
CASCAAGRQDTQYFGPG	2e-05
CASCAARRALFFGKG	2e-05
CASCADGRSEQYFGPG	2e-05
CASCAEGPTEVFFGKG	2e-05
CASCAGGWTTGQLYFGEG	2e-05
CASCAGRGTGQLYFGEG	2e-05
CASCAQGGSRVFFGKG	2e-05
CASCAWGWGQDTQYFGPG	2e-05
CASCDATGAGSAETLYFGSG	2e-05
CASCDVGPEVFFGKG	2e-05
CASCDVQGADTQYFGPG	2e-05
CASCEDRGARDYTFGSG	2e-05
CASCERANTGQLYFGEG	2e-05
CASCETNSGNTLYFGEG	2e-05
CASCFDWAAETLYFGSG	2e-05
CASCFQGQAETLYFGSG	2e-05
CASCGETNTEVFFGKG	2e-05
CASCGGQGQAPLFGEG	2e-05
CASCGQGNTEVFFGKG	2e-05
CASCGRGRNTEVFFGKG	2e-05
CASCGVFQNTLYFGAG	2e-05
CASCGVWGEREQFFGPG	2e-05
CASCHTSAETLYFGSG	2e-05
CASCKDWGIEQYFGPG	2e-05
CASCKEGSNSDYTFGSG	2e-05
CASCKERRAHEQYFGPG	2e-05
CASCKHWGARNYAEQFFGPG	2e-05
CASCKNQDTQYFGPG	2e-05
CASCKNWGSIAETLYFGSG	2e-05
CASCKTRAETLYFGSG	2e-05
CASCKVRRYFGPG	2e-05
CASCLEGAAPEVFFGKG	2e-05
CASCLGDNTEVFFGKG	2e-05
CASCLGGGYSPLYFGEG	2e-05
CASCLLGGAETLYFGSG	2e-05
CASCLLGGGAETLYFGSG	2e-05
CASCLPREQYFGPG	2e-05
CASCLQGQTEVFFGKG	2e-05
CASCLRANSDYTFGSG	2e-05
CASCLTGHTEVFFGKG	2e-05
CASCLVGLGRRGAEQFFGPG	2e-05
CASCNRGPEVFFGKG	2e-05
CASCPGQGSTEVFFGKG	2e-05
CASCPGRGPGTQYFGPG	2e-05
CASCPGSQNTLYFGAG	2e-05
CASCQGAETLYFGSG	2e-05
CASCQGRGSGVFFGKG	2e-05
CASCQSLDNQDTQYFGPG	2e-05
CASCRGHPDYTFGSG	2e-05
CASCRPRRNYAEQFFGPG	2e-05
CASCRVGSDYTFGSG	2e-05
CASCSAGWGGAETLYFGSG	2e-05
CASCSARGEQYFGPG	2e-05
CASCSARGPLYFGAG	2e-05
CASCSGGGNTGQLYFGEG	2e-05
CASCSGPRQLYFGEG	2e-05
CASCSRVSYCGNTLYFGEG	2e-05
CASCSTGRAERLFFGHG	2e-05
CASCTAGHQDTQYFGPG	2e-05
CASCTAGRAGFFGKG	2e-05
CASCTDQRAREQYFGPG	2e-05
CASCTGCEQYFGPG	2e-05
CASCTGGQSPEQFFGPG	2e-05
CASCTGGRAEQFFGPG	2e-05
CASCTGGSGNTLYFGEG	2e-05
CASCTHGNTGQLYFGEG	2e-05
CASCTSLNTLYFGEG	2e-05
CASCTSYEQYFGPG	2e-05
CASCTVRAETLYFGSG	2e-05
CASCWARNVTPPKAYFGEG	2e-05
CASCWDSSGNTLYFGEG	2e-05
CASCWTGNTEVFFGKG	2e-05
CASDPLDNYAEQFFGPG	2e-05
CASDRENTGQLYFGEG	2e-05
CASDRGETLYFGSG	2e-05
CASDRQGAHTGQLYFGEG	2e-05
CASDSYAEQFFGPG	2e-05
CASDTYEQYFGPG	2e-05
CASDWGPYAEQFFGPG	2e-05
CASEDLRNVAPPKPYAEQFFGPG	2e-05
CASEDLRNVTPPKSYEQYFGPG	2e-05
CASEDNYAEQFFGPG	2e-05
CASEGLINVPPPHTLYFGEG	2e-05
CASEGPNTEVFFGKG	2e-05
CASEGQGNSDYTFGSG	2e-05
CASEGRKNTLYFGAG	2e-05
CASERDWGYAEQFFGPG	2e-05
CASESERLFFGHG	2e-05
CASESYSGNTLYFGEG	2e-05
CASEWDWGTETLYFGSG	2e-05
CASFCKQYFGPG	2e-05
CASFGGYRGRLCFGAG	2e-05
CASFHRLGQNTLYFGAG	2e-05
CASFHRRNYAEQFFGPG	2e-05
CASFLGTANTEVFFGKG	2e-05
CASFRGTNERLFFGHG	2e-05
CASFRQAANTEVFFGKG	2e-05
CASFYTWSSDYTFGSG	2e-05
CASGAAAGDSDYTFGSG	2e-05
CASGAAAGGSDYTFGSG	2e-05
CASGAAANSDYTFGSG	2e-05
CASGAAGLGLTYAEQFFGPG	2e-05
CASGAAGNKNTLYFGAG	2e-05
CASGAAGSTPEVFFGKG	2e-05
CASGADIYEQYFGPG	2e-05
CASGADNSPLYFGEG	2e-05
CASGADQDTQYFGPG	2e-05
CASGADRGINTLYFGAG	2e-05
CASGADWGSQNTLYFGAG	2e-05
CASGAGDPEVFFGKG	2e-05
CASGAGGAGEQYFGPG	2e-05
CASGAGGDYAEQFFGPG	2e-05
CASGAGGGAETLYFGSG	2e-05
CASGAGGRGPPLYFGEG	2e-05
CASGAGKDNSPLYFGEG	2e-05
CASGAGLGGAEQFFGPG	2e-05
CASGAGLGYAEQFFGPG	2e-05
CASGAGLRGGRAEQFFGPG	2e-05
CASGAGQYNSPLYFGEG	2e-05
CASGAGTAYAEQFFGPG	2e-05
CASGAGTGANTEVFFGKG	2e-05
CASGAGTGAYSDYTFGSG	2e-05
CASGAGTGENTLYFGAG	2e-05
CASGAGTGPYEQYFGPG	2e-05
CASGAGTGTEVFFGKG	2e-05
CASGAGTISNERLFFGHG	2e-05
CASGAGVFAETLYFGSG	2e-05
CASGAINTGQLYFGEG	2e-05
CASGALGNTLYFGAG	2e-05
CASGALGQGGAEQFFGPG	2e-05
CASGALLSAETLYFGSG	2e-05
CASGALRDRAGNTLYFGEG	2e-05
CASGANNYAEQFFGPG	2e-05
CASGAPDWGVEQYFGPG	2e-05
CASGAPGAGSNERLFFGHG	2e-05
CASGAPGFSGNTLYFGEG	2e-05
CASGAPGHNYAEQFFGPG	2e-05
CASGAPGRGAETLYFGSG	2e-05
CASGAPRDWGGEQYFGPG	2e-05
CASGAQARAETLYFGSG	2e-05
CASGAQGGAETLYFGSG	2e-05
CASGAQGSNSPLYFGEG	2e-05
CASGAQGYSPLYFGEG	4e-05
CASGAQRNTEVFFGKG	2e-05
CASGAQTGASTEVFFGKG	2e-05
CASGARDREEQYFGPG	2e-05
CASGARDSQDTQYFGPG	2e-05
CASGARDWGNAEQFFGPG	2e-05
CASGARTDTEVFFGKG	2e-05
CASGASGANTGQLYFGEG	2e-05
CASGASGQNTLYFGAG	2e-05
CASGASGTGGDGETLYFGSG	2e-05
CASGATGGARENTLYFGAG	2e-05
CASGATGQAPLFGEG	2e-05
CASGATQYFGPG	2e-05
CASGATRGAETLYFGSG	2e-05
CASGATVYEQYFGPG	2e-05
CASGAVQDTQYFGPG	2e-05
CASGAWGANYAEQFFGPG	2e-05
CASGAWTEVFFGKG	2e-05
CASGCRTPNPQYFGPG	2e-05
CASGDAAANTLYFGAG	2e-05
CASGDAAASQNTLYFGAG	2e-05
CASGDAADNTEVFFGKG	2e-05
CASGDAAENTLYFGAG	2e-05
CASGDAAETLYFGSG	2e-05
CASGDAAGGSRLYFGAG	2e-05
CASGDAAGGVQDTQYFGPG	2e-05
CASGDAAGKTEVFFGKG	2e-05
CASGDAAGKYAEQFFGPG	2e-05
CASGDAAGYEQYFGPG	2e-05
CASGDAAIDTQYFGPG	2e-05
CASGDAAINQDTQYFGPG	2e-05
CASGDAARDQDTQYFGPG	2e-05
CASGDAASNSDYTFGSG	2e-05
CASGDADKSGNTLYFGEG	2e-05
CASGDADQQYFGPG	2e-05
CASGDADRGQTLYFGSG	2e-05
CASGDADRNYAEQFFGPG	2e-05
CASGDADRSYEQYFGPG	2e-05
CASGDADRVYNSPLYFGEG	2e-05
CASGDADSAETLYFGSG	2e-05
CASGDADSRADPLYFGSG	2e-05
CASGDADWDSAETLYFGSG	2e-05
CASGDADWGGDAEQFFGPG	2e-05
CASGDADWSYAEQFFGPG	2e-05
CASGDAEAEQFFGPG	2e-05
CASGDAEAYAEQFFGPG	2e-05
CASGDAEDWGYAEQFFGPG	2e-05
CASGDAEGEGTLYFGAG	2e-05
CASGDAEGGEQYFGPG	2e-05
CASGDAEGGHYAEQFFGPG	2e-05
CASGDAEGIDTQYFGPG	2e-05
CASGDAEGRREVFFGKG	2e-05
CASGDAEGSGNTLYFGEG	2e-05
CASGDAETNTEVFFGKG	2e-05
CASGDAFGEDTQYFGPG	2e-05
CASGDAFREKVFFGKG	2e-05
CASGDAFYAEQFFGPG	2e-05
CASGDAGADNSPLYFGEG	2e-05
CASGDAGADPLYFGAG	2e-05
CASGDAGEAEVFFGKG	2e-05
CASGDAGFEQYFGPG	2e-05
CASGDAGFNQDTQYFGPG	2e-05
CASGDAGGDEQYFGPG	2e-05
CASGDAGGGDSYEQYFGPG	2e-05
CASGDAGGNSAETLYFGSG	2e-05
CASGDAGGNTLYFGEG	2e-05
CASGDAGGRDNQAPLFGEG	2e-05
CASGDAGGRRAEQFFGPG	2e-05
CASGDAGGSSYEQYFGPG	2e-05
CASGDAGGTSYEQYFGPG	2e-05
CASGDAGGYNYAEQFFGPG	2e-05
CASGDAGHLNERLFFGHG	2e-05
CASGDAGHNTGQLYFGEG	2e-05
CASGDAGLEQYFGPG	2e-05
CASGDAGLGASETLYFGSG	2e-05
CASGDAGLGASQNTLYFGAG	2e-05
CASGDAGLGYEQYFGPG	2e-05
CASGDAGNNNQAPLFGEG	2e-05
CASGDAGNQNTLYFGAG	2e-05
CASGDAGNYAEQFFGPG	2e-05
CASGDAGPANTEVFFGKG	2e-05
CASGDAGQANSDYTFGSG	4e-05
CASGDAGQGAETLYFGSG	2e-05
CASGDAGQGHEQYFGPG	2e-05
CASGDAGQGPETLYFGSG	2e-05
CASGDAGQNSDYTFGSG	2e-05
CASGDAGQSYEQYFGPG	2e-05
CASGDAGRERLFFGHG	2e-05
CASGDAGRHTGQLYFGEG	2e-05
CASGDAGRISYEQYFGPG	2e-05
CASGDAGRSAETLYFGSG	2e-05
CASGDAGSLYEQYFGPG	2e-05
CASGDAGSSSAETLYFGSG	2e-05
CASGDAGTAQDTQYFGPG	2e-05
CASGDAGTGGALAEQFFGPG	2e-05
CASGDAGTGNTEVFFGKG	2e-05
CASGDAGTGNTGQLYFGEG	2e-05
CASGDAGTGNTLYFGAG	2e-05
CASGDAGTGQLYFGEG	2e-05
CASGDAGTGSAEQFFGPG	2e-05
CASGDAGTGSERLFFGHG	2e-05
CASGDAGTNEQYFGPG	2e-05
CASGDAGWGEDTLYFGAG	2e-05
CASGDAIEQYFGPG	2e-05
CASGDAKGGDSDYTFGSG	2e-05
CASGDAKGKRPHNTLYFGAG	2e-05
CASGDAKGLGYFGPG	2e-05
CASGDAKGPEVFFGKG	2e-05
CASGDAKGSSYEQYFGPG	2e-05
CASGDAKGYEQYFGPG	2e-05
CASGDAKNQAPLFGEG	2e-05
CASGDAKSNERLFFGHG	2e-05
CASGDALEYQDTQYFGPG	2e-05
CASGDALGGGAEQFFGPG	2e-05
CASGDALGGGAETLYFGSG	2e-05
CASGDALGGGYEQYFGPG	2e-05
CASGDALGGHEQYFGPG	2e-05
CASGDALGGREYFGPG	2e-05
CASGDALGGRVTLYFGAG	2e-05
CASGDALGRAETLYFGSG	2e-05
CASGDALGRTHEQYFGPG	2e-05
CASGDALGWLYFGAG	2e-05
CASGDALIDTQYFGPG	2e-05
CASGDAMYAEQFFGPG	2e-05
CASGDANRETLYFGSG	2e-05
CASGDAPDIYEQYFGPG	2e-05
CASGDAPDNNQAPLFGEG	2e-05
CASGDAPDSPLYFGEG	2e-05
CASGDAPGDSDYTFGSG	2e-05
CASGDAPGELEVFFGKG	2e-05
CASGDAPGGEDTQYFGPG	2e-05
CASGDAPGGQNTLYFGAG	2e-05
CASGDAPGINTLYFGAG	2e-05
CASGDAPGNYAEQFFGPG	2e-05
CASGDAPGSNTEVFFGKG	2e-05
CASGDAPGVCAEQFFGPG	2e-05
CASGDAPHANSDYTFGSG	2e-05
CASGDAPSSAETLYFGSG	2e-05
CASGDAPTISNERLFFGHG	2e-05
CASGDAPVLEQYFGPG	2e-05
CASGDAPVYEQYFGPG	2e-05
CASGDAQAEVFFGKG	2e-05
CASGDAQDRGDTQYFGPG	2e-05
CASGDAQDTGQLYFGEG	2e-05
CASGDAQGDSDYTFGSG	2e-05
CASGDAQGGAETLYFGSG	2e-05
CASGDAQGSGQLYFGEG	2e-05
CASGDAQGSTGQLYFGEG	2e-05
CASGDAQGTETLYFGSG	2e-05
CASGDAQKEVFFGKG	2e-05
CASGDAQLYTEVFFGKG	2e-05
CASGDAQNNQAPLFGEG	2e-05
CASGDAQSGNTLYFGEG	2e-05
CASGDAQSRLGENTLYFGAG	2e-05
CASGDAQTSNERLFFGHG	2e-05
CASGDAQWGSDYTFGSG	2e-05
CASGDARDRAYEQYFGPG	2e-05
CASGDARDRGGTEVFFGKG	2e-05
CASGDARDRGRNTQYFGPG	2e-05
CASGDARDRSFGAG	2e-05
CASGDARGSNTLYFGAG	2e-05
CASGDARQGRTYEQYFGPG	2e-05
CASGDARQLQDTQYFGPG	2e-05
CASGDARQRSGNTLYFGEG	4e-05
CASGDARRANTEVFFGKG	2e-05
CASGDARRQNTLYFGAG	2e-05
CASGDARSNYAEQFFGPG	2e-05
CASGDARTGTTEVFFGKG	2e-05
CASGDARTKRQNTLYFGAG	2e-05
CASGDARVSGNTLYFGEG	2e-05
CASGDARYSSYEQYFGPG	2e-05
CASGDASGVNYAEQFFGPG	2e-05
CASGDASHNSPLYFGEG	2e-05
CASGDASINERLFFGHG	2e-05
CASGDATETLYFGSG	2e-05
CASGDATGKGNTLYFGAG	2e-05
CASGDATGREVFFGKG	2e-05
CASGDATQANYAEQFFGPG	2e-05
CASGDATSETLYFGSG	2e-05
CASGDAVDRVPTQYFGPG	2e-05
CASGDAVEQYFGPG	4e-05
CASGDAVGRAETLYFGSG	2e-05
CASGDAVGTSQNTLYFGAG	2e-05
CASGDAVSGNTLYFGEG	2e-05
CASGDAVSNERLFFGHG	2e-05
CASGDAVWGVGAETLYFGSG	2e-05
CASGDAWGGPYEQYFGPG	2e-05
CASGDAWGGVEQYFGPG	2e-05
CASGDAWTENTEVFFGKG	2e-05
CASGDAWVNQDTQYFGPG	2e-05
CASGDAYSANTEVFFGKG	2e-05
CASGDAYWGEREQYFGPG	2e-05
CASGDCNYAEQFFGPG	2e-05
CASGDDGTANSDYTFGSG	2e-05
CASGDDKYAEQFFGPG	2e-05
CASGDDLGVSQNTLYFGAG	2e-05
CASGDDPANSDYTFGSG	2e-05
CASGDDQNYAEQFFGPG	2e-05
CASGDDRAGYAEQFFGPG	2e-05
CASGDDRASQNTLYFGAG	2e-05
CASGDDRENTEVFFGKG	2e-05
CASGDDRGDYEQYFGPG	2e-05
CASGDDRGLTEVFFGKG	2e-05
CASGDDRSDYTFGSG	2e-05
CASGDDWTSAETLYFGSG	2e-05
CASGDEADTLYFGAG	2e-05
CASGDEAGGRGQNTLYFGAG	2e-05
CASGDEAHGQLYFGEG	2e-05
CASGDEDEQFFGPG	2e-05
CASGDEGGLLDTQYFGPG	2e-05
CASGDEGLGSAETLYFGSG	2e-05
CASGDEGWGPYEQYFGPG	2e-05
CASGDEKANERLFFGHG	2e-05
CASGDELGQNTLYFGAG	2e-05
CASGDENQDTQYFGPG	2e-05
CASGDEPFSNERLFFGHG	2e-05
CASGDEPGGKTLYFGSG	2e-05
CASGDEQSNERLFFGHG	2e-05
CASGDERNSDYTFGSG	2e-05
CASGDERVSNERLFFGHG	2e-05
CASGDERWGEDTQYFGPG	4e-05
CASGDETGGAGNTLYFGEG	2e-05
CASGDFGIYAEQFFGPG	4e-05
CASGDFLGGSQNTLYFGAG	2e-05
CASGDFRYSGNTLYFGEG	2e-05
CASGDGAAKNTQFFGPG	2e-05
CASGDGADEQYFGPG	2e-05
CASGDGAGGDAEQFFGPG	2e-05
CASGDGAGGDTQYFGPG	2e-05
CASGDGAGQGNTEVFFGKG	2e-05
CASGDGANQAPLFGEG	2e-05
CASGDGANTLYFGEG	2e-05
CASGDGARDTQYFGPG	2e-05
CASGDGDRANSDYTFGSG	4e-05
CASGDGDTEVFFGKG	2e-05
CASGDGDTGQLYFGEG	2e-05
CASGDGEANTEVFFGKG	2e-05
CASGDGEGTNNQAPLFGEG	2e-05
CASGDGGALEQYFGPG	2e-05
CASGDGGARGTLYFGAG	2e-05
CASGDGGDRGYSGNTLYFGEG	2e-05
CASGDGGDSPLYFGEG	2e-05
CASGDGGEGTLYFGAG	2e-05
CASGDGGGADTQYFGPG	2e-05
CASGDGGGAYEQYFGPG	2e-05
CASGDGGGRNTLYFGAG	2e-05
CASGDGGLDDEQYFGPG	2e-05
CASGDGGLYAEQFFGPG	2e-05
CASGDGGPGYNSPLYFGEG	2e-05
CASGDGGQNTEVFFGKG	2e-05
CASGDGGRAETLYFGSG	2e-05
CASGDGGTDNQDTQYFGPG	2e-05
CASGDGGTDYTFGSG	2e-05
CASGDGGTGGDEQYFGPG	2e-05
CASGDGGTNTGQLYFGEG	2e-05
CASGDGGVQDTQYFGPG	2e-05
CASGDGIANSDYTFGSG	2e-05
CASGDGLALSYEQYFGPG	2e-05
CASGDGLGDTQYFGPG	2e-05
CASGDGLGDYAEQFFGPG	2e-05
CASGDGLGGRQNTLYFGAG	2e-05
CASGDGLGNAEQFFGPG	2e-05
CASGDGLNTEVFFGKG	2e-05
CASGDGNSDYTFGSG	2e-05
CASGDGPANTEVFFGKG	2e-05
CASGDGPGQNYAEQFFGPG	2e-05
CASGDGPNQAPLFGEG	2e-05
CASGDGQGSSDYTFGSG	2e-05
CASGDGQGVSAETLYFGSG	2e-05
CASGDGQHNYAEQFFGPG	2e-05
CASGDGQSDYTFGSG	2e-05
CASGDGQSETLYFGSG	2e-05
CASGDGRDKNSDYTFGSG	2e-05
CASGDGRGANSDYTFGSG	2e-05
CASGDGRGDEQYFGPG	2e-05
CASGDGRGGDTQYFGPG	2e-05
CASGDGRGNTEVFFGKG	2e-05
CASGDGRHFSNERLFFGHG	2e-05
CASGDGRSETLYFGSG	2e-05
CASGDGSGETVFFGEG	2e-05
CASGDGSSFSNERLFFGHG	2e-05
CASGDGTARAETLYFGSG	2e-05
CASGDGTDNYAEQFFGPG	2e-05
CASGDGTDSPLYFGEG	2e-05
CASGDGTGDNYAEQFFGPG	2e-05
CASGDGTGGDTQYFGPG	2e-05
CASGDGTGGNSDYTFGSG	2e-05
CASGDGTGGRNAEQFFGPG	2e-05
CASGDGTGRNQAPLFGEG	2e-05
CASGDGTGSRYEQYFGPG	2e-05
CASGDGTISNERLFFGHG	2e-05
CASGDGTNGNTLYFGEG	2e-05
CASGDGTNSDYTFGSG	2e-05
CASGDGTVSAETLYFGSG	2e-05
CASGDGVKNTLYFGAG	2e-05
CASGDGWENTLYFGAG	2e-05
CASGDGWGAYEQYFGPG	2e-05
CASGDGWRNTGQLYFGEG	2e-05
CASGDGWVGENTQYFGPG	2e-05
CASGDGYYAEQFFGPG	2e-05
CASGDHLGSAETLYFGSG	2e-05
CASGDHNSNERLFFGHG	2e-05
CASGDHPKNTLYFGAG	2e-05
CASGDHRYAEQFFGPG	2e-05
CASGDIGNTGQLYFGEG	2e-05
CASGDIRERNEQYFGPG	2e-05
CASGDKDSDYTFGSG	2e-05
CASGDKGQGAETLYFGSG	2e-05
CASGDKGRGKDTQYFGPG	2e-05
CASGDKGSTEVFFGKG	2e-05
CASGDKQQNSPPYFGEG	2e-05
CASGDKQYNSPLYFGEG	2e-05
CASGDKYNNQAPLFGEG	2e-05
CASGDLENSDYTFGSG	2e-05
CASGDLGDQDTQYFGPG	2e-05
CASGDLGDSAETLYFGSG	2e-05
CASGDLGDYEQYFGPG	2e-05
CASGDLGGPLEQYFGPG	2e-05
CASGDLGHRGNTLYFGEG	2e-05
CASGDLGQTNTEVFFGKG	2e-05
CASGDLHNSPLYFGEG	2e-05
CASGDLMGSQNTLYFGAG	2e-05
CASGDLNSYAEQFFGPG	2e-05
CASGDLQSQNTLYFGAG	2e-05
CASGDLQWGTEVFFGKG	2e-05
CASGDLRGQNTLYFGAG	2e-05
CASGDMGGQNTLYFGAG	2e-05
CASGDMGRAETLYFGSG	2e-05
CASGDMGSGNTLYFGEG	2e-05
CASGDNINTGQLYFGEG	2e-05
CASGDNNNYAEQFFGPG	2e-05
CASGDNRGGDTQYFGPG	2e-05
CASGDNRSQNTLYFGAG	2e-05
CASGDNSFYEQYFGPG	2e-05
CASGDNWGGEDTQYFGPG	2e-05
CASGDNWGSNTLYFGAG	2e-05
CASGDPAANSDYTFGSG	2e-05
CASGDPDWGGAETLYFGSG	2e-05
CASGDPDWGGAYEQYFGPG	2e-05
CASGDPEPNYAEQFFGPG	2e-05
CASGDPFSNERLFFGHG	2e-05
CASGDPGARAETLYFGSG	4e-05
CASGDPGEEVFFGKG	2e-05
CASGDPGESTQYFGPG	2e-05
CASGDPGETGQLYFGEG	2e-05
CASGDPGGALEQYFGPG	2e-05
CASGDPGGARQNTLYFGAG	2e-05
CASGDPGGKDTQYFGPG	2e-05
CASGDPGIQDTQYFGPG	2e-05
CASGDPGLAPPGRVFGEG	2e-05
CASGDPGLGSTLYFGAG	2e-05
CASGDPGQGDTEVFFGKG	2e-05
CASGDPGQGDTQYFGPG	2e-05
CASGDPGQLNNQAPLFGEG	2e-05
CASGDPGTGITEVFFGKG	2e-05
CASGDPGTNSAETLYFGSG	2e-05
CASGDPGVAEQFFGPG	2e-05
CASGDPLGKAETLYFGSG	2e-05
CASGDPPGHNTEVFFGKG	2e-05
CASGDPPKSYAVFFGKG	2e-05
CASGDPPNERLFFGHG	2e-05
CASGDPPWGYAEQFFGPG	2e-05
CASGDPQGARVNQAPLFGEG	2e-05
CASGDPQGHTLYFGAG	2e-05
CASGDPRGANTEVFFGKG	2e-05
CASGDPRGAPAEQFFGPG	2e-05
CASGDPRGDSGNTLYFGEG	2e-05
CASGDPRHNTEVFFGKG	2e-05
CASGDPRQNTEVFFGKG	2e-05
CASGDPSGTDYAEQFFGPG	2e-05
CASGDPTGGNYAEQFFGPG	2e-05
CASGDPTGHSSYEQYFGPG	2e-05
CASGDPTNNYAEQFFGPG	2e-05
CASGDQAPLFGEG	2e-05
CASGDQDWGHAEQFFGPG	2e-05
CASGDQERLFFGHG	2e-05
CASGDQGAETLYFGSG	2e-05
CASGDQGAHTEVFFGKG	2e-05
CASGDQGLGYYEQYFGPG	2e-05
CASGDQGNSGNTLYFGEG	2e-05
CASGDQGNTEVFFGKG	2e-05
CASGDQGREVFFGKG	2e-05
CASGDQGRNSPLYFGEG	2e-05
CASGDQGTSAETLYFGSG	2e-05
CASGDQGVSPLYFGEG	2e-05
CASGDQGVSYEQYFGPG	2e-05
CASGDQNSPLYFGEG	2e-05
CASGDQRGLDTLYFGAG	2e-05
CASGDQTEHYAEQFFGPG	2e-05
CASGDRADSDYTFGSG	2e-05
CASGDRAETLYFGSG	2e-05
CASGDRAGQDTQYFGPG	2e-05
CASGDRATGQLYFGEG	2e-05
CASGDRDGQLYFGEG	2e-05
CASGDRDNSYEQYFGPG	2e-05
CASGDRDNTEVFFGKG	2e-05
CASGDRDREDTQYFGPG	2e-05
CASGDRDRGDTQYFGPG	2e-05
CASGDRDRVQDTQYFGPG	2e-05
CASGDRDSSGNTLYFGEG	2e-05
CASGDRDSSYEQYFGPG	2e-05
CASGDRDSYTSPLYFGEG	2e-05
CASGDRDTQYFGPG	2e-05
CASGDRDTRANERLFFGHG	2e-05
CASGDRDWASQNTLYFGAG	2e-05
CASGDRDWGGGNEQYFGPG	2e-05
CASGDREGYYNSPLYFGEG	2e-05
CASGDRENEQYFGPG	2e-05
CASGDRERSQNTLYFGAG	2e-05
CASGDRFSYNSPLYFGEG	2e-05
CASGDRGAQDTQYFGPG	2e-05
CASGDRGGANQYFGPG	2e-05
CASGDRGGNTGQLYFGEG	2e-05
CASGDRGGQPEQFFGPG	2e-05
CASGDRGGRINEQYFGPG	2e-05
CASGDRGLNSDYTFGSG	2e-05
CASGDRGQSSYEQYFGPG	2e-05
CASGDRGQYFGPG	2e-05
CASGDRGRTGQLYFGEG	2e-05
CASGDRGSSYEQYFGPG	2e-05
CASGDRHSNSDYTFGSG	2e-05
CASGDRNEQYFGPG	2e-05
CASGDRNISNERLFFGHG	2e-05
CASGDRQGAGQLYFGEG	2e-05
CASGDRQGDYEQYFGPG	2e-05
CASGDRQGTTLYFGAG	2e-05
CASGDRQYNSPLYFGEG	2e-05
CASGDRRGRNGQNTLYFGAG	2e-05
CASGDRSQNTLYFGAG	2e-05
CASGDRTDTGQLYFGEG	2e-05
CASGDRTGRADYTFGSG	2e-05
CASGDRTRAETLYFGSG	2e-05
CASGDRTSAETLYFGSG	2e-05
CASGDRTYSGNTLYFGEG	2e-05
CASGDRVGGNTLYFGEG	2e-05
CASGDRVNNQAPLFGEG	2e-05
CASGDRVNQDTQYFGPG	2e-05
CASGDSAETLYFGSG	2e-05
CASGDSANTEVFFGKG	2e-05
CASGDSDTLYFGAG	2e-05
CASGDSDTQYFGPG	2e-05
CASGDSEQYFGPG	2e-05
CASGDSGAYAETLYFGSG	2e-05
CASGDSGFTEVFFGKG	2e-05
CASGDSGGDNNQAPLFGEG	2e-05
CASGDSGGNTEVFFGKG	2e-05
CASGDSGGPSDYTFGSG	2e-05
CASGDSGVQDTQYFGPG	2e-05
CASGDSGYAEQFFGPG	2e-05
CASGDSHWGRGEQYFGPG	2e-05
CASGDSLGRQDTQYFGPG	2e-05
CASGDSLGSRPETLYFGSG	2e-05
CASGDSLYFGEG	2e-05
CASGDSNSDYTFGSG	2e-05
CASGDSNYAEQFFGPG	2e-05
CASGDSPGRTSPPYFGEG	2e-05
CASGDSQGDTQYFGPG	2e-05
CASGDSQGSNSDYTFGSG	2e-05
CASGDSRRGANSDYTFGSG	2e-05
CASGDSSHWAQDTQYFGPG	2e-05
CASGDSSSYEQYFGPG	2e-05
CASGDSSYNSSLYFGEG	2e-05
CASGDSTISNERLFFGHG	2e-05
CASGDSVNQDTQYFGPG	2e-05
CASGDSWGMDTLYFGAG	2e-05
CASGDTAGDYTLQFFGHG	2e-05
CASGDTAKQNTLYFGAG	2e-05
CASGDTASGNTLYFGEG	2e-05
CASGDTGEANERLFFGHG	2e-05
CASGDTGGAAPNTLYFGAG	2e-05
CASGDTGGAEVFFGKG	2e-05
CASGDTGGENTLYFGAG	2e-05
CASGDTGGNTQYFGPG	2e-05
CASGDTGGQAETLYFGSG	2e-05
CASGDTGGRNTEVFFGKG	2e-05
CASGDTGIQDTQYFGPG	2e-05
CASGDTGTANERLFFGHG	2e-05
CASGDTGTGNSDYTFGSG	2e-05
CASGDTPGGWSDYTFGSG	2e-05
CASGDTQAGNTLYFGEG	2e-05
CASGDTQANERLFFGHG	2e-05
CASGDTSNQDTQYFGPG	2e-05
CASGDTTGINTGQLYFGEG	2e-05
CASGDTVNSPLYFGEG	2e-05
CASGDTWGAGQNTLYFGAG	2e-05
CASGDTYRSRHYEQYFGPG	2e-05
CASGDVAGGKLYFGSG	2e-05
CASGDVGGASQNTLYFGAG	2e-05
CASGDVGGQEDTQYFGPG	2e-05
CASGDVGGRAEVFFGKG	2e-05
CASGDVGGRVTLYFGAG	2e-05
CASGDVGQDTQYFGPG	2e-05
CASGDVGTEGERLFFGHG	2e-05
CASGDVGTGQLYFGEG	2e-05
CASGDVGTKNSGNTLYFGEG	2e-05
CASGDVGYQDTQYFGPG	2e-05
CASGDVLIYAEQFFGPG	2e-05
CASGDVPAPHSDYTFGSG	2e-05
CASGDVQGANTEVFFGKG	2e-05
CASGDVQISNERLFFGHG	2e-05
CASGDVQSNERLFFGHG	2e-05
CASGDVREGTEVFFGKG	2e-05
CASGDVREVFFGKG	2e-05
CASGDVRIDTQYFGPG	2e-05
CASGDVRNSDYTFGSG	2e-05
CASGDVSAETLYFGSG	2e-05
CASGDVSQYFGPG	2e-05
CASGDVTVNYAEQFFGPG	2e-05
CASGDWATSQNTLYFGAG	2e-05
CASGDWGADTQYFGPG	2e-05
CASGDWGAGGQLYFGEG	2e-05
CASGDWGEDTQYFGPG	2e-05
CASGDWGEGAETLYFGSG	2e-05
CASGDWGETQYFGPG	2e-05
CASGDWGGGNTLYFGEG	2e-05
CASGDWGGREQYFGPG	2e-05
CASGDWGRSQNTLYFGAG	2e-05
CASGDWGSGNTLYFGEG	2e-05
CASGDWGSYEQYFGPG	2e-05
CASGDWGYQNTLYFGAG	2e-05
CASGDWTGSYNSPLYFGEG	2e-05
CASGDWVSNERLFFGHG	2e-05
CASGDYDYEQYFGPG	2e-05
CASGDYGGGYEQYFGPG	2e-05
CASGDYNQDTQYFGPG	2e-05
CASGDYRADTQYFGPG	2e-05
CASGDYRANSPLYFGEG	2e-05
CASGDYRGRYAEQFFGPG	2e-05
CASGDYTFGSG	2e-05
CASGDYWGAAPGQLYFGEG	2e-05
CASGDYWGGGLYFGAG	2e-05
CASGDYWGYAEQFFGPG	2e-05
CASGEAAKQKPLFFGKG	2e-05
CASGEAARQNTLYFGAG	2e-05
CASGEAGDGTGQLYFGEG	2e-05
CASGEAGKTYAEQFFGPG	2e-05
CASGEAGQFEQYFGPG	2e-05
CASGEAGQGETGQLYFGEG	2e-05
CASGEAGQGYTGQLYFGEG	2e-05
CASGEAGTGEDERLFFGHG	2e-05
CASGEALGEDTEVFFGKG	2e-05
CASGEAQGRYAEQFFGPG	2e-05
CASGEASQNTLYFGAG	2e-05
CASGEDKNTLYFGAG	2e-05
CASGEDKQDTQYFGPG	2e-05
CASGEDRGLAETLYFGSG	2e-05
CASGEDRGRAGNTLYFGEG	2e-05
CASGEDSQDTQYFGPG	2e-05
CASGEDSYNSPLYFGEG	2e-05
CASGEEGPNTEVFFGKG	2e-05
CASGEESSQNTLYFGAG	2e-05
CASGEFTGEDTQYFGPG	2e-05
CASGEGASSAETLYFGSG	2e-05
CASGEGAVEQYFGPG	2e-05
CASGEGDNNERLFFGHG	2e-05
CASGEGEKGCVSSFGSG	2e-05
CASGEGFLQNTLYFGAG	2e-05
CASGEGGESSYEQYFGPG	2e-05
CASGEGGKDNQAPLFGEG	2e-05
CASGEGGLSYEQYFGPG	2e-05
CASGEGGNSDYTFGSG	2e-05
CASGEGGYAEQFFGPG	2e-05
CASGEGKEVFFGKG	2e-05
CASGEGLEDTQYFGPG	2e-05
CASGEGLGGNTEVFFGKG	2e-05
CASGEGLGGVAEQFFGPG	2e-05
CASGEGLGGYAEQFFGPG	2e-05
CASGEGLNQDTQYFGPG	2e-05
CASGEGNERLFFGHG	2e-05
CASGEGPGGSAEQFFGPG	2e-05
CASGEGQGRGSDYTFGSG	2e-05
CASGEGRGDAEQFFGPG	2e-05
CASGEGRGTEVFFGKG	2e-05
CASGEGSNQDTQYFGPG	2e-05
CASGEGTGANSDYTFGSG	2e-05
CASGEGTGGSETLYFGSG	2e-05
CASGEGTGNTLYFGEG	2e-05
CASGEGWGFNQDTQYFGPG	4e-05
CASGELANQNTLYFGAG	2e-05
CASGELGGIYAEQFFGPG	2e-05
CASGELGGLNERLFFGHG	2e-05
CASGELGGPNAEQFFGPG	2e-05
CASGELGVEQYFGPG	2e-05
CASGEMNSDYTFGSG	2e-05
CASGENRGSTEVFFGKG	2e-05
CASGENRSNERLFFGHG	2e-05
CASGENWGDAEQFFGPG	2e-05
CASGEPGGAETLYFGSG	2e-05
CASGEPGGQNTLYFGAG	2e-05
CASGEPGLGSETLYFGSG	2e-05
CASGEPGQNTLYFGAG	2e-05
CASGEPGQQDTQYFGPG	2e-05
CASGEPGRQDTQYFGPG	2e-05
CASGEPSAETLYFGSG	2e-05
CASGEPSGGAEQFFGPG	2e-05
CASGEPTGEEVFFGKG	2e-05
CASGEPTGGAQNTLYFGAG	2e-05
CASGEPYNSPLYFGEG	2e-05
CASGEPYTSPLYFGEG	2e-05
CASGEQAETLYFGSG	2e-05
CASGEQDTQYFGPG	2e-05
CASGEQENTLYFGAG	2e-05
CASGEQGATLYFGEG	2e-05
CASGEQGPSYNSPLYFGEG	2e-05
CASGEQGREQYFGPG	2e-05
CASGEQGTNTEVFFGKG	2e-05
CASGEQGWQDTQYFGPG	2e-05
CASGEQKTNTEVFFGKG	2e-05
CASGEQTNTEVFFGKG	2e-05
CASGERAAREETLYFGSG	2e-05
CASGERDIYEQYFGPG	2e-05
CASGERDRADTQYFGPG	2e-05
CASGERDTGQLYFGEG	2e-05
CASGERGGVFFGKG	2e-05
CASGERKGRSEVFFGKG	2e-05
CASGERQADYAEQFFGPG	2e-05
CASGERQERLFFGHG	2e-05
CASGERQESSYEQYFGPG	2e-05
CASGERRSSAETLYFGSG	2e-05
CASGERTKANTEVFFGKG	2e-05
CASGERVSTEVFFGKG	2e-05
CASGESCEGPRALEQYFGPG	4e-05
CASGESGTGGQNTLYFGAG	2e-05
CASGESNNYAEQFFGPG	2e-05
CASGESWGSSYEQYFGPG	2e-05
CASGETAYQNTLYFGAG	2e-05
CASGETDQDTQYFGPG	2e-05
CASGETDTQYFGPG	2e-05
CASGETGGTNERLFFGHG	2e-05
CASGETGTINERLFFGHG	2e-05
CASGETGWNTEVFFGKG	2e-05
CASGETGYQDTQYFGPG	2e-05
CASGETLGKDTQYFGPG	2e-05
CASGETNSQNTLYFGAG	2e-05
CASGETTGPEQYFGPG	2e-05
CASGEVGAEQFFGPG	2e-05
CASGEVGTGDTEVFFGKG	2e-05
CASGEVLGANTGQLYFGEG	2e-05
CASGEVSAGNTLYFGEG	2e-05
CASGEWGSSYEQYFGPG	2e-05
CASGFPDWGEEQYFGPG	2e-05
CASGGAAPHQRLFFGHG	2e-05
CASGGAGDYFGEG	2e-05
CASGGAGGGWEVFGPG	2e-05
CASGGAGGNTLYFGAG	2e-05
CASGGAGGYAEQFFGPG	2e-05
CASGGAGQGAREQYFGPG	2e-05
CASGGAGTPNTGQLYFGEG	2e-05
CASGGANTGQLYFGEG	2e-05
CASGGAQDTQYFGPG	2e-05
CASGGARYTEVFFGKG	2e-05
CASGGATYAEQFFGPG	2e-05
CASGGDAETLYFGSG	2e-05
CASGGDCGTYQPYFGAG	2e-05
CASGGDFISNERLFFGHG	2e-05
CASGGDGYEQYFGPG	2e-05
CASGGDPGLGVQDTQYFGPG	2e-05
CASGGDRGDEQYFGPG	2e-05
CASGGDRGRGNTLYFGEG	2e-05
CASGGDRKSYEQYFGPG	2e-05
CASGGDRVQYFGPG	2e-05
CASGGDSAEVFFGKG	2e-05
CASGGDSNNQAPLFGEG	2e-05
CASGGDSTGQLYFGEG	2e-05
CASGGDWGDEQYFGPG	2e-05
CASGGDWGDTGQLYFGEG	2e-05
CASGGDWGGAEQFFGPG	2e-05
CASGGDWGGVAEQFFGPG	2e-05
CASGGDWGRAETLYFGSG	2e-05
CASGGEQGAGTEVFFGKG	2e-05
CASGGEQNERLFFGHG	2e-05
CASGGFNERLFFGHG	2e-05
CASGGGATYAEQFFGPG	2e-05
CASGGGEGDTQYFGPG	2e-05
CASGGGFFGEG	2e-05
CASGGGFFSWAVFGHG	2e-05
CASGGGGEGEQYFGPG	2e-05
CASGGGGGEPFSFGEG	2e-05
CASGGGGGNSYNSPLYFGEG	2e-05
CASGGGLGENTLYFGAG	2e-05
CASGGGLGGATQYFGPG	2e-05
CASGGGLGGDTQYFGPG	2e-05
CASGGGLGGLDAETLYFGSG	2e-05
CASGGGLGIYEQYFGPG	2e-05
CASGGGLGTYAEQFFGPG	2e-05
CASGGGLQDTQYFGPG	2e-05
CASGGGPLNQDTQYFGPG	4e-05
CASGGGQDNYAEQFFGPG	2e-05
CASGGGRATDTQYFGPG	2e-05
CASGGGRTNTLYFGAG	2e-05
CASGGGTGEVFFGKG	2e-05
CASGGGTGRSAETLYFGSG	2e-05
CASGGGTTDTLYFGAG	2e-05
CASGGGVSAETLYFGSG	2e-05
CASGGGWGGANTGQLYFGEG	2e-05
CASGGKHDTQYFGPG	2e-05
CASGGKKDTQYFGPG	2e-05
CASGGLGARSQNTLYFGAG	2e-05
CASGGLGDQYFGPG	2e-05
CASGGLGEETLYFGSG	2e-05
CASGGLGEGGDTQYFGPG	2e-05
CASGGLGGEAEQFFGPG	2e-05
CASGGLGLSYEQYFGPG	2e-05
CASGGLGVAETLYFGSG	2e-05
CASGGLGYKDTQYFGPG	2e-05
CASGGNAEQFFGPG	2e-05
CASGGNRTSGNTLYFGEG	2e-05
CASGGNYQNTLYFGAG	2e-05
CASGGPDRVAQYFGPG	2e-05
CASGGPEGLAEQFFGPG	2e-05
CASGGPENTLYFGAG	2e-05
CASGGPGANTGQLYFGEG	2e-05
CASGGPGQGADTQYFGPG	2e-05
CASGGPGQQDTQYFGPG	2e-05
CASGGPGSSAETLYFGSG	2e-05
CASGGPLGAEQFFGPG	2e-05
CASGGPNTEVFFGKG	2e-05
CASGGPQGQGKDTEVFFGKG	2e-05
CASGGPQNQDTQYFGPG	2e-05
CASGGPTEWDTQYFGPG	2e-05
CASGGPTGASQNTLYFGAG	2e-05
CASGGPTNTEVFFGKG	2e-05
CASGGQDKTGQLYFGEG	2e-05
CASGGQEHSGNTLYFGEG	2e-05
CASGGQGDTQYFGPG	2e-05
CASGGQGEQYFGPG	2e-05
CASGGQGEVFFGKG	2e-05
CASGGQGGDTQYFGPG	2e-05
CASGGQGLSYEQYFGPG	2e-05
CASGGQGRDTQYFGPG	2e-05
CASGGQGRTTGQLYFGEG	2e-05
CASGGQGWQDTQYFGPG	2e-05
CASGGQKSYEQYFGPG	2e-05
CASGGQNSYNSPLYFGEG	2e-05
CASGGQQAPLFGEG	2e-05
CASGGQSNTEVFFGKG	2e-05
CASGGQTRAETLYFGSG	2e-05
CASGGRAVNYAEQFFGPG	2e-05
CASGGRDSTNSDYTFGSG	2e-05
CASGGRDSYEQYFGPG	2e-05
CASGGRDWGGAEQFFGPG	2e-05
CASGGREEQYFGPG	2e-05
CASGGRETYAEQFFGPG	2e-05
CASGGRGISYEQYFGPG	2e-05
CASGGRGPAETLYFGSG	2e-05
CASGGRGRGDEQYFGPG	2e-05
CASGGRQGSYEQYFGPG	2e-05
CASGGRRQGGSAETLYFGSG	2e-05
CASGGSDRYNSPLYFGEG	2e-05
CASGGSGGGKTQYFGPG	2e-05
CASGGSRVANTEVFFGKG	2e-05
CASGGSTGGLFFGKG	2e-05
CASGGTAGETLYFGSG	2e-05
CASGGTANEQYFGPG	2e-05
CASGGTAQDTQYFGPG	2e-05
CASGGTFNQDTQYFGPG	2e-05
CASGGTGDSGNTLYFGEG	2e-05
CASGGTGEGKKVFFGKG	2e-05
CASGGTGGNTLYFGEG	2e-05
CASGGTGGRTQYFGPG	2e-05
CASGGTGGTNTGQLYFGEG	2e-05
CASGGTGGYNYAEQFFGPG	2e-05
CASGGTGLNTLYFGAG	2e-05
CASGGTGPSQNTLYFGAG	2e-05
CASGGTGSQNTLYFGAG	2e-05
CASGGTGSYEQYFGPG	2e-05
CASGGTGTSQNTLYFGAG	2e-05
CASGGTGVDERLFFGHG	4e-05
CASGGTGYDTEVFFGKG	2e-05
CASGGTISYEQYFGPG	2e-05
CASGGTKAETLYFGSG	2e-05
CASGGTPSYEQYFGPG	2e-05
CASGGTRYEQYFGPG	2e-05
CASGGTSSNTGQLYFGEG	2e-05
CASGGWAGDTQYFGPG	2e-05
CASGGWGRGKNTLYFGAG	2e-05
CASGGYSGNTLYFGEG	2e-05
CASGHDEQYFGPG	2e-05
CASGHKDTQYFGPG	2e-05
CASGHLGTSAETLYFGSG	2e-05
CASGHREDTQYFGPG	2e-05
CASGHRTNTEVFFGKG	2e-05
CASGHWGGAQQTLFFGKG	2e-05
CASGIDRDQDTQYFGPG	2e-05
CASGIGTSSAETLYFGSG	2e-05
CASGITGRRADYTFGSG	2e-05
CASGKGANTEVFFGKG	2e-05
CASGKGAYEQYFGPG	2e-05
CASGKGGNYAEQFFGPG	2e-05
CASGKINSDYTFGSG	2e-05
CASGLAAEQFFGPG	2e-05
CASGLARRTGQLYFGEG	2e-05
CASGLDGANTEVFFGKG	2e-05
CASGLDRGNTLYFGAG	2e-05
CASGLDTLYFGAG	2e-05
CASGLEANTLYFGAG	2e-05
CASGLGDYAEQFFGPG	2e-05
CASGLGFAETLYFGSG	2e-05
CASGLGGGDTQYFGPG	2e-05
CASGLGLRGAETLYFGSG	2e-05
CASGLGQGAREQYFGPG	2e-05
CASGLGTQTLYFGSG	2e-05
CASGLGTYEQYFGPG	2e-05
CASGLNANSDYTFGSG	2e-05
CASGLQGYEQYFGPG	2e-05
CASGLQVQDTQYFGPG	2e-05
CASGLRDRGPNERLFFGHG	2e-05
CASGLRGTSAETLYFGSG	2e-05
CASGLRTEVFFGKG	2e-05
CASGLTNTNSDYTFGSG	2e-05
CASGLTPNSDYTFGSG	2e-05
CASGMDRGRAETLYFGSG	2e-05
CASGMGESAETLYFGSG	2e-05
CASGMGGGAGATQYFGPG	2e-05
CASGMGTGGATLYFGSG	2e-05
CASGMPNTGQLYFGEG	2e-05
CASGMTGNSDYTFGSG	2e-05
CASGNEQYFGPG	2e-05
CASGNPGLPDTQYFGPG	2e-05
CASGNPGQGSNTLYFGEG	2e-05
CASGNRPSNERLFFGHG	2e-05
CASGNWGGEDEQYFGPG	2e-05
CASGNWGHQDTQYFGPG	2e-05
CASGPAWGQDTQYFGPG	2e-05
CASGPDNSQNTLYFGAG	2e-05
CASGPDRANSDYTFGSG	2e-05
CASGPDRGNSDYTFGSG	2e-05
CASGPDWGETLYFGSG	2e-05
CASGPETAEQFFGPG	2e-05
CASGPGDERLFFGHG	2e-05
CASGPGGRASAETLYFGSG	2e-05
CASGPGHTNTEVFFGKG	2e-05
CASGPGLGGYAEQFFGPG	2e-05
CASGPGNSDYTFGSG	2e-05
CASGPGPDAEQFFGPG	2e-05
CASGPGQGNGNTLYFGEG	2e-05
CASGPGQGTTEVFFGKG	2e-05
CASGPGQGYEQYFGPG	2e-05
CASGPGQGYTEVFFGKG	2e-05
CASGPGQYNSPLYFGEG	2e-05
CASGPGRTEVFFGKG	2e-05
CASGPGTGDTQYFGPG	2e-05
CASGPGTGGHEQYFGPG	2e-05
CASGPGTGGNTEVFFGKG	2e-05
CASGPGTGVSDYTFGSG	2e-05
CASGPGTGYEQYFGPG	2e-05
CASGPLRGGSDYTFGSG	2e-05
CASGPLTGEGVFFGKG	2e-05
CASGPNRENSPLYFGEG	2e-05
CASGPQGGAETLYFGSG	2e-05
CASGPQYSQNTLYFGAG	2e-05
CASGPRDRDAEQFFGPG	2e-05
CASGPRGASTGQLYFGEG	2e-05
CASGPRGNTEVFFGKG	2e-05
CASGPRGPYEQYFGPG	2e-05
CASGPTEVFFGKG	2e-05
CASGPTGASYEQYFGPG	2e-05
CASGPTGPFNQDTQYFGPG	2e-05
CASGPTGTQDTQYFGPG	2e-05
CASGQAGGSAETLYFGSG	2e-05
CASGQASNTEVFFGKG	2e-05
CASGQGHSGNTLYFGEG	2e-05
CASGQGNSDYTFGSG	2e-05
CASGQGNTGQLYFGEG	2e-05
CASGQGQNTLYFGAG	2e-05
CASGQGRSNQAPLFGEG	2e-05
CASGQNSQNTLYFGAG	2e-05
CASGQPQGSNERLFFGHG	4e-05
CASGQSETLYFGSG	2e-05
CASGQSSGNTLYFGEG	2e-05
CASGQTGTNSDYTFGSG	2e-05
CASGQTLYFGSG	2e-05
CASGRAQNTLYFGAG	2e-05
CASGRDNSYEQYFGPG	2e-05
CASGRDRANTEVFFGKG	2e-05
CASGRDRDAEQFFGPG	2e-05
CASGRDREGEQYFGPG	2e-05
CASGRDRGFRNTLYFGEG	2e-05
CASGRDRGNQDTQYFGPG	2e-05
CASGRDSFTQYFGPG	2e-05
CASGRDSGDTQYFGPG	2e-05
CASGRDWDSQNTLYFGAG	2e-05
CASGRDWGPQDTQYFGPG	2e-05
CASGRGDRAEQFFGPG	2e-05
CASGRGDTGQLYFGEG	2e-05
CASGRGERLFFGHG	2e-05
CASGRGEVFFGKG	2e-05
CASGRGGENTLYFGAG	2e-05
CASGRGGERLFFGHG	2e-05
CASGRGGGGHFFGEG	2e-05
CASGRGGVFVVGFFGEG	2e-05
CASGRGKKGQLYFGEG	2e-05
CASGRGLGGYEQYFGPG	2e-05
CASGRGNNERLFFGHG	2e-05
CASGRGQNTLYFGAG	2e-05
CASGRLEQDTQYFGPG	2e-05
CASGRLGDTQYFGPG	2e-05
CASGRLGDYEQYFGPG	2e-05
CASGRLGGGAETLYFGSG	2e-05
CASGRLGGQDTQYFGPG	2e-05
CASGRNTEVFFGKG	2e-05
CASGRPDSGNTLYFGEG	2e-05
CASGRQDERLFFGHG	2e-05
CASGRQGANTLYFGAG	2e-05
CASGRQGATEVFFGKG	2e-05
CASGRQPETLYFGSG	2e-05
CASGRQRSQNTLYFGAG	2e-05
CASGRTANERLFFGHG	2e-05
CASGRTEAEQFFGPG	2e-05
CASGRTGGQNTLYFGAG	2e-05
CASGRTGQHPQYFGPG	2e-05
CASGRTGSSSYEQYFGPG	2e-05
CASGSDRTEQYFGPG	2e-05
CASGSGAETLYFGSG	2e-05
CASGSGGGTQYFGPG	2e-05
CASGSGGYAEQFFGPG	2e-05
CASGSGLGNTLYFGAG	2e-05
CASGSGTGNTGQLYFGEG	2e-05
CASGSGTGVGRLFFGHG	2e-05
CASGSGTGVNQAPLFGEG	2e-05
CASGSGTSNERLFFGHG	2e-05
CASGSNTEVFFGKG	2e-05
CASGSPDTQYFGPG	2e-05
CASGSRDNYAEQFFGPG	2e-05
CASGSRDRSYEQYFGPG	2e-05
CASGSRQGRDTQYFGPG	2e-05
CASGSRVSYCGNTLYFGEG	2e-05
CASGSRVSYCGQWQRNAEQFFGPG	2e-05
CASGSSSYEQYFGPG	2e-05
CASGSSYNSPLYFGEG	2e-05
CASGSTGASAETLYFGSG	2e-05
CASGSVGSDYTFGSG	2e-05
CASGTAGQSTEVFFGKG	2e-05
CASGTASYEQYFGPG	2e-05
CASGTDQNTLYFGAG	2e-05
CASGTDRYSYNSPLYFGEG	2e-05
CASGTGAANERLFFGHG	2e-05
CASGTGFNERLFFGHG	2e-05
CASGTGGAETLYFGSG	2e-05
CASGTGGARDTQYFGPG	2e-05
CASGTGGGTEVFFGKG	2e-05
CASGTGGRNTLYFGAG	2e-05
CASGTGGYNSPLYFGEG	2e-05
CASGTGLVDTEVFFGKG	2e-05
CASGTGPGNTLYFGEG	2e-05
CASGTGQGNERLFFGHG	2e-05
CASGTGQHEQYFGPG	2e-05
CASGTGRRSPLYFGEG	2e-05
CASGTGSEVFFGKG	2e-05
CASGTGSSQNTLYFGAG	2e-05
CASGTLGGREQYFGPG	2e-05
CASGTPYAEQFFGPG	2e-05
CASGTRNTEVFFGKG	2e-05
CASGTSAGASDYTFGSG	2e-05
CASGTSYEQYFGPG	2e-05
CASGTTGGTTLYFGEG	2e-05
CASGTTGYTGQLYFGEG	2e-05
CASGTTNTGQLYFGEG	2e-05
CASGVAARQNTLYFGAG	2e-05
CASGVAGETLYFGSG	2e-05
CASGVAGGDAEVFFGKG	2e-05
CASGVASAETLYFGSG	2e-05
CASGVDRAPTLYFGAG	2e-05
CASGVDRGRDERLFFGHG	2e-05
CASGVDRNYAEQFFGPG	2e-05
CASGVDRVNLRLYFGEG	2e-05
CASGVDTNQAPLFGEG	2e-05
CASGVENCDYPQDTQYFGPG	2e-05
CASGVFLYAEQFFGPG	2e-05
CASGVGGETNSDYTFGSG	2e-05
CASGVGGKEVGLFFGKG	2e-05
CASGVGGNYAEQFFGPG	2e-05
CASGVGLGGGETLYFGSG	2e-05
CASGVGLGYYAEQFFGPG	2e-05
CASGVGQYSYNSPLYFGEG	2e-05
CASGVGRVDPEVFFGKG	4e-05
CASGVGTDAEQFFGPG	2e-05
CASGVGTGANSDYTFGSG	2e-05
CASGVGTLQAPLFGEG	2e-05
CASGVGTSAETLYFGSG	2e-05
CASGVKDTQYFGPG	2e-05
CASGVKVSNERLFFGHG	2e-05
CASGVLSREQYFGPG	2e-05
CASGVPGNTQYFGPG	2e-05
CASGVPGQGDTQYFGPG	2e-05
CASGVPPLYFGEG	2e-05
CASGVRARKTLQLYFGPG	2e-05
CASGVRLAEETLYFGSG	2e-05
CASGVRSYEQYFGPG	2e-05
CASGVTISGNTLYFGEG	2e-05
CASGVTVYEQYFGPG	2e-05
CASGVWGGENTLYFGAG	2e-05
CASGVWGRSYEQYFGPG	2e-05
CASGVYNSPLYFGEG	2e-05
CASGVYSAETLYFGSG	2e-05
CASGWAVSNERLFFGHG	2e-05
CASGWGGGGETLYFGSG	2e-05
CASGWTASSYEQYFGPG	2e-05
CASGYANTGQLYFGEG	2e-05
CASGYPGGQNTLYFGAG	2e-05
CASGYRANTGQLYFGEG	2e-05
CASGYRASNERLFFGHG	2e-05
CASGYRGGGDTLYFGEG	2e-05
CASGYTFGSG	2e-05
CASGYTGTENTEVFFGKG	2e-05
CASGYWEQNTLYFGAG	2e-05
CASHKNTLYFGAG	2e-05
CASHNANSDYTFGSG	2e-05
CASIAGQQAPLFGEG	2e-05
CASICGQPNTEVFFGKG	2e-05
CASIDLGNSDYTFGSG	2e-05
CASIDRDDTGQLYFGEG	2e-05
CASIDRRDSGNTLYFGEG	2e-05
CASIDRYSDYTFGSG	2e-05
CASIDWANQAPLFGEG	2e-05
CASIDWGTYAEQFFGPG	2e-05
CASIEEGSPSGNTLYFGEG	2e-05
CASIEGDYAEQFFGPG	2e-05
CASIEGGNSPLYFGEG	2e-05
CASIFAWGNTLYFGAG	2e-05
CASIFGGTTEVFFGKG	2e-05
CASIFGLGAETLYFGSG	2e-05
CASIFGQAIAVFFGKG	2e-05
CASIFLDTTEVFFGKG	2e-05
CASIFLPGNPPFGSG	2e-05
CASIFQGNTEVFFGKG	4e-05
CASIFSQAPLFGEG	2e-05
CASIFTDYNSPLYFGEG	2e-05
CASIFTMQNTLYFGAG	2e-05
CASIFTNTGQLYFGEG	2e-05
CASIGGAETLYFGSG	2e-05
CASIHDNTEVFFGKG	2e-05
CASIHGAYAEQFFGPG	2e-05
CASIHGGAQDTQYFGPG	2e-05
CASIHGPTNTEVFFGKG	2e-05
CASIHGRNTEVFFGKG	2e-05
CASIHGTGSAQFFGPG	2e-05
CASIHLGGRSYEQYFGPG	2e-05
CASIHNQTEVFFGKG	2e-05
CASIHNRGSPETLYFGSG	2e-05
CASIHRQKKDTQYFGPG	2e-05
CASIHSGGPTQYFGPG	2e-05
CASIHTLANQDTQYFGPG	2e-05
CASIHYTFGSG	2e-05
CASIIDSAETLYFGSG	2e-05
CASIIGTHLLYFGAG	2e-05
CASIKAGGARQNTLYFGAG	2e-05
CASIKRLAIPALYFGSG	2e-05
CASILAGGSGEQYFGPG	2e-05
CASILDGGSQNTLYFGAG	2e-05
CASILDTGAEVFFGKG	2e-05
CASILDWGGSYEQYFGPG	2e-05
CASILEGSGNTLYFGEG	2e-05
CASILEQNTEVFFGKG	2e-05
CASILGAEQFFGPG	2e-05
CASILGLRRPGNTLYFGEG	2e-05
CASILGPSFGNTLYFGEG	2e-05
CASILKASSGNTLYFGEG	2e-05
CASILKLGNTLYFGAG	2e-05
CASILKNTEVFFGKG	2e-05
CASILLGGRPDTQYFGPG	2e-05
CASILLGPIQNTLYFGAG	2e-05
CASILLTRAETLYFGSG	2e-05
CASILNWGGSEQFFGPG	2e-05
CASILPFRDRGYAEQFFGPG	2e-05
CASILPFSNERLFFGHG	2e-05
CASILQFSNERLFFGHG	2e-05
CASILQISNERLFFGHG	2e-05
CASILQPSDYTFGSG	2e-05
CASILQSNTEVFFGKG	2e-05
CASILRDDYEQYFGPG	2e-05
CASILRDRSEERLFFGHG	2e-05
CASILRGAYEQYFGPG	2e-05
CASILRGTNPQYFGPG	2e-05
CASILSGGPHTLYFGAG	2e-05
CASILSPGEDTQYFGPG	2e-05
CASILTQNNERLFFGHG	2e-05
CASILVRSDYTFGSG	2e-05
CASILWPGSTQAPLFGEG	2e-05
CASINGANTLYFGAG	2e-05
CASINNADQDTQYFGPG	2e-05
CASINNPTIPYEQYFGPG	2e-05
CASINRASYEQYFGPG	2e-05
CASINRISGNTLYFGEG	2e-05
CASINRPTYEQYFGPG	2e-05
CASIPAWGRRQNTLYFGAG	2e-05
CASIPDRTSQNTLYFGAG	2e-05
CASIPDSGNTLYFGEG	2e-05
CASIPDWGGPETLYFGSG	2e-05
CASIPGAYEQYFGPG	2e-05
CASIPGGAREQYFGPG	2e-05
CASIPGTANTGQLYFGEG	2e-05
CASIPNRANSPLYFGEG	2e-05
CASIPNTEVFFGKG	2e-05
CASIPNTSGNTLYFGEG	2e-05
CASIPPGANTGQLYFGEG	2e-05
CASIPRTANSDYTFGSG	2e-05
CASIPTGGARWDTQYFGPG	4e-05
CASIQATQDTQYFGPG	2e-05
CASIQAWEPYAEQFFGPG	2e-05
CASIQDNNQAPLFGEG	2e-05
CASIQGAETLYFGSG	2e-05
CASIQGRAETLYFGSG	2e-05
CASIQGTAYTEVFFGKG	2e-05
CASIQKRAGRQLYFGEG	2e-05
CASIQQAPLFGEG	2e-05
CASIQQGEKQYFGPG	2e-05
CASIQQGTEVFFGKG	2e-05
CASIQSLANQDTQYFGPG	2e-05
CASIQSLTNQDTQYFGPG	2e-05
CASIQTFGEG	2e-05
CASIQTGGAPDTQYFGPG	2e-05
CASIQTGTNNQAPLFGEG	2e-05
CASIQTLANQDTQYFGPG	2e-05
CASIQVGANYAEQFFGPG	2e-05
CASIRGRTSDYTFGSG	2e-05
CASIRLGRTEVFFGKG	2e-05
CASIRQRTQDTQYFGPG	2e-05
CASIRRGPNERLFFGHG	2e-05
CASIRTGGSDYTFGSG	2e-05
CASISDREQYFGPG	2e-05
CASISFYYTLYFGAG	2e-05
CASISGPTNEQYFGPG	2e-05
CASISPPTDTQYFGPG	2e-05
CASISPQGGADYTFGSG	2e-05
CASISRRDTQYFGPG	2e-05
CASISSAGAETLYFGSG	2e-05
CASITGTYNQAPLFGEG	2e-05
CASITGVANTGQLYFGEG	2e-05
CASIWGLGNDTQYFGPG	2e-05
CASIWGTGERAEQFFGPG	2e-05
CASIWNSSGNTLYFGEG	2e-05
CASIWRNIYAEQFFGPG	2e-05
CASIWSSQNTLYFGAG	2e-05
CASIWTGGVPAEQFFGPG	2e-05
CASIYGPATEVFFGKG	2e-05
CASIYGPSNTLYFGAG	2e-05
CASIYGQGARAPLFGEG	2e-05
CASIYIGQNTLYFGAG	2e-05
CASIYIKSSYEQYFGPG	2e-05
CASIYNPNSDYTFGSG	2e-05
CASIYPANSDYTFGSG	2e-05
CASIYPLYEQYFGPG	2e-05
CASIYQANTEVFFGKG	4e-05
CASIYQGAQDTQYFGPG	2e-05
CASIYRALVGDTQYFGPG	2e-05
CASIYRGDNSDYTFGSG	2e-05
CASIYRPRKHTLYFGAG	2e-05
CASIYRPSISPLYFGEG	2e-05
CASIYSEQYFGPG	2e-05
CASIYSNQDTQYFGPG	2e-05
CASIYSRLDTQYFGPG	2e-05
CASIYSWEDPLYFGSG	2e-05
CASIYTGGQYEQYFGPG	2e-05
CASIYTPLGPNTQYFGPG	2e-05
CASIYWHQDTQYFGPG	2e-05
CASIYWNTQYFGPG	2e-05
CASKAWGKVSRFFGHG	2e-05
CASKDRASGNTLYFGEG	2e-05
CASKDRLSNERLFFGHG	2e-05
CASKDWGGYEQYFGPG	2e-05
CASKDWGVSYEQYFGPG	2e-05
CASKERDFNYAEQFFGPG	2e-05
CASKGDINERLFFGHG	2e-05
CASKGHSGNTLYFGEG	2e-05
CASKGLGGVEQYFGPG	2e-05
CASKGLSSYEQYFGPG	2e-05
CASKGPSNSDYTFGSG	2e-05
CASKGQGARDTQYFGPG	2e-05
CASKGTGGVTYEQYFGPG	2e-05
CASKHRADNSPLYFGAG	2e-05
CASKIQANTEVFFGKG	2e-05
CASKLGGRGAETLYFGSG	2e-05
CASKLWDNYAEQFFGPG	2e-05
CASKNQDTQYFGPG	2e-05
CASKPGETLYFGSG	2e-05
CASKPGLGPSQNTLYFGAG	2e-05
CASKPGQDNNQAPLFGEG	2e-05
CASKQGARNTGQLYFGEG	2e-05
CASKRDKNSPLYFGEG	2e-05
CASKRGSAETLYFGSG	2e-05
CASKRQGAETLYFGSG	2e-05
CASKRTAPTPKADAVFFGKG	2e-05
CASKRTGDTEVFFGKG	2e-05
CASKTGAQNTLYFGAG	2e-05
CASKTGDNQAPLFGEG	2e-05
CASKTGGAGSSGNTLYFGEG	2e-05
CASKTGGDEQYFGPG	2e-05
CASKTGGEAMLYFGSG	2e-05
CASKTGGEDTQYFGPG	2e-05
CASKTGGSETLYFGSG	2e-05
CASKTGTGGFGQLYFGEG	2e-05
CASKTGVAPLFGEG	2e-05
CASKTTNSDYTFGSG	2e-05
CASKYFGSG	2e-05
CASLDWGGETLYFGSG	2e-05
CASLEGYSDYTFGSG	2e-05
CASLEQPNTEVFFGKG	2e-05
CASLGGYEQYFGPG	2e-05
CASLGRQNTLYFGAG	2e-05
CASLLSDKTTGQLYFGEG	2e-05
CASLQAAGATEVFFGKG	2e-05
CASLRTGGSAEQFFGPG	2e-05
CASLTGGANTGQLYFGEG	2e-05
CASLTPNSDYTFGSG	2e-05
CASLVTEFSNERLFFGHG	2e-05
CASLYWGATGQLYFGEG	2e-05
CASMAQSNTEVFFGKG	2e-05
CASMDNATTEQFFGPG	2e-05
CASMDNNNQAPLFGEG	2e-05
CASMDRASQNTLYFGAG	2e-05
CASMEGSSYEQYFGPG	2e-05
CASMERRTGRNERLFFGHG	2e-05
CASMGQRNTEVFFGKG	2e-05
CASMGSRTDTQYFGPG	2e-05
CASMNSPLYFGEG	2e-05
CASMRTGSANTGQLYFGEG	2e-05
CASMTGANTGQLYFGEG	2e-05
CASMTGPNTEVFFGKG	2e-05
CASMWRPATDYTFGSG	2e-05
CASNDSYNSPLYFGEG	2e-05
CASNFGSG	2e-05
CASNGGDSDYTFGSG	2e-05
CASNGGKQNTLYFGAG	2e-05
CASNGGNQDTQYFGPG	2e-05
CASNGVNYAEQFFGPG	2e-05
CASNIRAGPDTQYFGPG	2e-05
CASNKGGYNYAEQFFGPG	2e-05
CASNLDWGDTGQLYFGEG	2e-05
CASNLPGGQNTLYFGAG	2e-05
CASNNRDEQYFGPG	2e-05
CASNNWGSSYEQYFGPG	2e-05
CASNPDSSGNTLYFGEG	2e-05
CASNPGQYEQYFGPG	2e-05
CASNPLSRRNTLYFGAG	2e-05
CASNPRDWDAEQFFGPG	2e-05
CASNQAPLFGEG	2e-05
CASNQGSAETLYFGSG	2e-05
CASNRDNQAPLFGEG	2e-05
CASNRDRGLEQYFGPG	2e-05
CASNREQDTQYFGPG	2e-05
CASNRFPVTEVFFGKG	2e-05
CASNRGDTGQLYFGEG	2e-05
CASNRGPGNTLYFGEG	2e-05
CASNRLGNTLYFGEG	2e-05
CASNRNQDTQYFGPG	2e-05
CASNRVSAETLYFGSG	2e-05
CASNSGDQDTQYFGPG	2e-05
CASNSGTNQAPLFGEG	2e-05
CASNSGTNTEVFFGKG	2e-05
CASNSGTSAETLYFGSG	2e-05
CASNSRQNTGQLYFGEG	2e-05
CASNTRGTGQLYFGEG	2e-05
CASNTWGVAEQFFGPG	2e-05
CASNYREWYAEQFFGPG	2e-05
CASPAPRPAETLYFGSG	2e-05
CASPARDSLSNERLFFGHG	2e-05
CASPGGRRNTEVFFGKG	2e-05
CASPGTLNERLFFGHG	2e-05
CASPKRTNSDYTFGSG	2e-05
CASPLGASYEQYFGPG	2e-05
CASPNQAPLFGEG	2e-05
CASPPGRISNERLFFGHG	2e-05
CASPPTPNTGQLYFGEG	2e-05
CASPRRLGGPPANHFGPG	2e-05
CASQDNSAETLYFGSG	2e-05
CASQGRGNERLFFGHG	2e-05
CASQQGRNTEVFFGKG	2e-05
CASQTGGALEQYFGPG	2e-05
CASQTGGRAETLYFGSG	2e-05
CASQTGNYAEQFFGPG	2e-05
CASRAAGAGTEVFFGKG	2e-05
CASRADWGVYEQYFGPG	2e-05
CASRADYTFGSG	2e-05
CASRAEKCDSTVEQFFGPG	2e-05
CASRAGDSYEQYFGPG	2e-05
CASRAGLLKYAEQFFGPG	2e-05
CASRAGTGGTGQLYFGEG	2e-05
CASRAGTGVGNTLYFGEG	2e-05
CASRAGTKNSDYTFGSG	2e-05
CASRALGGAHEQYFGPG	2e-05
CASRAQGAEAEQFFGPG	2e-05
CASRARTSAETLYFGSG	2e-05
CASRASTGRNSPLYFGEG	2e-05
CASRATGAYEQYFGPG	2e-05
CASRATGDQDTQYFGPG	2e-05
CASRATGNTEVFFGKG	2e-05
CASRDAYKRLFFGHG	2e-05
CASRDEHPNTEVFFGKG	2e-05
CASRDENTLYFGAG	2e-05
CASRDGTGNQDTQYFGPG	2e-05
CASRDHRGSTTEVFFGKG	2e-05
CASRDKSQNTLYFGAG	2e-05
CASRDKVSGNTLYFGEG	2e-05
CASRDKYEQYFGPG	2e-05
CASRDMNSGNTLYFGEG	2e-05
CASRDNSYEQYFGPG	2e-05
CASRDPNSDYTFGSG	2e-05
CASRDPNYAEQFFGPG	2e-05
CASRDRATGQLYFGEG	2e-05
CASRDRETEVFFGKG	2e-05
CASRDRGAGQLYFGEG	2e-05
CASRDRNANSDYTFGSG	2e-05
CASRDRRDAETLYFGSG	2e-05
CASRDRRGSDYTFGSG	2e-05
CASRDRRRAETLYFGSG	2e-05
CASRDSGGRDTQYFGPG	2e-05
CASRDSWGTRTGQLYFGEG	2e-05
CASRDTGTGDERLFFGHG	2e-05
CASRDTPANSDYTFGSG	2e-05
CASRDTYNNQAPLFGEG	2e-05
CASRDWCEQYFGPG	2e-05
CASRDWDQDTQYFGPG	2e-05
CASRDWGANQDTQYFGPG	2e-05
CASRDWGEDTLYFGAG	2e-05
CASRDWGKNTLYFGAG	2e-05
CASRDWGTSQNTLYFGAG	2e-05
CASRDWGVNTLYFGAG	2e-05
CASRDWSSYEQYFGPG	2e-05
CASRDYAETLYFGSG	2e-05
CASREASSDYTFGSG	2e-05
CASREDWVNQDTQYFGPG	2e-05
CASREEYSDYTFGSG	2e-05
CASREGGRPQYFGPG	2e-05
CASREGVYAEQFFGPG	2e-05
CASRELGGNQDTQYFGPG	2e-05
CASRENNYAEQFFGPG	2e-05
CASRERVGDTQYFGPG	2e-05
CASRETANSDYTFGSG	2e-05
CASRETENSGNTLYFGEG	2e-05
CASRETGGEDTQYFGPG	2e-05
CASREWTPLFFGKG	2e-05
CASREYSQNTLYFGAG	2e-05
CASRFGDKKEQFFGPG	2e-05
CASRFGGSETLYFGSG	2e-05
CASRFGGWGAETLYFGSG	2e-05
CASRFQGAAETLYFGSG	2e-05
CASRFQGQDTQYFGPG	2e-05
CASRFTGGARTGQLYFGEG	2e-05
CASRFTGWEQYFGPG	2e-05
CASRGAENTLYFGAG	2e-05
CASRGAWGSCEHYFGAG	2e-05
CASRGDSDYTFGSG	2e-05
CASRGDWGGVETLYFGSG	2e-05
CASRGDWGLEQYFGPG	2e-05
CASRGGDQDTQYFGPG	2e-05
CASRGGDTQYFGPG	2e-05
CASRGGGGSGRVLFGAG	2e-05
CASRGGVYEKNSGFGSG	2e-05
CASRGHIEDTQYFGPG	2e-05
CASRGKFSYEQYFGPG	2e-05
CASRGLGYNQDTQYFGPG	2e-05
CASRGLRGSAETLYFGSG	2e-05
CASRGPQDTQYFGPG	2e-05
CASRGPYEQYFGPG	2e-05
CASRGQAQDTQYFGPG	2e-05
CASRGQDGGNTLYFGEG	2e-05
CASRGQGDSGNTLYFGEG	2e-05
CASRGQGDTEVFFGKG	2e-05
CASRGQGHTEVFFGKG	2e-05
CASRGQGSSYEQYFGPG	2e-05
CASRGQGTGQLYFGEG	2e-05
CASRGQQDTQYFGPG	2e-05
CASRGQRFGNTLYFGEG	2e-05
CASRGQTSQNTLYFGAG	2e-05
CASRGRGGFFGKG	2e-05
CASRGSSQTLYFGSG	2e-05
CASRGTAPNTGQLYFGEG	2e-05
CASRGTDNNQAPLFGEG	2e-05
CASRGTDTEVFFGKG	2e-05
CASRGTEEAPLFGEG	2e-05
CASRGTGDNSPLYFGEG	2e-05
CASRGTGESKDTQYFGPG	2e-05
CASRGTGGARDTLYFGAG	2e-05
CASRGTGGPNTQYFGPG	2e-05
CASRGTGGRSSYEQYFGPG	2e-05
CASRGTGKEQYFGPG	2e-05
CASRGTGKTEVFFGKG	2e-05
CASRGTGRNTLYFGAG	2e-05
CASRGTGVGTEVFFGKG	2e-05
CASRGTGWNTLYFGAG	2e-05
CASRGTNANTEVFFGKG	2e-05
CASRGTNSDYTFGSG	2e-05
CASRGTSAETLYFGSG	2e-05
CASRGTSEVFFGKG	2e-05
CASRGTSSQNTLYFGAG	2e-05
CASRGTTSQNTLYFGAG	2e-05
CASRGVANTEVFFGKG	2e-05
CASRGVGNERLFFGHG	2e-05
CASRGYEQYFGPG	2e-05
CASRHDLGHNQAPLFGEG	2e-05
CASRHDRSDAYTFGSG	2e-05
CASRHPRGEAETLYFGSG	2e-05
CASRHRDEQYFGPG	2e-05
CASRHRDRPNERLFFGHG	2e-05
CASRHRGEVFFGKG	2e-05
CASRHRGGDTQYFGPG	2e-05
CASRHRGSSAETLYFGSG	2e-05
CASRHRQGNQDTQYFGPG	2e-05
CASRIAETLYFGSG	2e-05
CASRIDLNSPLYFGEG	2e-05
CASRIGGSNERLFFGHG	2e-05
CASRIGTGSQNTLYFGAG	2e-05
CASRIKDSGNTLYFGEG	2e-05
CASRITWGPGQLYFGEG	2e-05
CASRKDRGDTQYFGPG	2e-05
CASRKDTNTEVFFGKG	2e-05
CASRKEPNTEVFFGKG	2e-05
CASRKGRRTNERLFFGHG	2e-05
CASRKTGDQNTLYFGAG	2e-05
CASRKTGGTGQLYFGEG	2e-05
CASRLARQETLYFGSG	2e-05
CASRLDKYEQYFGPG	2e-05
CASRLEDNSPLYFGEG	2e-05
CASRLEETQNTLYFGAG	2e-05
CASRLEFNSDYTFGSG	2e-05
CASRLGAEQFFGPG	2e-05
CASRLGEEQFFGPG	2e-05
CASRLGGAQDTQYFGPG	2e-05
CASRLGGGKHTQYFGPG	2e-05
CASRLGGGRAETLYFGSG	2e-05
CASRLGGGSYEQYFGPG	2e-05
CASRLGGQGTGQLYFGEG	2e-05
CASRLGGSAEQFFGPG	2e-05
CASRLGNSDYTFGSG	2e-05
CASRLLGGREQYFGPG	2e-05
CASRLLRANLYFGSG	2e-05
CASRLPGGAIDTQYFGPG	2e-05
CASRLQGWYAEQFFGPG	2e-05
CASRLQGYEQYFGPG	2e-05
CASRLRDGYAEQFFGPG	2e-05
CASRLRQYEQYFGPG	2e-05
CASRLRSAETLYFGSG	2e-05
CASRLSGAEQFFGPG	2e-05
CASRMAAEVFFGKG	2e-05
CASRMGGQDTQYFGPG	2e-05
CASRMTGGYAEQFFGPG	2e-05
CASRNGTGQNTLYFGAG	2e-05
CASRNIANTEVFFGKG	2e-05
CASRNRESQDTQYFGPG	2e-05
CASRNRGSAETLYFGSG	2e-05
CASRNRVAETLYFGSG	2e-05
CASRNTGQLYFGEG	2e-05
CASRPAQGTSPLYFGEG	2e-05
CASRPDQAPLFGEG	2e-05
CASRPDWSYEQYFGPG	2e-05
CASRPERGETLYFGSG	4e-05
CASRPGGTEVFFGKG	4e-05
CASRPGHYNNQAPLFGEG	2e-05
CASRPGIYAEQFFGPG	2e-05
CASRPGLEGEQYFGPG	2e-05
CASRPGLGADTQYFGPG	2e-05
CASRPGLGGNTGQLYFGEG	2e-05
CASRPGLGGQDTQYFGPG	2e-05
CASRPGLGGRWQDTQYFGPG	2e-05
CASRPGLGVNQDTQYFGPG	2e-05
CASRPGQGREVFFGKG	2e-05
CASRPGQNTLYFGAG	2e-05
CASRPGQSNTEVFFGKG	2e-05
CASRPGTGDSAETLYFGSG	2e-05
CASRPGTGNSDYTFGSG	2e-05
CASRPGTGRGNTEVFFGKG	2e-05
CASRPGTSAETLYFGSG	2e-05
CASRPNRARDTGQLYFGEG	2e-05
CASRPPGQTNERLFFGHG	2e-05
CASRPQGSGNTLYFGEG	2e-05
CASRPRDEQYFGPG	2e-05
CASRPRDQDTQYFGPG	2e-05
CASRPRSQNTSDYTFGSG	2e-05
CASRPRTGEDTQYFGPG	2e-05
CASRPRVRNYAEQFFGPG	2e-05
CASRPTGERQFFGPG	2e-05
CASRPTGPGNTEVFFGKG	2e-05
CASRPTWAETLYFGSG	2e-05
CASRPVLGGNTGQLYFGEG	2e-05
CASRPWGAGNTLYFGAG	2e-05
CASRPWGTNERLFFGHG	2e-05
CASRPYGASAETLYFGSG	2e-05
CASRQAEQFFGPG	2e-05
CASRQAGSGNTLYFGEG	2e-05
CASRQAPLFGEG	2e-05
CASRQDGGEVFFGKG	2e-05
CASRQEEVFFGKG	2e-05
CASRQFQDTQYFGPG	2e-05
CASRQGAEQYFGPG	2e-05
CASRQGANNQAPLFGEG	2e-05
CASRQGAQNTLYFGAG	2e-05
CASRQGASSYEQYFGPG	2e-05
CASRQGASYNSPLYFGEG	2e-05
CASRQGENTEVFFGKG	2e-05
CASRQGEVNSPLYFGEG	2e-05
CASRQGIQDTQYFGPG	4e-05
CASRQGNNSPLYFGEG	2e-05
CASRQGNTLYFGEG	2e-05
CASRQGPNERLFFGHG	2e-05
CASRQGQYEQYFGPG	2e-05
CASRQGRIERLFFGHG	2e-05
CASRQGSYEQYFGPG	2e-05
CASRQGSYFGEG	2e-05
CASRQGTYNSPLYFGEG	2e-05
CASRQHQNTLYFGAG	2e-05
CASRQINQDTQYFGPG	2e-05
CASRQLPEDTQYFGPG	2e-05
CASRQPGHNDVQYFGPG	2e-05
CASRQPGTGRQNTLYFGAG	2e-05
CASRQPSYEQYFGPG	2e-05
CASRQQNYAEQFFGPG	2e-05
CASRQTGQLYFGEG	2e-05
CASRQVANSDYTFGSG	2e-05
CASRQVGLGGREQYFGPG	2e-05
CASRQYSYNSPLYFGEG	2e-05
CASRRAGYEQYFGPG	2e-05
CASRRDGRYEQYFGPG	2e-05
CASRRDKNTEVFFGKG	2e-05
CASRRDNSAETLYFGSG	2e-05
CASRRDRANTEVFFGKG	2e-05
CASRRDRDTGQLYFGEG	2e-05
CASRRDRGAEQFFGPG	2e-05
CASRRDRGNTGQLYFGEG	2e-05
CASRRDRGRDTQYFGPG	2e-05
CASRRDRKNTLYFGAG	2e-05
CASRRDRNTLYFGAG	2e-05
CASRRDRYAEQFFGPG	2e-05
CASRRDRYEQYFGPG	2e-05
CASRRDRYYAEQFFGPG	2e-05
CASRRDWGGTQYFGPG	2e-05
CASRRENNSPLYFGEG	2e-05
CASRRENTLYFGAG	2e-05
CASRRGAETLYFGSG	2e-05
CASRRGENTLYFGAG	2e-05
CASRRGGEGTEVFFGKG	2e-05
CASRRGLGGTQNTLYFGAG	2e-05
CASRRGQDTQYFGPG	2e-05
CASRRGTGSNERLFFGHG	2e-05
CASRRGTNERLFFGHG	2e-05
CASRRGWGDQDTQYFGPG	2e-05
CASRRGYYAEQFFGPG	2e-05
CASRRHLNTEVFFGKG	2e-05
CASRRLAGRSYEQYFGPG	2e-05
CASRRLDSSAETLYFGSG	2e-05
CASRRLGEQDTQYFGPG	2e-05
CASRRLGGANTGQLYFGEG	2e-05
CASRRLGVFEQYFGPG	2e-05
CASRRPGGPETLYFGSG	2e-05
CASRRQDYEQYFGPG	2e-05
CASRRQGDDTQYFGPG	2e-05
CASRRQGGASQNTLYFGAG	2e-05
CASRRQGGTPLFGEG	2e-05
CASRRQGRGTEVFFGKG	2e-05
CASRRQGWGAETLYFGSG	2e-05
CASRRQSNTGQLYFGEG	2e-05
CASRRQSQNTLYFGAG	2e-05
CASRRQTYEQYFGPG	2e-05
CASRRRGDTQYFGPG	2e-05
CASRRRISNERLFFGHG	2e-05
CASRRRRDFQNTLYFGAG	2e-05
CASRRSTEVFFGKG	2e-05
CASRRTDAETLYFGSG	2e-05
CASRRTGGHQDTQYFGPG	2e-05
CASRRTGSNTEVFFGKG	2e-05
CASRRTGSSPLYFGEG	2e-05
CASRRTLDTQYFGPG	2e-05
CASRRTNSDYTFGSG	2e-05
CASRRTVYEQYFGPG	2e-05
CASRRVYTEVFFGKG	2e-05
CASRSDRANERLFFGHG	2e-05
CASRSDRAYEQYFGPG	2e-05
CASRSDRGQNTLYFGAG	2e-05
CASRSDRSANSDYTFGSG	2e-05
CASRSGAGSYEQYFGPG	2e-05
CASRSGANSGNTLYFGEG	2e-05
CASRSGEHTLYFGAG	2e-05
CASRSGGNNQAPLFGEG	2e-05
CASRSGTASAETLYFGSG	2e-05
CASRSGTGGDTQYFGPG	2e-05
CASRSGTGGGEQYFGPG	2e-05
CASRSGTGTETLYFGSG	2e-05
CASRSGTSQNTLYFGAG	2e-05
CASRSGVGQAPLFGEG	2e-05
CASRSPGASSNERLFFGHG	4e-05
CASRSQGGGKTLYFGSG	2e-05
CASRSRDRSSAETLYFGSG	2e-05
CASRSSGTGGGEQYFGPG	2e-05
CASRSTGGLYEQYFGPG	2e-05
CASRSTGHEETLYFGSG	2e-05
CASRTAWGGAAETLYFGSG	2e-05
CASRTDPSAETLYFGSG	2e-05
CASRTGANGQLYFGEG	2e-05
CASRTGESQNTLYFGAG	2e-05
CASRTGGAYTEVFFGKG	2e-05
CASRTGGGEETLYFGSG	2e-05
CASRTGGGNTLYFGAG	2e-05
CASRTGGKAETLYFGSG	2e-05
CASRTGGYNYAEQFFGPG	2e-05
CASRTGQNYAEQFFGPG	2e-05
CASRTGRANTEVFFGKG	2e-05
CASRTGSQNTLYFGAG	2e-05
CASRTGSYNSPLYFGEG	2e-05
CASRTGVSYEQYFGPG	2e-05
CASRTLGGGVEQFFGPG	2e-05
CASRTNSYNSPLYFGEG	2e-05
CASRTPNSDYTFGSG	2e-05
CASRTRDNYEQYFGPG	2e-05
CASRTTGGALYAEQFFGPG	2e-05
CASRTVNERLFFGHG	2e-05
CASRTYNYAEQFFGPG	2e-05
CASRVEKCDYTFGSG	2e-05
CASRVETLYFGSG	2e-05
CASRVGTGENTLYFGAG	2e-05
CASRVQRNERLFFGHG	2e-05
CASRVSYCGKWQGNAEQFFGPG	2e-05
CASRVTGENSDYTFGSG	2e-05
CASRWDNTEVFFGKG	2e-05
CASRWGISNERLFFGHG	2e-05
CASRWGSQNTLYFGAG	2e-05
CASRWGTDNERLFFGHG	2e-05
CASRWTGANTEVFFGKG	2e-05
CASRYKNAETLYFGSG	2e-05
CASRYRGGGNQYFGPG	2e-05
CASRYRGRDTQYFGPG	2e-05
CASRYRGVVQNTLYFGAG	2e-05
CASRYRVNYAEQFFGPG	2e-05
CASSAAGTGTEYFGPG	2e-05
CASSAAPRSACFFGKG	2e-05
CASSADANTEVFFGKG	2e-05
CASSADNANSDYTFGSG	2e-05
CASSADRANERLFFGHG	2e-05
CASSADRDNQAPLFGEG	2e-05
CASSADRERGVFFGKG	2e-05
CASSADRNQAPLFGEG	2e-05
CASSADSNNQAPLFGEG	2e-05
CASSADSPEVFFGKG	2e-05
CASSAEGWQFFGPG	2e-05
CASSAEGYAEQFFGPG	2e-05
CASSAGADSGNTLYFGEG	2e-05
CASSAGASNERLFFGHG	2e-05
CASSAGDTGQLYFGEG	2e-05
CASSAGEGSDYTFGSG	2e-05
CASSAGGAENTLYFGAG	2e-05
CASSAGGANYAEQFFGPG	2e-05
CASSAGGAQDTQYFGPG	2e-05
CASSAGGRNAEQFFGPG	2e-05
CASSAGHFSYEQYFGPG	2e-05
CASSAGLGGRDTQYFGPG	2e-05
CASSAGLGNAETLYFGSG	2e-05
CASSAGLGYNYAEQFFGPG	2e-05
CASSAGLQDTQYFGPG	2e-05
CASSAGNSQNTLYFGAG	2e-05
CASSAGPETLYFGSG	2e-05
CASSAGPFSNERLFFGHG	2e-05
CASSAGPGAETLYFGSG	2e-05
CASSAGPGANERLFFGHG	2e-05
CASSAGQANERLFFGHG	2e-05
CASSAGQDTQYFGPG	2e-05
CASSAGRGTEVFFGKG	2e-05
CASSAGTGDSDYTFGSG	2e-05
CASSAGTGDTEVFFGKG	2e-05
CASSAGTGDTGQLYFGEG	2e-05
CASSAGTGESDYTFGSG	2e-05
CASSAGTGGAETLYFGSG	2e-05
CASSAGTGGFYAEQFFGPG	2e-05
CASSAGTGNNQAPLFGEG	2e-05
CASSAGTGNTLYFGEG	2e-05
CASSAGTGVRERLFFGHG	2e-05
CASSAGTKNTEVFFGKG	2e-05
CASSAGTSSAETLYFGSG	2e-05
CASSAGTVNQAPLFGEG	2e-05
CASSAGTYNYAEQFFGPG	2e-05
CASSAHNNNQAPLFGEG	2e-05
CASSAHRGATEVFFGKG	2e-05
CASSAHWGGEGQNTLYFGAG	2e-05
CASSAKRNTEVFFGKG	2e-05
CASSAKTGEQYFGPG	2e-05
CASSALGANTGQLYFGEG	2e-05
CASSALGASQNTLYFGAG	4e-05
CASSALGQNYAEQFFGPG	2e-05
CASSALQSSDYTFGSG	2e-05
CASSAMGGFQDTQYFGPG	2e-05
CASSAPGAETLYFGSG	2e-05
CASSAPGLGAETLYFGSG	2e-05
CASSAPGQKDTQYFGPG	2e-05
CASSAPGQKNTLYFGAG	2e-05
CASSAPGTTSAETLYFGSG	2e-05
CASSAPGTVQNTLYFGAG	2e-05
CASSAPNRGYEQYFGPG	2e-05
CASSAQDANTEVFFGKG	2e-05
CASSAQGAQVFFGKG	2e-05
CASSAQGYTEVFFGKG	2e-05
CASSAQLNTGQLYFGEG	2e-05
CASSAQPEVFFGKG	2e-05
CASSAQSGNTLYFGEG	2e-05
CASSARACASTLYFGEG	2e-05
CASSARANERLFFGHG	2e-05
CASSARDTLYAEQFFGPG	2e-05
CASSARGADGGQLYFGEG	2e-05
CASSARGADTGQLYFGEG	4e-05
CASSARGGSDYTFGSG	2e-05
CASSARLGSYEQYFGPG	2e-05
CASSARQGEDNSPLYFGEG	2e-05
CASSARTGEENTEVFFGKG	2e-05
CASSARTGGDAEQFFGPG	2e-05
CASSARTGGGYEQYFGPG	2e-05
CASSASANSDYTFGSG	2e-05
CASSATGGAGAETLYFGSG	2e-05
CASSATGGFSYEQYFGPG	2e-05
CASSATGGNTEVFFGKG	2e-05
CASSATGGSDTGQLYFGEG	2e-05
CASSATGNSDYTFGSG	2e-05
CASSATGSNERLFFGHG	2e-05
CASSAVNAETLYFGSG	2e-05
CASSAVNERLFFGHG	2e-05
CASSAVPRQYFGPG	2e-05
CASSAVRRQYFGPG	2e-05
CASSAVSYEQYFGPG	2e-05
CASSAWDSYEQYFGPG	2e-05
CASSAWDTSGNTLYFGEG	2e-05
CASSCGANTLYFGAG	2e-05
CASSCGQSEQYFGPG	2e-05
CASSCLANTEVFFGKG	2e-05
CASSCREDSDYTFGSG	2e-05
CASSCSNNQAPLFGEG	2e-05
CASSCTGGRTPLYFGAG	2e-05
CASSDAAGAASQNTLYFGAG	2e-05
CASSDAAGGATNHQYFGPG	2e-05
CASSDAAGGDAEQFFGPG	2e-05
CASSDAAGGFNERLFFGHG	2e-05
CASSDAAGGPGQLYFGEG	2e-05
CASSDAAGGVYTDTQYFGPG	2e-05
CASSDADRDGDTQYFGPG	2e-05
CASSDADRGLAEQFFGPG	2e-05
CASSDADRGSTLYFGAG	2e-05
CASSDADRGYEQYFGPG	2e-05
CASSDAGAPGQLYFGEG	2e-05
CASSDAGAVFFGKG	2e-05
CASSDAGDTQYFGPG	2e-05
CASSDAGEGYAEQFFGPG	2e-05
CASSDAGGAANTQYFGPG	2e-05
CASSDAGGAGAQYFGPG	2e-05
CASSDAGGAYAEQFFGPG	2e-05
CASSDAGGAYSDYTFGSG	2e-05
CASSDAGGGSDYTFGSG	2e-05
CASSDAGGHTGQLYFGEG	2e-05
CASSDAGGNAETLYFGSG	2e-05
CASSDAGGRSAETLYFGSG	2e-05
CASSDAGGRSSYEQYFGPG	2e-05
CASSDAGGSGNTLYFGEG	4e-05
CASSDAGISYEQYFGPG	2e-05
CASSDAGKDSDYTFGSG	2e-05
CASSDAGLAQDTQYFGPG	2e-05
CASSDAGLDQDTQYFGPG	2e-05
CASSDAGQGKSDYTFGSG	2e-05
CASSDAGQSNSDYTFGSG	2e-05
CASSDAGRGNERLFFGHG	4e-05
CASSDAGRGQYFGPG	2e-05
CASSDAGRRNTEVFFGKG	2e-05
CASSDAGSEQYFGPG	2e-05
CASSDAGSNTEVFFGKG	2e-05
CASSDAGTGGAEQFFGPG	2e-05
CASSDAGTGGANTEVFFGKG	2e-05
CASSDAGTGSNERLFFGHG	2e-05
CASSDAGWDSDYTFGSG	2e-05
CASSDAGWVETLYFGSG	2e-05
CASSDAHSYAEQFFGPG	2e-05
CASSDAITNTEVFFGKG	2e-05
CASSDAKGPVFFGKG	2e-05
CASSDAKYNNQAPLFGEG	2e-05
CASSDALGHSQNTLYFGAG	2e-05
CASSDALGKDTQYFGPG	2e-05
CASSDALLNYAEQFFGPG	2e-05
CASSDAMGERNQDTQYFGPG	2e-05
CASSDANNQDTQYFGPG	2e-05
CASSDANNSGNTLYFGEG	2e-05
CASSDANSAETLYFGSG	2e-05
CASSDANSNNQAPLFGEG	2e-05
CASSDAPDYEQYFGPG	2e-05
CASSDAPGDAETLYFGSG	2e-05
CASSDAPGEGERLFFGHG	2e-05
CASSDAPGGADTQYFGPG	2e-05
CASSDAPGGAHAEQFFGPG	2e-05
CASSDAQAGQNTLYFGAG	2e-05
CASSDAQGSNSDYTFGSG	2e-05
CASSDAQNTGQLYFGEG	2e-05
CASSDAQTYEQYFGPG	2e-05
CASSDAQYHSPLYFGEG	2e-05
CASSDARDQDTQYFGPG	2e-05
CASSDARDYAEQFFGPG	2e-05
CASSDARENNQAPLFGEG	2e-05
CASSDARERDTQYFGPG	2e-05
CASSDARGDQNTLYFGAG	2e-05
CASSDARGEVFFGKG	2e-05
CASSDARGGGEVFFGKG	2e-05
CASSDARGGPNQDTQYFGPG	2e-05
CASSDARGQSAETLYFGSG	2e-05
CASSDARGRNQAPLFGEG	2e-05
CASSDARGVYEQYFGPG	2e-05
CASSDARQGKGAETLYFGSG	2e-05
CASSDARRGQNTQYFGPG	2e-05
CASSDARSEQYFGPG	2e-05
CASSDARTGNSPLYFGEG	2e-05
CASSDARTTNTEVFFGKG	2e-05
CASSDARVGGSYEQYFGPG	2e-05
CASSDASGAYAEQFFGPG	2e-05
CASSDATAEVFFGKG	2e-05
CASSDATEDTQYFGPG	2e-05
CASSDATGGDNERLFFGHG	2e-05
CASSDATGGPYAEQFFGPG	2e-05
CASSDATGRNSPLYFGEG	2e-05
CASSDATIANSDYTFGSG	2e-05
CASSDAVALSYEQYFGPG	2e-05
CASSDAVGHRQNTLYFGAG	2e-05
CASSDAVQGPETLYFGSG	2e-05
CASSDAWGGHNQDTQYFGPG	2e-05
CASSDAWWVTLYFGAG	2e-05
CASSDDEGAPYEQYFGPG	2e-05
CASSDDFQNTLYFGAG	2e-05
CASSDDGGGYAEQFFGPG	2e-05
CASSDDQTEVFFGKG	4e-05
CASSDDRDISLYFGEG	2e-05
CASSDDREDEQYFGPG	2e-05
CASSDDRGDTQYFGPG	2e-05
CASSDDRGQGSDYTFGSG	2e-05
CASSDDRGRNTLYFGAG	2e-05
CASSDDSNQDTQYFGPG	2e-05
CASSDDSQNTLYFGAG	2e-05
CASSDDWDISYEQYFGPG	2e-05
CASSDDWGGEQYFGPG	2e-05
CASSDDWGPEQYFGPG	2e-05
CASSDDWGTYEQYFGPG	2e-05
CASSDDYNERLFFGHG	2e-05
CASSDEAGAGSDYTFGSG	2e-05
CASSDEAGGREVFFGKG	2e-05
CASSDEDQDTQYFGPG	2e-05
CASSDEDRQDTQYFGPG	2e-05
CASSDEEGSNTEVFFGKG	2e-05
CASSDEGAKEQYFGPG	2e-05
CASSDEGDTQYFGPG	2e-05
CASSDEGGRSYEQYFGPG	2e-05
CASSDEGGRYEQYFGPG	2e-05
CASSDEGHSDYTFGSG	2e-05
CASSDEGSNYAEQFFGPG	2e-05
CASSDEGTGVSTLYFGAG	2e-05
CASSDELGGRMGQLYFGEG	2e-05
CASSDELGGSYEQYFGPG	2e-05
CASSDEPRNTLYFGEG	2e-05
CASSDEQGGLFFGHG	2e-05
CASSDERGLAEQFFGPG	2e-05
CASSDERGLYAEQFFGPG	2e-05
CASSDERSGNTLYFGEG	2e-05
CASSDETDEQYFGPG	2e-05
CASSDETGGKDYAEQFFGPG	2e-05
CASSDETSGNTLYFGEG	2e-05
CASSDEVGAPDYTFGSG	2e-05
CASSDFGGGAETLYFGSG	2e-05
CASSDFGQNNQAPLFGEG	2e-05
CASSDFKTYEQYFGPG	4e-05
CASSDFRDQDTQYFGPG	2e-05
CASSDFWGASQNTLYFGAG	2e-05
CASSDGDKYEQYFGPG	2e-05
CASSDGDNNQAPLFGEG	2e-05
CASSDGDNYAEQFFGPG	2e-05
CASSDGDQAPLFGEG	2e-05
CASSDGDRSSGNTLYFGEG	2e-05
CASSDGDRYEQYFGPG	2e-05
CASSDGEDTQYFGPG	2e-05
CASSDGFAETLYFGSG	2e-05
CASSDGFSNERLFFGHG	2e-05
CASSDGGARAEQFFGPG	2e-05
CASSDGGGPSQNTLYFGAG	2e-05
CASSDGGGQGQYFGPG	2e-05
CASSDGGGTSAETLYFGSG	2e-05
CASSDGGLVDTQYFGPG	4e-05
CASSDGGQGDAEQFFGPG	2e-05
CASSDGGQYNNQAPLFGEG	2e-05
CASSDGGRGGNTLYFGEG	2e-05
CASSDGGSYNYAEQFFGPG	2e-05
CASSDGGTTGQLYFGEG	2e-05
CASSDGGVYAEQFFGPG	2e-05
CASSDGGVYEQYFGPG	2e-05
CASSDGLGGDEQYFGPG	2e-05
CASSDGLGGPEQFFGPG	2e-05
CASSDGLGGYEQYFGPG	2e-05
CASSDGNYEQYFGPG	2e-05
CASSDGPGQGNTEVFFGKG	2e-05
CASSDGPTSAETLYFGSG	2e-05
CASSDGQGAEVFFGKG	2e-05
CASSDGQGGHTQYFGPG	2e-05
CASSDGQGRGAETLYFGSG	2e-05
CASSDGQSLDTEVFFGKG	2e-05
CASSDGQTEVFFGKG	2e-05
CASSDGRDGAETLYFGSG	2e-05
CASSDGRFSGNTLYFGEG	2e-05
CASSDGRGAGNTLYFGEG	2e-05
CASSDGRGQNTLYFGAG	2e-05
CASSDGRGRSAETLYFGSG	2e-05
CASSDGTAETLYFGSG	2e-05
CASSDGTATEVFFGKG	2e-05
CASSDGTGAVEQFFGPG	2e-05
CASSDGTGGLYEQYFGPG	2e-05
CASSDGTGGNTLYFGAG	4e-05
CASSDGTGGRTYEQYFGPG	2e-05
CASSDGTPEVFFGKG	2e-05
CASSDGTQNTLYFGAG	2e-05
CASSDGVDSDYTFGSG	2e-05
CASSDGVEQYFGPG	2e-05
CASSDGVGNTLYFGEG	2e-05
CASSDGVGPAEQFFGPG	2e-05
CASSDGVNNQAPLFGEG	2e-05
CASSDGWDSPLYFGEG	2e-05
CASSDGWGAETLYFGSG	2e-05
CASSDGWGGGTLYFGAG	2e-05
CASSDGWSSAETLYFGSG	2e-05
CASSDHGAVSDYTFGSG	2e-05
CASSDHNSQNTLYFGAG	2e-05
CASSDHRGAETLYFGSG	2e-05
CASSDHRTNSDYTFGSG	2e-05
CASSDIGQDTQYFGPG	2e-05
CASSDIGTNSDYTFGSG	2e-05
CASSDILGAEKQYFGPG	2e-05
CASSDIRDRYTEVFFGKG	2e-05
CASSDKENSGNTLYFGEG	2e-05
CASSDKGDTQYFGPG	2e-05
CASSDKGNSDYTFGSG	2e-05
CASSDKGTGQLYFGEG	2e-05
CASSDKGTNYAEQFFGPG	2e-05
CASSDKRGAEQFFGPG	2e-05
CASSDKVANTGQLYFGEG	2e-05
CASSDLGGASQNTLYFGAG	2e-05
CASSDLGHSRRQLYFGEG	2e-05
CASSDLGLSAETLYFGSG	2e-05
CASSDLGNSPLYFGEG	2e-05
CASSDLGPQDTQYFGPG	2e-05
CASSDLINQDTQYFGPG	2e-05
CASSDLLGSSQNTLYFGAG	2e-05
CASSDLRANERLFFGHG	2e-05
CASSDLRSPLYFGEG	2e-05
CASSDLSNSDYTFGSG	2e-05
CASSDLTGENTLYFGAG	2e-05
CASSDLVNTGQLYFGEG	2e-05
CASSDLWGTNQDTQYFGPG	2e-05
CASSDLWSSQNTLYFGAG	2e-05
CASSDMKTQNTLYFGAG	2e-05
CASSDNANSDYTFGSG	2e-05
CASSDNERLFFGHG	2e-05
CASSDNSNSDYTFGSG	2e-05
CASSDNSQNTLYFGAG	2e-05
CASSDNWGGYAEQFFGPG	2e-05
CASSDNWGHEQYFGPG	2e-05
CASSDNWSQNTLYFGAG	2e-05
CASSDNYNSQLYFGEG	2e-05
CASSDPDNERLFFGHG	2e-05
CASSDPDRGAEQFFGPG	2e-05
CASSDPDSKDTQYFGPG	2e-05
CASSDPDSYEQYFGPG	2e-05
CASSDPENERLFFGHG	2e-05
CASSDPGAKDTQYFGPG	2e-05
CASSDPGGANSDYTFGSG	2e-05
CASSDPGGRGEQYFGPG	2e-05
CASSDPGGSNTGQLYFGEG	2e-05
CASSDPGLGTSAETLYFGSG	2e-05
CASSDPGQGEQYFGPG	2e-05
CASSDPGQLYFGAG	2e-05
CASSDPGTGDTQYFGPG	2e-05
CASSDPGTGYTGQLYFGEG	2e-05
CASSDPGVNTGQLYFGEG	2e-05
CASSDPGYSYEQYFGPG	2e-05
CASSDPLGAANTGQLYFGEG	2e-05
CASSDPQGNEQYFGPG	2e-05
CASSDPQGNTGQLYFGEG	2e-05
CASSDPQYNSPLYFGEG	2e-05
CASSDPRDRQDTQYFGPG	2e-05
CASSDPRGDSDYTFGSG	2e-05
CASSDPRGREQYFGPG	4e-05
CASSDPRTEVFFGKG	2e-05
CASSDPTEVFFGKG	2e-05
CASSDPTGGNSGNTLYFGEG	2e-05
CASSDPTGGPSYEQYFGPG	2e-05
CASSDPTTSAETLYFGSG	2e-05
CASSDPYRGGNQAPLFGEG	2e-05
CASSDQGGEAEQFFGPG	2e-05
CASSDQGRDTQYFGPG	2e-05
CASSDQGRQDTQYFGPG	2e-05
CASSDQGYNSPLYFGEG	2e-05
CASSDQRSNTGQLYFGEG	2e-05
CASSDRAGGEQYFGPG	2e-05
CASSDRAGGSEQFFGPG	2e-05
CASSDRAGGSEQYFGPG	2e-05
CASSDRARITLYFGAG	2e-05
CASSDRARSDYTFGSG	2e-05
CASSDRASYPSPLYFGEG	2e-05
CASSDRATGAFGPG	2e-05
CASSDRDCQNTLYFGAG	2e-05
CASSDRDFAETLYFGSG	2e-05
CASSDRDGNTLYFGEG	2e-05
CASSDRDKQYFGPG	2e-05
CASSDRDLSAETLYFGSG	2e-05
CASSDRDNISNERLFFGHG	2e-05
CASSDRDNNYAEQFFGPG	2e-05
CASSDRDNYEQYFGPG	2e-05
CASSDRDRDHTEVFFGKG	2e-05
CASSDRDRGDTLYFGAG	2e-05
CASSDRDRGPYFGPG	2e-05
CASSDRDRGYEQYFGPG	2e-05
CASSDRDSNERLFFGHG	2e-05
CASSDRDTSSYEQYFGPG	2e-05
CASSDRDWGGAGTGQLYFGEG	2e-05
CASSDREGTEVFFGKG	2e-05
CASSDREKDTEVFFGKG	2e-05
CASSDRGAQDTQYFGPG	2e-05
CASSDRGGAETLYFGSG	2e-05
CASSDRGGANSDYTFGSG	2e-05
CASSDRGGNTLYFGAG	2e-05
CASSDRGGNTLYFGEG	2e-05
CASSDRGGWAEQFFGPG	2e-05
CASSDRGLTYAEQFFGPG	2e-05
CASSDRGLVNTGQLYFGEG	2e-05
CASSDRGLYFGPG	2e-05
CASSDRGPQDTQYFGPG	2e-05
CASSDRGQRYEQYFGPG	2e-05
CASSDRGSSYEQYFGPG	2e-05
CASSDRGSYNSPLYFGEG	4e-05
CASSDRHNNQAPLFGEG	2e-05
CASSDRLGVYEQYFGPG	2e-05
CASSDRLVNQDTQYFGPG	2e-05
CASSDRPNTGQLYFGEG	2e-05
CASSDRQGNTLYFGAG	2e-05
CASSDRQGREQYFGPG	2e-05
CASSDRQSQNTLYFGAG	2e-05
CASSDRRFSAETLYFGSG	2e-05
CASSDRRGSQNTLYFGAG	2e-05
CASSDRRTEQFFGPG	2e-05
CASSDRRVFFGKG	2e-05
CASSDRRVTTLYFGAG	2e-05
CASSDRSQNTGQLYFGEG	2e-05
CASSDRTGGGQNTLYFGAG	2e-05
CASSDRTGSAETLYFGSG	2e-05
CASSDRTTNTEVFFGKG	2e-05
CASSDRWGAETLYFGSG	2e-05
CASSDRWGGAETLYFGSG	2e-05
CASSDRWKDTQYFGPG	2e-05
CASSDSAENTLYFGEG	2e-05
CASSDSDSDYTFGSG	2e-05
CASSDSDYTFGSG	2e-05
CASSDSEVFFGKG	2e-05
CASSDSGGAETLYFGEG	2e-05
CASSDSGGTPLYFGAG	2e-05
CASSDSGQYNSPLYFGEG	2e-05
CASSDSGRQNTLYFGAG	2e-05
CASSDSGTTQYFGPG	2e-05
CASSDSINTGQLYFGEG	2e-05
CASSDSLGGLEQYFGPG	4e-05
CASSDSREEQYFGPG	2e-05
CASSDSRQDTQYFGPG	2e-05
CASSDSRRSRQYFGPG	2e-05
CASSDSTGSTGQLYFGEG	2e-05
CASSDSYSGNTLYFGEG	2e-05
CASSDTARGNTGQLYFGEG	2e-05
CASSDTDRGYEQYFGPG	2e-05
CASSDTDSDYTFGSG	2e-05
CASSDTERDTQYFGPG	2e-05
CASSDTGAEVFFGKG	2e-05
CASSDTGGRSDYTFGSG	2e-05
CASSDTGHDTQYFGPG	2e-05
CASSDTGRNSDYTFGSG	2e-05
CASSDTKGEKSDYTFGSG	2e-05
CASSDTREVFFGKG	2e-05
CASSDTTSQNTLYFGAG	2e-05
CASSDVGFQDTQYFGPG	2e-05
CASSDVGSGDTQYFGPG	2e-05
CASSDVGTGGAYAEQFFGPG	2e-05
CASSDVGTTNERLFFGHG	2e-05
CASSDVLGGAETLYFGSG	4e-05
CASSDVLGGSSYEQYFGPG	2e-05
CASSDVLGGSYEQYFGPG	4e-05
CASSDVQGNTEVFFGKG	2e-05
CASSDVQGQDTQYFGPG	2e-05
CASSDVRGEYTEVFFGKG	2e-05
CASSDVRGMNTQYFGPG	2e-05
CASSDVRNSPLYFGEG	2e-05
CASSDVTGGYEQYFGPG	2e-05
CASSDVTGQAPLFGEG	2e-05
CASSDVTIQDTQYFGPG	2e-05
CASSDWEEQYFGPG	2e-05
CASSDWEQDTQYFGPG	2e-05
CASSDWGAENTLYFGAG	2e-05
CASSDWGAYEQYFGPG	2e-05
CASSDWGDDTQYFGPG	2e-05
CASSDWGDEQYFGPG	2e-05
CASSDWGGAGDTQYFGPG	2e-05
CASSDWGGGETLYFGSG	2e-05
CASSDWGGPAETLYFGSG	2e-05
CASSDWGGPGQLYFGEG	2e-05
CASSDWGGPSAETLYFGSG	2e-05
CASSDWGGSTGQLYFGEG	2e-05
CASSDWGINQDTQYFGPG	2e-05
CASSDWGKTGQLYFGEG	2e-05
CASSDWGSETLYFGSG	2e-05
CASSDWGSGAETLYFGSG	2e-05
CASSDWGVHAEQFFGPG	2e-05
CASSDWLGGDEQYFGPG	2e-05
CASSDWSRAETLYFGSG	2e-05
CASSDWTGGDTQYFGPG	2e-05
CASSDWVYEQYFGPG	2e-05
CASSDYGGRDTQYFGPG	2e-05
CASSDYGGRTLYFGSG	2e-05
CASSDYRDTGQLYFGEG	2e-05
CASSDYTQDTQYFGPG	2e-05
CASSEAGAYAEQFFGPG	2e-05
CASSEAGGAETLYFGSG	2e-05
CASSEAGGEDTQYFGPG	2e-05
CASSEAGGKDTQYFGPG	2e-05
CASSEAGTNSDYTFGSG	2e-05
CASSEAGVNTEVFFGKG	2e-05
CASSEAPNERLFFGHG	2e-05
CASSEARPCQFFGPG	2e-05
CASSEARQGQYFGPG	2e-05
CASSEATGAYAEQFFGPG	2e-05
CASSEDKGGEQYFGPG	2e-05
CASSEDRANYAEQFFGPG	2e-05
CASSEDRGNYAEQFFGPG	2e-05
CASSEDRGPQNTLYFGAG	2e-05
CASSEDRKNTEVFFGKG	2e-05
CASSEDWGGAYTQYFGPG	2e-05
CASSEDWGRAEQFFGPG	2e-05
CASSEDYQDTQYFGPG	2e-05
CASSEEDPNSDYTFGSG	2e-05
CASSEEGQQYFGPG	2e-05
CASSEEGRNTLYFGAG	2e-05
CASSEEGSTEVFFGKG	2e-05
CASSEENTEVFFGKG	2e-05
CASSEERDSDYTFGSG	2e-05
CASSEETNTEVFFGKG	2e-05
CASSEGAYTQYFGPG	2e-05
CASSEGERTEVFFGKG	2e-05
CASSEGEVTLYFGSG	2e-05
CASSEGFNQDTQYFGPG	2e-05
CASSEGGAETLYFGSG	2e-05
CASSEGGEKNTLYFGAG	2e-05
CASSEGGGETLYFGSG	2e-05
CASSEGGNQDTQYFGPG	2e-05
CASSEGGNSQNTLYFGAG	2e-05
CASSEGISYEQYFGPG	2e-05
CASSEGKQTNTEVFFGKG	2e-05
CASSEGLDTSAETLYFGSG	2e-05
CASSEGLGGHNYAEQFFGPG	2e-05
CASSEGLGGSAEQFFGPG	2e-05
CASSEGLGSSQNTLYFGAG	2e-05
CASSEGQGRREQYFGPG	2e-05
CASSEGQGTGERLFFGHG	2e-05
CASSEGQLYFGEG	2e-05
CASSEGQNSDYTFGSG	2e-05
CASSEGRQDTQYFGPG	2e-05
CASSEGRSNERLFFGHG	2e-05
CASSEGSGGKYFGPG	2e-05
CASSEGSSGNTLYFGEG	2e-05
CASSEGTGGAAEQFFGPG	2e-05
CASSEGTGGPGNTLYFGEG	2e-05
CASSEGTGNTEVFFGKG	2e-05
CASSEGTSEVFFGKG	2e-05
CASSEGTSNTEVFFGKG	2e-05
CASSEGTYNNQAPLFGEG	2e-05
CASSEGVFNERLFFGHG	2e-05
CASSEGWGAYAEQFFGPG	2e-05
CASSEGWGGADTQYFGPG	2e-05
CASSEIYGNTLYFGEG	2e-05
CASSEKNQAPLFGEG	2e-05
CASSEKWDSTQYFGPG	2e-05
CASSELFYNSPLYFGEG	2e-05
CASSELGGDQDTQYFGPG	2e-05
CASSEMDWGYEQYFGPG	2e-05
CASSEMGQSNTEVFFGKG	2e-05
CASSEMGYDTEVFFGKG	2e-05
CASSEMRLDFFGKG	2e-05
CASSENRKDTQYFGPG	2e-05
CASSENYAEQFFGPG	2e-05
CASSEPGGATGQLYFGEG	2e-05
CASSEPGQSNERLFFGHG	2e-05
CASSEPPGHQDTQYFGPG	2e-05
CASSEPRTGQLYFGEG	2e-05
CASSEPTGGASAETLYFGSG	2e-05
CASSEPWGGANTLYFGAG	2e-05
CASSEPWGGDQNTLYFGAG	2e-05
CASSEQGAGDTQYFGPG	2e-05
CASSEQGAGSDYTFGSG	2e-05
CASSEQGASDTQYFGPG	2e-05
CASSEQGGGVFFGKG	2e-05
CASSEQGGQSAETLYFGSG	2e-05
CASSEQGREQYFGPG	2e-05
CASSEQGRTNSDYTFGSG	2e-05
CASSEQNSYNSPLYFGEG	2e-05
CASSEQNTEVFFGKG	2e-05
CASSEQSSGNTLYFGEG	2e-05
CASSERDNQDTQYFGPG	2e-05
CASSERDRGGEVFFGKG	2e-05
CASSERDSDYTFGSG	2e-05
CASSERGLAETLYFGSG	2e-05
CASSERGQGTERLFFGHG	2e-05
CASSERGRVFFGKG	2e-05
CASSERGTETLYFGSG	2e-05
CASSERGYSDYTFGSG	2e-05
CASSERGYTEVFFGKG	2e-05
CASSERNERLFFGHG	2e-05
CASSERPGQISYEQYFGPG	2e-05
CASSERQGYERLFFGHG	2e-05
CASSERQNQAPLFGEG	2e-05
CASSERRGNTLYFGAG	2e-05
CASSERTGRNTLYFGEG	2e-05
CASSERVTEVFFGKG	2e-05
CASSESDRGHEQYFGPG	2e-05
CASSESGGNYAEQFFGPG	2e-05
CASSESGLNYAEQFFGPG	2e-05
CASSESYEQYFGPG	2e-05
CASSETAAETLYFGSG	2e-05
CASSETDQDTQYFGPG	2e-05
CASSETDSSPLYFGEG	2e-05
CASSETGGLQDTQYFGPG	2e-05
CASSETGRDTQYFGPG	2e-05
CASSETGTVFFGKG	2e-05
CASSETGVGQNTLYFGAG	2e-05
CASSETLRQDTQYFGPG	2e-05
CASSETTGITGQLYFGEG	2e-05
CASSEVGGSNERLFFGHG	2e-05
CASSEVGGSSYEQYFGPG	2e-05
CASSEWGEIAETLYFGSG	2e-05
CASSEWGENTLYFGAG	2e-05
CASSEWGVSYEQYFGPG	2e-05
CASSEYEQYFGPG	2e-05
CASSEYREDSDYTFGSG	2e-05
CASSFAASAETLYFGSG	2e-05
CASSFAGGNERLFFGHG	2e-05
CASSFAGGVFFGKG	2e-05
CASSFASAETLYFGSG	2e-05
CASSFASQNTLYFGAG	2e-05
CASSFDGTQYFGPG	2e-05
CASSFDIFSNERLFFGHG	2e-05
CASSFDNQNTLYFGAG	2e-05
CASSFDQDTQYFGPG	2e-05
CASSFDRAGSDYTFGSG	2e-05
CASSFDRARDTQYFGPG	2e-05
CASSFDREETLYFGSG	2e-05
CASSFDRESNERLFFGHG	2e-05
CASSFDRETGNTLYFGEG	2e-05
CASSFDRGGNTLYFGEG	2e-05
CASSFDRGPGQLYFGEG	2e-05
CASSFDRGSYEQYFGPG	2e-05
CASSFDRGTEVFFGKG	2e-05
CASSFDRGVNSDYTFGSG	2e-05
CASSFDRVRIFGPG	2e-05
CASSFDSQDTQYFGPG	2e-05
CASSFDTNTGQLYFGEG	2e-05
CASSFDWGGAGDTQYFGPG	2e-05
CASSFDWGGNTLYFGAG	2e-05
CASSFDWGGPYEQYFGPG	4e-05
CASSFDWGGQNTLYFGAG	2e-05
CASSFDWGNQDTQYFGPG	2e-05
CASSFDWGPGNTGQLYFGEG	2e-05
CASSFDWTSQNTLYFGAG	2e-05
CASSFEADSEQFFGPG	2e-05
CASSFEQNTGQLYFGEG	2e-05
CASSFEQYAEQFFGPG	2e-05
CASSFEVNSDYTFGSG	2e-05
CASSFFSGNTLYFGEG	2e-05
CASSFGCEQYFGPG	2e-05
CASSFGDNQDTQYFGPG	2e-05
CASSFGDRGQAPLFGEG	2e-05
CASSFGDTQYFGPG	2e-05
CASSFGEDTLYFGAG	2e-05
CASSFGETEVFFGKG	2e-05
CASSFGGADYTFGSG	2e-05
CASSFGGALAEQFFGPG	2e-05
CASSFGGAQNTLYFGAG	2e-05
CASSFGGGPHEQYFGPG	2e-05
CASSFGGGVDTQYFGPG	2e-05
CASSFGGHNNQAPLFGEG	2e-05
CASSFGGNAEQFFGPG	2e-05
CASSFGGNQDTQYFGPG	2e-05
CASSFGGPAEQFFGPG	2e-05
CASSFGGTNTGQLYFGEG	2e-05
CASSFGHNYAEQFFGPG	2e-05
CASSFGHSGNTLYFGEG	2e-05
CASSFGLGGRENTLYFGAG	2e-05
CASSFGLGSYEQYFGPG	2e-05
CASSFGLTYEQYFGPG	2e-05
CASSFGLVQDTQYFGPG	2e-05
CASSFGPRQNTLYFGAG	2e-05
CASSFGQGAEQFFGPG	2e-05
CASSFGQGKAPLFGEG	2e-05
CASSFGQGKKVFFGKG	2e-05
CASSFGQGRVTEVFFGKG	2e-05
CASSFGQPGNTLYFGEG	2e-05
CASSFGRGNSDYTFGSG	2e-05
CASSFGRGRNNQAPLFGEG	2e-05
CASSFGRGYEQYFGPG	2e-05
CASSFGRRAPLFGEG	2e-05
CASSFGRTNTGQLYFGEG	2e-05
CASSFGSGGFEQYFGPG	2e-05
CASSFGSKNTLYFGAG	2e-05
CASSFGSNSDYTFGSG	2e-05
CASSFGSNYAEQFFGPG	2e-05
CASSFGSSQNTLYFGAG	2e-05
CASSFGSYEQYFGPG	2e-05
CASSFGTDSYNSPLYFGEG	2e-05
CASSFGTGFAEQFFGPG	2e-05
CASSFGTGGAEAEQFFGPG	2e-05
CASSFGTGGANERLFFGHG	2e-05
CASSFGTGGANTLYFGAG	2e-05
CASSFGTGGGYEQYFGPG	2e-05
CASSFGTGGQYFGPG	2e-05
CASSFGTGGVFFGKG	2e-05
CASSFGTGPYEQYFGPG	2e-05
CASSFGTKNYAEQFFGPG	2e-05
CASSFGTNQAPLFGEG	2e-05
CASSFGTVKQDTQYFGPG	2e-05
CASSFGTVQAPLFGEG	2e-05
CASSFGVARAEQFFGPG	2e-05
CASSFGVGEQYFGPG	2e-05
CASSFGVGNTLYFGEG	2e-05
CASSFGWGIPAETLYFGSG	2e-05
CASSFGWGNEQYFGPG	2e-05
CASSFGYQDTQYFGPG	2e-05
CASSFHGDTEVFFGKG	2e-05
CASSFHLSDYTFGSG	2e-05
CASSFHNQAPLFGEG	2e-05
CASSFIGTSGNTLYFGEG	2e-05
CASSFKGDTQYFGPG	2e-05
CASSFKSSYEQYFGPG	2e-05
CASSFKWDSSYEQYFGPG	2e-05
CASSFLARAETLYFGSG	2e-05
CASSFLDSSGNTLYFGEG	2e-05
CASSFLDTQYFGPG	2e-05
CASSFLGGRGEQYFGPG	2e-05
CASSFLNLSNERLFFGHG	2e-05
CASSFLNTGQLYFGEG	2e-05
CASSFLPGQANERLFFGHG	2e-05
CASSFLPYEQYFGPG	2e-05
CASSFLRDANTEVFFGKG	2e-05
CASSFLRDWGGEQYFGPG	2e-05
CASSFLSNERLFFGHG	2e-05
CASSFLTANTEVFFGKG	2e-05
CASSFMGGADEQYFGPG	2e-05
CASSFMGGEQYFGPG	2e-05
CASSFMPFSNERLFFGHG	2e-05
CASSFMYAEQFFGPG	2e-05
CASSFNDPYEQYFGPG	2e-05
CASSFNNNQAPLFGEG	2e-05
CASSFNNQAPLFGEG	2e-05
CASSFNRDRGQERLFFGHG	2e-05
CASSFNWGYYAEQFFGPG	2e-05
CASSFPGHGNTGQLYFGEG	2e-05
CASSFPGLGFYEQYFGPG	2e-05
CASSFPGQGTEQFFGPG	2e-05
CASSFPGQVSYEQYFGPG	2e-05
CASSFPGRDAEQFFGPG	2e-05
CASSFPGRSYEQYFGPG	2e-05
CASSFPGTGNQAPLFGEG	2e-05
CASSFPGTGSYEQYFGPG	4e-05
CASSFPKDTQYFGPG	2e-05
CASSFPRRSRTLYFGSG	2e-05
CASSFPWGRGTGKRYFGEG	2e-05
CASSFQANTGQLYFGEG	2e-05
CASSFQAPLFGEG	2e-05
CASSFQENSDYTFGSG	2e-05
CASSFQEQAPLFGEG	2e-05
CASSFQGADTEVFFGKG	2e-05
CASSFQGALIQNTLYFGAG	2e-05
CASSFQGGEQFFGPG	2e-05
CASSFQGGEVFFGKG	2e-05
CASSFQGGNEQYFGPG	2e-05
CASSFQGNAEQFFGPG	2e-05
CASSFQGPGNTLYFGEG	2e-05
CASSFQGQAPLFGEG	2e-05
CASSFQGRGSDYTFGSG	2e-05
CASSFQGTETLYFGSG	2e-05
CASSFQNEQYFGPG	2e-05
CASSFQPGGAGHNTLYFGAG	2e-05
CASSFQPNSGNTLYFGEG	2e-05
CASSFQVLDTQYFGPG	2e-05
CASSFQVSFGNTLYFGEG	2e-05
CASSFRARTYEQYFGPG	2e-05
CASSFRATNTLYFGAG	2e-05
CASSFRDRDNERLFFGHG	2e-05
CASSFRDRGGSDYTFGSG	2e-05
CASSFRDRGRAETLYFGSG	2e-05
CASSFRDRGRRSQNTLYFGAG	2e-05
CASSFRDRISNERLFFGHG	2e-05
CASSFRDRNNERLFFGHG	2e-05
CASSFRDRSYAEQFFGPG	2e-05
CASSFRDWANTGQLYFGEG	2e-05
CASSFRDWGSKQYFGPG	2e-05
CASSFRDWGTEVFFGKG	2e-05
CASSFRDYNSTLYFGEG	2e-05
CASSFREWGSDYTFGSG	2e-05
CASSFRGAPEQFFGPG	2e-05
CASSFRGDSDYTFGSG	2e-05
CASSFRGGAYAEQFFGPG	2e-05
CASSFRGRSYEQYFGPG	2e-05
CASSFRGYNQAPLFGEG	2e-05
CASSFRLGGRAETLYFGSG	2e-05
CASSFRLGPSQNTLYFGAG	2e-05
CASSFRNTINFGPG	2e-05
CASSFRPAYAEQFFGPG	2e-05
CASSFRPSGNTLYFGEG	2e-05
CASSFRQGNTEVFFGKG	2e-05
CASSFRQGYAEQFFGPG	2e-05
CASSFRQSGNTLYFGEG	2e-05
CASSFRQYTEVFFGKG	2e-05
CASSFRRARNTLYFGEG	2e-05
CASSFRREGETLYFGSG	2e-05
CASSFRRHLYEQYFGPG	2e-05
CASSFRSNTEVFFGKG	2e-05
CASSFRSQDTQYFGPG	2e-05
CASSFRTGGEVFFGKG	2e-05
CASSFRTGGSDYTFGSG	2e-05
CASSFRTGSSDYTFGSG	2e-05
CASSFRTTHSDYTFGSG	2e-05
CASSFRVAATLYGTGQLYFGEG	2e-05
CASSFRVSNERLFFGHG	2e-05
CASSFRVTEVFFGKG	2e-05
CASSFSGNSDYTFGSG	2e-05
CASSFSGRNNQAPLFGEG	2e-05
CASSFSGSNERLFFGHG	2e-05
CASSFSGTDNERLFFGHG	2e-05
CASSFSGTGSAETLYFGSG	2e-05
CASSFSGVEQYFGPG	2e-05
CASSFSGVQYFGPG	2e-05
CASSFSLGAYEQYFGPG	2e-05
CASSFSNERLFFGHG	2e-05
CASSFSPGQLYFGEG	2e-05
CASSFSPTGHAEQFFGPG	2e-05
CASSFSPVNYAEQFFGPG	2e-05
CASSFSQNTLYFGAG	2e-05
CASSFSRGHLYAEQFFGPG	2e-05
CASSFSSETLYFGSG	2e-05
CASSFSTANSDYTFGSG	2e-05
CASSFSTYEQYFGPG	2e-05
CASSFSVAGGSQNTLYFGAG	2e-05
CASSFSWGASQNTLYFGAG	4e-05
CASSFSWGGATQYFGPG	2e-05
CASSFSYEQYFGPG	2e-05
CASSFTATGPYEQYFGPG	2e-05
CASSFTDTEVFFGKG	2e-05
CASSFTDTSPLYFGEG	2e-05
CASSFTGAAETLYFGSG	2e-05
CASSFTGANERLFFGHG	2e-05
CASSFTGANSDYTFGSG	2e-05
CASSFTGDAEQFFGPG	2e-05
CASSFTGDTFGSG	2e-05
CASSFTGEATEVFFGKG	2e-05
CASSFTGFGNTLYFGEG	2e-05
CASSFTGGAEQYFGPG	2e-05
CASSFTGGLRLSYEQYFGPG	2e-05
CASSFTGGRAETLYFGSG	2e-05
CASSFTGGRDEQYFGPG	2e-05
CASSFTGGSTGQLYFGEG	2e-05
CASSFTGGVYEQYFGPG	2e-05
CASSFTGGYTEVFFGKG	2e-05
CASSFTGLQDTQYFGPG	2e-05
CASSFTGMDTQYFGPG	2e-05
CASSFTGNSDYTFGSG	4e-05
CASSFTGPQDTQYFGPG	2e-05
CASSFTGQLYFGEG	2e-05
CASSFTGRGNTLYFGEG	2e-05
CASSFTGTGGEQYFGPG	2e-05
CASSFTGVGAETLYFGSG	2e-05
CASSFTGVGETLYFGSG	2e-05
CASSFTHSDYTFGSG	4e-05
CASSFTILYSDYTFGSG	2e-05
CASSFTLGGREQYFGPG	2e-05
CASSFTLSNERLFFGHG	2e-05
CASSFTNNQAPLFGEG	2e-05
CASSFTQDTQYFGPG	2e-05
CASSFTQYFGPG	2e-05
CASSFTRGGPETLYFGSG	2e-05
CASSFTTNERLFFGHG	2e-05
CASSFTVSYNSPLYFGEG	2e-05
CASSFTVSYTSPLYFGEG	2e-05
CASSFTYNQDTQYFGPG	2e-05
CASSFTYTGQLYFGEG	2e-05
CASSFVGDEQYFGPG	2e-05
CASSFVGGGRDTQYFGPG	2e-05
CASSFVGGYAEQFFGPG	2e-05
CASSFVGKNNLPIYFGEG	2e-05
CASSFVGNQDTQYFGPG	2e-05
CASSFVGSAETLYFGSG	2e-05
CASSFVGVEQYFGPG	2e-05
CASSFVNQAPLFGEG	2e-05
CASSFVPNTGQLYFGEG	2e-05
CASSFVREGNTLYFGEG	2e-05
CASSFVTSLNTSSFGSG	2e-05
CASSFWADTLYFGAG	2e-05
CASSFWDSANTEVFFGKG	2e-05
CASSFWDSSGNTLYFGEG	2e-05
CASSFWESQNTLYFGAG	2e-05
CASSFWGATEQFFGPG	2e-05
CASSFWGDAEQFFGPG	2e-05
CASSFWGDYAEQFFGPG	2e-05
CASSFWGGDYAEQFFGPG	2e-05
CASSFWGGEDTQYFGPG	2e-05
CASSFWGGEETLYFGSG	2e-05
CASSFWGGTQYFGPG	2e-05
CASSFWGKTLYFGSG	2e-05
CASSFWGRAEQFFGPG	2e-05
CASSFWGRGQDTQYFGPG	2e-05
CASSFWGSGQLYFGEG	2e-05
CASSFWGTQYFGPG	2e-05
CASSFWGYNYAEQFFGPG	2e-05
CASSFWKDTQYFGPG	2e-05
CASSFWSSAETLYFGSG	2e-05
CASSFWTGAETQYFGPG	2e-05
CASSFWTGGCYAEQFFGPG	2e-05
CASSFWTGGSETLYFGSG	2e-05
CASSFWTGGTEVFFGKG	2e-05
CASSFWVSQNTLYFGAG	2e-05
CASSFYLGVQDTQYFGPG	2e-05
CASSFYNRDQDTQYFGPG	2e-05
CASSFYRDGNTLYFGEG	2e-05
CASSFYRESYEQYFGPG	2e-05
CASSFYSAETLYFGSG	2e-05
CASSFYSSYEQYFGPG	2e-05
CASSFYWGDAETLYFGSG	2e-05
CASSGAGAEQFFGPG	2e-05
CASSGANTLYFGAG	4e-05
CASSGANYAEQFFGPG	2e-05
CASSGAPLSFGSG	2e-05
CASSGARGNTGQLYFGEG	2e-05
CASSGARGQAPLFGEG	2e-05
CASSGARNSDYTFGSG	2e-05
CASSGARPSDYTFGSG	4e-05
CASSGASYEQYFGPG	2e-05
CASSGAWEYAEQFFGPG	2e-05
CASSGAWGNTLYFGAG	2e-05
CASSGDGNSDYTFGSG	2e-05
CASSGDGNTEVFFGKG	2e-05
CASSGDHPQYFGPG	4e-05
CASSGDIEQFFGPG	2e-05
CASSGDINNQAPLFGEG	2e-05
CASSGDIYEQYFGPG	2e-05
CASSGDKGSGNTLYFGEG	2e-05
CASSGDLGAGDTQYFGPG	4e-05
CASSGDLYEQYFGPG	2e-05
CASSGDNANTGQLYFGEG	2e-05
CASSGDNDSDYTFGSG	2e-05
CASSGDNNSDYTFGSG	2e-05
CASSGDNYNSPLYFGEG	2e-05
CASSGDRGDTQYFGPG	2e-05
CASSGDRGGDSDYTFGSG	2e-05
CASSGDRGGQNTLYFGAG	2e-05
CASSGDRGNAEQFFGPG	2e-05
CASSGDRGRDSDYTFGSG	2e-05
CASSGDRGRGAETLYFGSG	2e-05
CASSGDRGRNSPLYFGEG	2e-05
CASSGDRGSGNTLYFGEG	2e-05
CASSGDRGSSPLYFGEG	2e-05
CASSGDRVNQDTQYFGPG	2e-05
CASSGDRVSAETLYFGSG	2e-05
CASSGDRVSGNTLYFGEG	2e-05
CASSGDSANERLFFGHG	2e-05
CASSGDSNERLFFGHG	2e-05
CASSGDSNYAEQFFGPG	2e-05
CASSGDSSGNTLYFGEG	2e-05
CASSGDTNSDYTFGSG	2e-05
CASSGDWDSQNTLYFGAG	2e-05
CASSGDWGAAEQFFGPG	2e-05
CASSGDWGEYEQYFGPG	2e-05
CASSGDWGGDQDTQYFGPG	2e-05
CASSGDWGGGDEQYFGPG	2e-05
CASSGDWGQDTQYFGPG	2e-05
CASSGDWSQNTLYFGAG	2e-05
CASSGEGNTEVFFGKG	2e-05
CASSGEQNSDYTFGSG	2e-05
CASSGEREVFFGKG	2e-05
CASSGETETLYFGSG	2e-05
CASSGEWGGSAETLYFGSG	2e-05
CASSGEYFGPG	2e-05
CASSGFSAETLYFGSG	2e-05
CASSGGADTQYFGPG	2e-05
CASSGGAGESQNTLYFGAG	2e-05
CASSGGAGGEYAEQFFGPG	2e-05
CASSGGAGGGAFFGEG	2e-05
CASSGGAGGGVQFFGPG	2e-05
CASSGGAGGTGQLYFGEG	2e-05
CASSGGAGRNNTEVFFGKG	2e-05
CASSGGAIQDTQYFGPG	2e-05
CASSGGASQNTLYFGAG	2e-05
CASSGGDIYEQYFGPG	2e-05
CASSGGEAPLFGEG	2e-05
CASSGGGDTQYFGPG	2e-05
CASSGGGEDSEQFFGPG	2e-05
CASSGGGGVYEQYFGPG	2e-05
CASSGGGLEQYFGPG	2e-05
CASSGGGNQDTQYFGPG	2e-05
CASSGGGQNTLYFGAG	2e-05
CASSGGGRGGNTLYFGEG	2e-05
CASSGGGVPEVFFGKG	2e-05
CASSGGHQDTQYFGPG	2e-05
CASSGGLGAETLYFGSG	2e-05
CASSGGLGDSQNTLYFGAG	2e-05
CASSGGLGGCNTLYFGAG	2e-05
CASSGGLGGRQDTQYFGPG	2e-05
CASSGGLGGSETLYFGSG	2e-05
CASSGGLYEQYFGPG	2e-05
CASSGGNDERLFFGHG	2e-05
CASSGGNSERLFFGHG	2e-05
CASSGGNSGNTLYFGEG	2e-05
CASSGGPAEQFFGPG	2e-05
CASSGGPNQDTQYFGPG	2e-05
CASSGGQASSGNTLYFGEG	2e-05
CASSGGQGAANTEVFFGKG	2e-05
CASSGGQGAHERLFFGHG	2e-05
CASSGGQGANSDYTFGSG	2e-05
CASSGGQGDGNTLYFGEG	2e-05
CASSGGQGGSNERLFFGHG	2e-05
CASSGGQGIEQYFGPG	2e-05
CASSGGQGKGERLFFGHG	2e-05
CASSGGQGREQYFGPG	2e-05
CASSGGQGRNSPLYFGEG	2e-05
CASSGGQGTGQLYFGEG	2e-05
CASSGGQLYFGEG	2e-05
CASSGGQNTEVFFGKG	2e-05
CASSGGQNTGQLYFGEG	2e-05
CASSGGQYTEVFFGKG	2e-05
CASSGGQYYAEQFFGPG	2e-05
CASSGGRDAETLYFGSG	2e-05
CASSGGREKSDYTFGSG	2e-05
CASSGGRNTLYFGAG	2e-05
CASSGGRRERLFFGHG	2e-05
CASSGGRTAETLYFGSG	2e-05
CASSGGRTNSDYTFGSG	2e-05
CASSGGSNERLFFGHG	2e-05
CASSGGTFQNTLYFGAG	2e-05
CASSGGTGGEYAEQFFGPG	2e-05
CASSGGTGGGSQNTLYFGAG	2e-05
CASSGGTGGYAEQFFGPG	2e-05
CASSGGTNSYEQYFGPG	2e-05
CASSGGTSNTEVFFGKG	2e-05
CASSGGVEQYFGPG	2e-05
CASSGGVNTEVFFGKG	2e-05
CASSGGWGGAEQFFGPG	6.000000000000001e-05
CASSGGYNQAPLFGEG	2e-05
CASSGHKTLYFGAG	2e-05
CASSGHPSYEQYFGPG	2e-05
CASSGHRGSSDYTFGSG	2e-05
CASSGHSSNERLFFGHG	2e-05
CASSGISAETLYFGSG	2e-05
CASSGISYNSPLYFGEG	2e-05
CASSGKGRGAEQFFGPG	2e-05
CASSGKTNTGQLYFGEG	2e-05
CASSGKYNSPLYFGEG	2e-05
CASSGLAEQFFGPG	2e-05
CASSGLDSQNTLYFGAG	2e-05
CASSGLGEQNTLYFGAG	2e-05
CASSGLGESHTLYFGAG	2e-05
CASSGLGFYEQYFGPG	2e-05
CASSGLGGDYAEQFFGPG	2e-05
CASSGLGGFTGQLYFGEG	2e-05
CASSGLGGNTGQLYFGEG	2e-05
CASSGLGGPGEQYFGPG	2e-05
CASSGLGGRATQYFGPG	2e-05
CASSGLGGRDTGQLYFGEG	2e-05
CASSGLGKGAETLYFGSG	2e-05
CASSGLGNYAEQFFGPG	2e-05
CASSGLGRSAETLYFGSG	2e-05
CASSGLGSQDTQYFGPG	2e-05
CASSGLGSQNTLYFGAG	2e-05
CASSGLGVAEQFFGPG	2e-05
CASSGLGVNTGQLYFGEG	2e-05
CASSGLRSAETLYFGSG	2e-05
CASSGLSAETLYFGSG	2e-05
CASSGLWGGAEQFFGPG	2e-05
CASSGLYEQYFGPG	4e-05
CASSGMGGFSEQYFGPG	2e-05
CASSGNRNTLYFGAG	2e-05
CASSGPAATVDFGSG	2e-05
CASSGPDWGVPSAETLYFGSG	2e-05
CASSGPERLFFGHG	2e-05
CASSGPGLGGRRAETLYFGSG	2e-05
CASSGPGPNYAEQFFGPG	2e-05
CASSGPGQLYFGEG	2e-05
CASSGPGTASAETLYFGSG	2e-05
CASSGPTYEQYFGPG	2e-05
CASSGQASYEQYFGPG	2e-05
CASSGQEKNTEVFFGKG	2e-05
CASSGQGADQNTLYFGAG	2e-05
CASSGQGARQNTLYFGAG	2e-05
CASSGQGARVNYAEQFFGPG	2e-05
CASSGQGATEQFFGPG	2e-05
CASSGQGDEQYFGPG	2e-05
CASSGQGDSGNTLYFGEG	2e-05
CASSGQGDSPLYFGEG	2e-05
CASSGQGEQYFGPG	2e-05
CASSGQGERLFFGHG	2e-05
CASSGQGFQDTQYFGPG	2e-05
CASSGQGGNERLFFGHG	2e-05
CASSGQGGNTEVFFGKG	2e-05
CASSGQGGSQNTLYFGAG	2e-05
CASSGQGITEVFFGKG	2e-05
CASSGQGLAEQFFGPG	2e-05
CASSGQGLANSDYTFGSG	2e-05
CASSGQGRARTLYFGAG	2e-05
CASSGQGRYTGQLYFGEG	2e-05
CASSGQGVETLYFGSG	2e-05
CASSGQHTEVFFGKG	2e-05
CASSGQNSDYTFGSG	2e-05
CASSGQNSPLYFGEG	2e-05
CASSGQPSNERLFFGHG	2e-05
CASSGQRFSDYTFGSG	2e-05
CASSGQRGAETLYFGSG	2e-05
CASSGQSNERLFFGHG	2e-05
CASSGQSSYEQYFGPG	2e-05
CASSGQTEVFFGKG	2e-05
CASSGQTNTGQLYFGEG	2e-05
CASSGRANTEVFFGKG	2e-05
CASSGRDIQDTQYFGPG	2e-05
CASSGRDKGPGDTQYFGPG	2e-05
CASSGRDRGGTEVFFGKG	2e-05
CASSGRDRGNSPLYFGEG	2e-05
CASSGRDRGPEAEQFFGPG	2e-05
CASSGRDSNERLFFGHG	2e-05
CASSGRDTGQLYFGEG	2e-05
CASSGRENTLYFGAG	2e-05
CASSGRETLYFGSG	2e-05
CASSGRGDTLYFGAG	2e-05
CASSGRGGGCAEQFFGPG	2e-05
CASSGRGGGDAEQFFGPG	2e-05
CASSGRGGGDAWQVFGHG	2e-05
CASSGRGGSNERLFFGHG	2e-05
CASSGRGGTEVFFGKG	2e-05
CASSGRGGYEQYFGPG	2e-05
CASSGRGLSQNTLYFGAG	2e-05
CASSGRGNTGQLYFGEG	2e-05
CASSGRGPNERLFFGHG	2e-05
CASSGRGQDTQYFGPG	2e-05
CASSGRGRAETLYFGSG	2e-05
CASSGRGSSAETLYFGSG	2e-05
CASSGRGYAEQFFGPG	2e-05
CASSGRIDQDTQYFGPG	2e-05
CASSGRLANTEVFFGKG	2e-05
CASSGRLGAREETLYFGSG	2e-05
CASSGRLGGNYAEQFFGPG	2e-05
CASSGRLGGRGAETLYFGSG	2e-05
CASSGRNYAEQFFGPG	2e-05
CASSGRQSSYEQYFGPG	2e-05
CASSGRTGTGNTLYFGEG	2e-05
CASSGRVLNQDTQYFGPG	2e-05
CASSGRVYYEQYFGPG	2e-05
CASSGSDRPDYTFGSG	2e-05
CASSGSGDEQYFGPG	2e-05
CASSGSGDSPLYFGEG	2e-05
CASSGSGGAHAEQFFGPG	2e-05
CASSGSGGARAEQFFGPG	2e-05
CASSGSGTGNERLFFGHG	2e-05
CASSGSGTNYAEQFFGPG	2e-05
CASSGSPSDYTFGSG	2e-05
CASSGSRDRGETLYFGSG	2e-05
CASSGSRNQDTQYFGPG	2e-05
CASSGTAANERLFFGHG	2e-05
CASSGTAGKEVFFGKG	2e-05
CASSGTAYEQYFGPG	2e-05
CASSGTDGNSDYTFGSG	2e-05
CASSGTFYGNTLYFGEG	2e-05
CASSGTGAEQFFGPG	2e-05
CASSGTGAQDTQYFGPG	2e-05
CASSGTGASQNTLYFGAG	2e-05
CASSGTGDTEVFFGKG	2e-05
CASSGTGERLFFGHG	2e-05
CASSGTGGADTGQLYFGEG	2e-05
CASSGTGGAGQYFGPG	2e-05
CASSGTGGALDTLYFGAG	2e-05
CASSGTGGAPGQLYFGEG	2e-05
CASSGTGGARDTLYFGAG	2e-05
CASSGTGGDNYAEQFFGPG	2e-05
CASSGTGGDSSPLYFGEG	2e-05
CASSGTGGEDTQYFGPG	2e-05
CASSGTGGGNTLYFGEG	4e-05
CASSGTGGGNTQYFGPG	2e-05
CASSGTGGHAEQFFGPG	2e-05
CASSGTGGHEQYFGPG	2e-05
CASSGTGGNERLFFGHG	2e-05
CASSGTGGNQAPLFGEG	2e-05
CASSGTGGNTEVFFGKG	2e-05
CASSGTGGSSGNTLYFGEG	2e-05
CASSGTGGYERLFFGHG	2e-05
CASSGTGGYTLYFGAG	2e-05
CASSGTGGYYAEQFFGPG	2e-05
CASSGTGHTLYFGAG	2e-05
CASSGTGKFAEQFFGPG	2e-05
CASSGTGLPDTQYFGPG	2e-05
CASSGTGNSDYTFGSG	4e-05
CASSGTGNTGQLYFGEG	2e-05
CASSGTGNYAEQFFGPG	2e-05
CASSGTGPEVFFGKG	2e-05
CASSGTGPNSDYTFGSG	2e-05
CASSGTGQGDTQYFGPG	2e-05
CASSGTGQNYAEQFFGPG	2e-05
CASSGTGRAEQFFGPG	2e-05
CASSGTGRRNTLYFGAG	2e-05
CASSGTGSYEQYFGPG	2e-05
CASSGTGTGAGNTLYFGEG	2e-05
CASSGTGTGQLYFGEG	2e-05
CASSGTGTGYSGNTLYFGEG	2e-05
CASSGTGTRSPLYFGEG	2e-05
CASSGTGVQNTLYFGAG	2e-05
CASSGTGYTGQLYFGEG	4e-05
CASSGTISNERLFFGHG	2e-05
CASSGTLANTEVFFGKG	2e-05
CASSGTLQAPLFGEG	2e-05
CASSGTNANTEVFFGKG	2e-05
CASSGTNTGQLYFGEG	2e-05
CASSGTNTQYFGPG	2e-05
CASSGTPHTGQLYFGEG	2e-05
CASSGTPNERLFFGHG	2e-05
CASSGTPPEPFFGHG	2e-05
CASSGTPRAETLYFGSG	2e-05
CASSGTREDTQYFGPG	2e-05
CASSGTRYAEQFFGPG	4e-05
CASSGTSNNQAPLFGEG	2e-05
CASSGTSNSDYTFGSG	2e-05
CASSGTSSYEQYFGPG	2e-05
CASSGTTHTEVFFGKG	2e-05
CASSGVGGGDEQYFGPG	2e-05
CASSGVSNERLFFGHG	2e-05
CASSGVSSYEQYFGPG	2e-05
CASSGWGGAYEQYFGPG	2e-05
CASSGWGGFDTQYFGPG	2e-05
CASSGWGGGGKLYFGSG	2e-05
CASSGWGRGETLYFGSG	2e-05
CASSGWGRGGERLFFGHG	2e-05
CASSGWNNQAPLFGEG	2e-05
CASSGWQGGRGQYFGPG	2e-05
CASSGWVFAEQFFGPG	2e-05
CASSHACSYEQYFGPG	2e-05
CASSHAGGQNTLYFGAG	2e-05
CASSHAGQHNSPLYFGEG	2e-05
CASSHDAEQFFGPG	2e-05
CASSHDGGGGAETLYFGSG	2e-05
CASSHDKNTLYFGAG	2e-05
CASSHDNNQDTQYFGPG	2e-05
CASSHDNSQNTLYFGAG	2e-05
CASSHDRAEQFFGPG	2e-05
CASSHDRAETLYFGSG	2e-05
CASSHDRGEVFFGKG	2e-05
CASSHDRGRNSDYTFGSG	2e-05
CASSHDRGVSNERLFFGHG	2e-05
CASSHDWGGEQYFGPG	2e-05
CASSHDWGGHTLYFGAG	2e-05
CASSHDWGGPYFGPG	2e-05
CASSHDWGNTGQLYFGEG	2e-05
CASSHDWGSYEQYFGPG	2e-05
CASSHEGTTGQLYFGEG	2e-05
CASSHENQAPLFGEG	2e-05
CASSHEQGEAGNTLYFGEG	2e-05
CASSHEYWGNDTQYFGPG	2e-05
CASSHGADTEVFFGKG	2e-05
CASSHGANYAEQFFGPG	2e-05
CASSHGASAETLYFGSG	4e-05
CASSHGDWGGEDTLYFGAG	2e-05
CASSHGEAEQFFGPG	2e-05
CASSHGGDQAPLFGEG	2e-05
CASSHGGGAEQFFGPG	2e-05
CASSHGGSNTGQLYFGEG	2e-05
CASSHGGSSYEQYFGPG	2e-05
CASSHGIQDTQYFGPG	2e-05
CASSHGLGDPLYFGAG	2e-05
CASSHGLGGTETLYFGSG	2e-05
CASSHGLGNYEQYFGPG	2e-05
CASSHGLGVNQDTQYFGPG	2e-05
CASSHGPAETLYFGSG	2e-05
CASSHGQGNSPLYFGEG	2e-05
CASSHGQNSDYTFGSG	2e-05
CASSHGQSYEQYFGPG	2e-05
CASSHGTANTEVFFGKG	2e-05
CASSHGTDNSPLYFGEG	2e-05
CASSHGTGAEQFFGPG	2e-05
CASSHGTGAERLFFGHG	2e-05
CASSHGTGDAEQFFGPG	2e-05
CASSHGTGDQDTQYFGPG	2e-05
CASSHGTGGTLYFGSG	2e-05
CASSHGTGGTYEQYFGPG	2e-05
CASSHHPGQAPLFGEG	2e-05
CASSHHRLGGYAEQFFGPG	2e-05
CASSHKHSDYTFGSG	2e-05
CASSHKPSAETLYFGSG	2e-05
CASSHKSSYEQYFGPG	2e-05
CASSHLALNSDYTFGSG	2e-05
CASSHLASAETLYFGSG	2e-05
CASSHLGFYAEQFFGPG	2e-05
CASSHLGGRGYFGPG	2e-05
CASSHLLGGRDAETLYFGSG	2e-05
CASSHLQGARAEQFFGPG	2e-05
CASSHLTDSGNTLYFGEG	2e-05
CASSHMGLYAEQFFGPG	2e-05
CASSHNQDTQYFGPG	2e-05
CASSHNRNTLYFGAG	4e-05
CASSHNSGNTGQLYFGEG	2e-05
CASSHNTSYTSPLYFGEG	2e-05
CASSHNTTEVFFGKG	4e-05
CASSHPDRGAEVFFGKG	2e-05
CASSHPGGENTLYFGAG	2e-05
CASSHPGLGDTQYFGPG	2e-05
CASSHPGLSQNTLYFGAG	2e-05
CASSHPGQANSDYTFGSG	2e-05
CASSHPGQNQAPLFGEG	2e-05
CASSHPLATCETLYFGSG	2e-05
CASSHPPGQGGSDYTFGSG	2e-05
CASSHPRDTQYFGPG	2e-05
CASSHPRTGGTGQLYFGEG	2e-05
CASSHPSRQNTLYFGAG	2e-05
CASSHQDNQDTQYFGPG	2e-05
CASSHQDYNSPLYFGEG	2e-05
CASSHQEGGGKNTLYFGAG	2e-05
CASSHQGDTGQLYFGEG	2e-05
CASSHQGKNQDTQYFGPG	2e-05
CASSHQGNSPLYFGEG	2e-05
CASSHQGRNTLYFGAG	2e-05
CASSHQTGGQNTLYFGAG	2e-05
CASSHRAIEVFFGKG	2e-05
CASSHRDKNTGQLYFGEG	2e-05
CASSHRDNSAETLYFGSG	2e-05
CASSHRDQAPLFGEG	4e-05
CASSHRDRGERLFFGHG	2e-05
CASSHRDRGLAEQFFGPG	2e-05
CASSHRDSYNSPLYFGEG	2e-05
CASSHRDTQDTQYFGPG	2e-05
CASSHRDWAYAEQFFGPG	2e-05
CASSHRDWGDEQYFGPG	2e-05
CASSHRDYTGQLYFGEG	2e-05
CASSHREANQAPLFGEG	2e-05
CASSHREDTQYFGPG	2e-05
CASSHREGSDYTFGSG	2e-05
CASSHRGANTLYFGAG	2e-05
CASSHRGGSSYEQYFGPG	2e-05
CASSHRGGSYEQYFGPG	2e-05
CASSHRGIAETLYFGSG	2e-05
CASSHRGLAEQFFGPG	2e-05
CASSHRGQDTQYFGPG	2e-05
CASSHRGRGGSEQYFGPG	2e-05
CASSHRGRNSPLYFGEG	2e-05
CASSHRGSDYTFGSG	2e-05
CASSHRGSPPYFGEG	2e-05
CASSHRGTLYFGEG	2e-05
CASSHRGYEQYFGPG	2e-05
CASSHRGYTGQLYFGEG	4e-05
CASSHRLGMYTLYFGAG	2e-05
CASSHRLGVYEQYFGPG	4e-05
CASSHRNKSAETLYFGSG	2e-05
CASSHRQGANERLFFGHG	2e-05
CASSHRQGANTLYFGEG	2e-05
CASSHRQNTEVFFGKG	4e-05
CASSHRTGAEVFFGKG	2e-05
CASSHRTGESAETLYFGSG	2e-05
CASSHRTGNYAEQFFGPG	2e-05
CASSHRTGPEVFFGKG	2e-05
CASSHRTSPLYFGEG	2e-05
CASSHRTSQNTLYFGAG	2e-05
CASSHRVREQYFGPG	2e-05
CASSHRVTEVFFGKG	2e-05
CASSHRWGGQDTQYFGPG	2e-05
CASSHRYEQYFGPG	2e-05
CASSHRYNSPLYFGEG	2e-05
CASSHSADTQYFGPG	2e-05
CASSHSEDTQYFGPG	2e-05
CASSHSGPETLYFGSG	2e-05
CASSHSGTEVFFGKG	2e-05
CASSHSGTGNTGQLYFGEG	2e-05
CASSHSISNERLFFGHG	2e-05
CASSHSKNTLYFGAG	2e-05
CASSHSPNSDYTFGSG	2e-05
CASSHSPRIQVFFGKG	2e-05
CASSHSPSYTEVFFGKG	2e-05
CASSHSRAYEQYFGPG	2e-05
CASSHSRDTEVFFGKG	2e-05
CASSHSYTSPLYFGEG	2e-05
CASSHTGGAEQFFGPG	2e-05
CASSHTGRNNQAPLFGEG	2e-05
CASSHTGTGAETLYFGSG	2e-05
CASSHTGVSQNTLYFGAG	2e-05
CASSHTLYFGEG	2e-05
CASSHTPSNERLFFGHG	2e-05
CASSHVAETLYFGSG	2e-05
CASSHWGAQDTQYFGPG	2e-05
CASSHWGASAETLYFGSG	2e-05
CASSHWGDQNTLYFGAG	2e-05
CASSHWGGDTQYFGPG	2e-05
CASSHWGGGQNTLYFGAG	2e-05
CASSHWGGGYEQYFGPG	2e-05
CASSHWGPSYEQYFGPG	2e-05
CASSHWGSYAEQFFGPG	2e-05
CASSHWGTGQLYFGEG	2e-05
CASSHWSNTGQLYFGEG	2e-05
CASSHWSSAETLYFGSG	2e-05
CASSHYQNTLYFGAG	2e-05
CASSIAEGQTYEQYFGPG	2e-05
CASSIAGGARNYAEQFFGPG	2e-05
CASSIAGGKDTQYFGPG	2e-05
CASSIAGGTEVFFGKG	2e-05
CASSIAGLGVYAEQFFGPG	2e-05
CASSIAGNSPLYFGEG	2e-05
CASSIAGQGNERLFFGHG	2e-05
CASSIAGQKYEQYFGPG	2e-05
CASSIAGQYAEQFFGPG	2e-05
CASSIAGSTEVFFGKG	6.000000000000001e-05
CASSIAIRDTEVFFGKG	2e-05
CASSIAKDWGGSYEQYFGPG	2e-05
CASSIAKYEQYFGPG	2e-05
CASSIAPANTEVFFGKG	2e-05
CASSIARDDTEVFFGKG	4e-05
CASSIASNTGQLYFGEG	2e-05
CASSIAWDTEVFFGKG	2e-05
CASSIDADTEVFFGKG	2e-05
CASSIDGVQAPLFGEG	2e-05
CASSIDISGNTLYFGEG	2e-05
CASSIDNNQAPLFGEG	2e-05
CASSIDRGGSDYTFGSG	2e-05
CASSIDRVEQYFGPG	2e-05
CASSIDRYNSPLYFGEG	2e-05
CASSIDSLGNTLYFGEG	2e-05
CASSIDSYAEQFFGPG	2e-05
CASSIDWGSQNTLYFGAG	2e-05
CASSIDYAEQFFGPG	2e-05
CASSIEAGTGQLYFGEG	2e-05
CASSIEAQGKDSDYTFGSG	2e-05
CASSIEFFGPG	2e-05
CASSIEGGANTGQLYFGEG	2e-05
CASSIEGQEEGERLFFGHG	2e-05
CASSIEGQGNTEVFFGKG	2e-05
CASSIEGQGYEQYFGPG	2e-05
CASSIEGRAEVFFGKG	2e-05
CASSIEGSSAETLYFGSG	2e-05
CASSIEGSSDYTFGSG	2e-05
CASSIEGTGGKTLYFGSG	2e-05
CASSIENTGQLYFGEG	2e-05
CASSIEQGSYEQYFGPG	2e-05
CASSIEQRGTEVFFGKG	2e-05
CASSIEQYEQYFGPG	2e-05
CASSIEQYFGPG	2e-05
CASSIEREQYFGPG	2e-05
CASSIESYEQYFGPG	2e-05
CASSIFGEG	2e-05
CASSIFGGDTEVFFGKG	2e-05
CASSIGAANERLFFGHG	2e-05
CASSIGAKDTQYFGPG	4e-05
CASSIGDNTEVFFGKG	2e-05
CASSIGDRGGTEVFFGKG	2e-05
CASSIGDRGTETLYFGSG	2e-05
CASSIGDYAEQFFGPG	2e-05
CASSIGGAQDTQYFGPG	2e-05
CASSIGGDYAEQFFGPG	2e-05
CASSIGGGGAETLYFGSG	2e-05
CASSIGGGNTEVFFGKG	2e-05
CASSIGGGQNTLYFGAG	2e-05
CASSIGGGSSDYTFGSG	2e-05
CASSIGGGTEVFFGKG	4e-05
CASSIGGIEQYFGPG	2e-05
CASSIGGKAETLYFGSG	2e-05
CASSIGGLNTEVFFGKG	2e-05
CASSIGGQTYEQYFGPG	2e-05
CASSIGGTEGGNTLYFGEG	2e-05
CASSIGGTNTEVFFGKG	2e-05
CASSIGGTSAETLYFGSG	4e-05
CASSIGGYQDTQYFGPG	2e-05
CASSIGISYEQYFGPG	2e-05
CASSIGPMAGFFGKG	2e-05
CASSIGPNSDYTFGSG	2e-05
CASSIGQGANERLFFGHG	2e-05
CASSIGQGDTLYFGAG	2e-05
CASSIGQGQNTLYFGEG	2e-05
CASSIGQLYFGEG	2e-05
CASSIGQNAEQFFGPG	2e-05
CASSIGQNSPLYFGEG	2e-05
CASSIGQNYAEQFFGPG	2e-05
CASSIGQTSAETLYFGSG	2e-05
CASSIGRSYEQYFGPG	2e-05
CASSIGSADTQYFGPG	2e-05
CASSIGSQNTLYFGAG	2e-05
CASSIGTGAYTEVFFGKG	2e-05
CASSIGTGSAETLYFGSG	2e-05
CASSIGTHSGNTLYFGEG	2e-05
CASSIGTQYEQYFGPG	2e-05
CASSIGTSGNTLYFGEG	2e-05
CASSIGTTNERLFFGHG	2e-05
CASSIGTTSAETLYFGSG	2e-05
CASSIGTYSGNTLYFGEG	2e-05
CASSIGWGGAETLYFGSG	2e-05
CASSIGWGQDTQYFGPG	2e-05
CASSIGWNTEVFFGKG	2e-05
CASSIHAHNTEVFFGKG	2e-05
CASSIHANSDYTFGSG	2e-05
CASSIHTNERLFFGHG	2e-05
CASSIIGGINQDTQYFGPG	2e-05
CASSIKGDAEQFFGPG	2e-05
CASSIKGDTEVFFGKG	2e-05
CASSIKHSGNTLYFGEG	2e-05
CASSIKNTEVFFGKG	2e-05
CASSILDWGENTLYFGAG	2e-05
CASSILGENTLYFGAG	2e-05
CASSILGGAYEQYFGPG	2e-05
CASSILGGRAEQFFGPG	2e-05
CASSILGGRSYEQYFGPG	2e-05
CASSILGNQDTQYFGPG	2e-05
CASSILGQGTETLYFGSG	2e-05
CASSILGVFQDTQYFGPG	2e-05
CASSILNTEVFFGKG	2e-05
CASSILRDWVSAETLYFGSG	2e-05
CASSILTGEGAEQFFGPG	2e-05
CASSILWGGDTGQLYFGEG	2e-05
CASSIMGQNQAPLFGEG	2e-05
CASSIMSAETLYFGSG	2e-05
CASSINEQYFGPG	2e-05
CASSINRDNQAPLFGEG	2e-05
CASSINWGDQDTQYFGPG	2e-05
CASSINWGGAETLYFGSG	2e-05
CASSIPDNANTEVFFGKG	2e-05
CASSIPDSGNTLYFGEG	2e-05
CASSIPDWGGYEQYFGPG	2e-05
CASSIPGDMETLYFGSG	2e-05
CASSIPGEKDTLYFGAG	2e-05
CASSIPGFNERLFFGHG	2e-05
CASSIPGGAYAEQFFGPG	2e-05
CASSIPGGQETLYFGSG	2e-05
CASSIPGGSNTEVFFGKG	2e-05
CASSIPGQSNSDYTFGSG	2e-05
CASSIPGSSGNTLYFGEG	2e-05
CASSIPLQGQNTLYFGAG	2e-05
CASSIPQISAETLYFGSG	2e-05
CASSIPRQGYAEQFFGPG	2e-05
CASSIPRTGGRGAETLYFGSG	2e-05
CASSIPSSAETLYFGSG	2e-05
CASSIQEKIEVFFGKG	2e-05
CASSIQGISAETLYFGSG	4e-05
CASSIQGWNSPLYFGEG	2e-05
CASSIQGWTEVFFGKG	2e-05
CASSIQKNYAEQFFGPG	2e-05
CASSIQLGGPDTQYFGPG	2e-05
CASSIQSYNSPLYFGEG	2e-05
CASSIQTSAETLYFGSG	2e-05
CASSIQYEQYFGPG	2e-05
CASSIRAETLYFGSG	2e-05
CASSIRAWGNEQYFGPG	2e-05
CASSIRDKNSDYTFGSG	2e-05
CASSIRDRDGNTLYFGEG	2e-05
CASSIRDRGRQNTLYFGAG	2e-05
CASSIRDRGSKVFFGKG	2e-05
CASSIRDRGYEQYFGPG	2e-05
CASSIRDWGETLYFGSG	2e-05
CASSIREGAEQFFGPG	2e-05
CASSIRGANTEVFFGKG	2e-05
CASSIRGDAETLYFGSG	2e-05
CASSIRGGNYAEQFFGPG	2e-05
CASSIRKYEQYFGPG	2e-05
CASSIRLGVLETLYFGSG	2e-05
CASSIRNSGNTLYFGEG	2e-05
CASSIRPSIRLYFGEG	2e-05
CASSIRQDAETLYFGSG	2e-05
CASSIRQGGAEQFFGPG	2e-05
CASSIRTGDTQYFGPG	2e-05
CASSIRTLNTEVFFGKG	2e-05
CASSISDSAETLYFGSG	2e-05
CASSISFYNNERLFFGHG	2e-05
CASSISGGVYAEQFFGPG	2e-05
CASSISGNTGQLYFGEG	2e-05
CASSISINNQAPLFGEG	2e-05
CASSISNTEVFFGKG	2e-05
CASSISQGHTEVFFGKG	2e-05
CASSISREDTQYFGPG	2e-05
CASSISSSGNTLYFGEG	2e-05
CASSITDNYAEQFFGPG	2e-05
CASSITEYSGNTLYFGEG	2e-05
CASSITGAGAGNTLYFGEG	2e-05
CASSITGANTEVFFGKG	2e-05
CASSITGGDTEVFFGKG	2e-05
CASSITGGVSYEQYFGPG	2e-05
CASSITGGYRLSFGPG	2e-05
CASSITGNNQDTQYFGPG	2e-05
CASSITGREQYFGPG	2e-05
CASSIVGAETLYFGSG	2e-05
CASSIVGGSNERLFFGHG	2e-05
CASSIVGPYERLFFGHG	2e-05
CASSIVQGAQNTLYFGAG	2e-05
CASSIVSAETLYFGSG	2e-05
CASSIVWTGGNQDTQYFGPG	2e-05
CASSIWAQDTQYFGPG	2e-05
CASSIWGADTEVFFGKG	2e-05
CASSIWGANSDYTFGSG	2e-05
CASSIWGGSAETLYFGSG	2e-05
CASSIWQTGTGQLYFGEG	2e-05
CASSIWTGDERLFFGHG	2e-05
CASSIYTANTEVFFGKG	2e-05
CASSKAGGGTGQLYFGEG	2e-05
CASSKAQNSYNSPLYFGEG	2e-05
CASSKDGGYYAEQFFGPG	2e-05
CASSKDGIYEQYFGPG	2e-05
CASSKDIYNERLFFGHG	2e-05
CASSKDRVGSDYTFGSG	2e-05
CASSKDSYEQYFGPG	2e-05
CASSKDTTEVFFGKG	2e-05
CASSKDWGVNYAEQFFGPG	2e-05
CASSKEATQYFGPG	2e-05
CASSKEGSGNTLYFGEG	2e-05
CASSKERQTEVFFGKG	2e-05
CASSKGGNTGQLYFGEG	2e-05
CASSKGGPDYTFGSG	2e-05
CASSKGHSNERLFFGHG	2e-05
CASSKGLDTGQLYFGEG	2e-05
CASSKGLGVAETLYFGSG	2e-05
CASSKGNTLYFGAG	2e-05
CASSKGPHSEQYFGPG	2e-05
CASSKGQANTEVFFGKG	2e-05
CASSKGQGANTGQLYFGEG	2e-05
CASSKGTPNTEVFFGKG	2e-05
CASSKLSTAETLYFGSG	2e-05
CASSKNANTEVFFGKG	2e-05
CASSKNGGQNEQYFGPG	2e-05
CASSKNSDYTFGSG	2e-05
CASSKNTLYFGAG	2e-05
CASSKNYAEQFFGPG	2e-05
CASSKQDSYNSPLYFGEG	2e-05
CASSKQGANTLYFGAG	2e-05
CASSKQGFSYEQYFGPG	2e-05
CASSKQGIDSDYTFGSG	2e-05
CASSKQGNSDYTFGSG	2e-05
CASSKQGRAPEVFFGKG	2e-05
CASSKQGYGNTLYFGEG	2e-05
CASSKRDRGANSDYTFGSG	2e-05
CASSKRRRSEQYFGPG	2e-05
CASSKRSQAEVFFGKG	2e-05
CASSKSRGTTLYFGAG	2e-05
CASSKTAAKTGQLYFGEG	2e-05
CASSKTDEQYFGPG	2e-05
CASSKTEANTEVFFGKG	2e-05
CASSKTGANTEVFFGKG	2e-05
CASSKTGDEQYFGPG	2e-05
CASSKTGGARQNTLYFGAG	2e-05
CASSKTGGHEQYFGPG	2e-05
CASSKTGGSQNTLYFGAG	2e-05
CASSKTGYAEQFFGPG	2e-05
CASSKTGYSNSPLYFGEG	2e-05
CASSKTSSGNTLYFGEG	2e-05
CASSKTTSGNTLYFGEG	2e-05
CASSKVGRAETLYFGSG	2e-05
CASSKVSETLYFGSG	2e-05
CASSKWGGYNYAEQFFGPG	4e-05
CASSLAAAETLYFGSG	2e-05
CASSLAAGATEVFFGKG	2e-05
CASSLAAGGDGEEFFGHG	2e-05
CASSLAAGGEFFGPG	2e-05
CASSLAAGGYAEQFFGPG	2e-05
CASSLAANSPLYFGEG	2e-05
CASSLAAYSGNTLYFGEG	2e-05
CASSLADNSGNTLYFGEG	2e-05
CASSLADRGDYAEQFFGPG	2e-05
CASSLADRVGNTLYFGEG	2e-05
CASSLADSAETLYFGSG	2e-05
CASSLADSSDYTFGSG	2e-05
CASSLAEGTEQFFGPG	2e-05
CASSLAEKSYAEQFFGPG	4e-05
CASSLAFGEG	2e-05
CASSLAFSQNTLYFGAG	2e-05
CASSLAGAHEQYFGPG	2e-05
CASSLAGAKNTLYFGAG	2e-05
CASSLAGAQYFGPG	2e-05
CASSLAGDNERLFFGHG	2e-05
CASSLAGEAAQFFGPG	2e-05
CASSLAGEADTQYFGPG	2e-05
CASSLAGEITEVFFGKG	2e-05
CASSLAGGAGQNTLYFGAG	2e-05
CASSLAGGAPLYFGAG	2e-05
CASSLAGGARAEQFFGPG	4e-05
CASSLAGGATNERLFFGHG	2e-05
CASSLAGGDAEQFFGPG	2e-05
CASSLAGGEAEQFFGPG	2e-05
CASSLAGGHEQYFGPG	2e-05
CASSLAGGKGTLYFGSG	2e-05
CASSLAGGMNTLYFGAG	2e-05
CASSLAGGNERLFFGHG	2e-05
CASSLAGGPGETLYFGSG	2e-05
CASSLAGGQNYAEQFFGPG	2e-05
CASSLAGGREQYFGPG	2e-05
CASSLAGGRGQDTQYFGPG	2e-05
CASSLAGGSGNTLYFGEG	2e-05
CASSLAGGSSSYEQYFGPG	2e-05
CASSLAGGVNTLYFGAG	2e-05
CASSLAGGYEQYFGPG	2e-05
CASSLAGGYTGQLYFGEG	2e-05
CASSLAGHYAEQFFGPG	2e-05
CASSLAGKGGAETLYFGSG	2e-05
CASSLAGLDTLYFGAG	2e-05
CASSLAGLLYEQYFGPG	2e-05
CASSLAGLPAETLYFGSG	2e-05
CASSLAGLYEQYFGPG	2e-05
CASSLAGNEQYFGPG	2e-05
CASSLAGNNERLFFGHG	2e-05
CASSLAGNYEQYFGPG	2e-05
CASSLAGPNYAEQFFGPG	2e-05
CASSLAGPSAETLYFGSG	2e-05
CASSLAGQGANTEVFFGKG	2e-05
CASSLAGQGGAEQFFGPG	2e-05
CASSLAGQKNTGQLYFGEG	2e-05
CASSLAGQSAPLFGEG	2e-05
CASSLAGQSYEQYFGPG	2e-05
CASSLAGQTETLYFGSG	2e-05
CASSLAGQTQDTQYFGPG	2e-05
CASSLAGQVATQYFGPG	2e-05
CASSLAGRGTQYFGPG	2e-05
CASSLAGRYAEQFFGPG	2e-05
CASSLAGSDAEQFFGPG	2e-05
CASSLAGSNTGQLYFGEG	2e-05
CASSLAGSQNTLYFGAG	2e-05
CASSLAGTASYEQYFGPG	2e-05
CASSLAGTDSDYTFGSG	2e-05
CASSLAGTGGNERLFFGHG	2e-05
CASSLAGTGPYEQYFGPG	2e-05
CASSLAGTGRGTNTEVFFGKG	2e-05
CASSLAGTKNTGQLYFGEG	2e-05
CASSLAGTPEVFFGKG	4e-05
CASSLAGTSSYEQYFGPG	2e-05
CASSLAGTTTQAPLFGEG	2e-05
CASSLAGVNYAEQFFGPG	4e-05
CASSLAGVSDYTFGSG	2e-05
CASSLAGVSYEQYFGPG	2e-05
CASSLAGYAEQFFGPG	2e-05
CASSLAHANTEVFFGKG	2e-05
CASSLAHRANTEVFFGKG	2e-05
CASSLAINQDTQYFGPG	2e-05
CASSLAIQNTLYFGAG	4e-05
CASSLAISQNTLYFGAG	2e-05
CASSLALASQNTLYFGAG	2e-05
CASSLALASYEQYFGPG	2e-05
CASSLALDVPADTQYFGPG	2e-05
CASSLALGFYEQYFGPG	2e-05
CASSLALGGEQYFGPG	2e-05
CASSLALGGGQNTLYFGAG	2e-05
CASSLALGPFYEQYFGPG	2e-05
CASSLALGRVDTQYFGPG	2e-05
CASSLALHLNYAEQFFGPG	2e-05
CASSLALKGGGDTQYFGPG	2e-05
CASSLALNTLYFGEG	2e-05
CASSLALRTGQLYFGEG	4e-05
CASSLANNERLFFGHG	2e-05
CASSLANQAPLFGEG	2e-05
CASSLANQNTLYFGAG	4e-05
CASSLAPAREETLYFGSG	2e-05
CASSLAPGARVFFGPG	2e-05
CASSLAPGASAETLYFGSG	2e-05
CASSLAPGDYAEQFFGPG	2e-05
CASSLAPGEAETLYFGSG	2e-05
CASSLAPGGARAEQFFGPG	2e-05
CASSLAPGLGEQYFGPG	2e-05
CASSLAPGQGHERLFFGHG	2e-05
CASSLAPGTEVFFGKG	2e-05
CASSLAPHTLYFGAG	2e-05
CASSLAPRDREDTEVFFGKG	2e-05
CASSLAPRGQDTQYFGPG	2e-05
CASSLAPRNSDYTFGSG	2e-05
CASSLAPSTEVFFGKG	4e-05
CASSLAPTEVFFGKG	2e-05
CASSLAQANTGQLYFGEG	2e-05
CASSLAQGATLYFGAG	2e-05
CASSLAQGAYAEQFFGPG	2e-05
CASSLAQHAEQFFGPG	2e-05
CASSLAQIGGERLFFGHG	2e-05
CASSLAQQDTQYFGPG	2e-05
CASSLAQSNTGQLYFGEG	2e-05
CASSLAQTSPLYFGEG	2e-05
CASSLAQYEQYFGPG	2e-05
CASSLARAEQFFGPG	2e-05
CASSLARAQVFFGKG	2e-05
CASSLARDIYNSPLYFGEG	2e-05
CASSLARDNYAEQFFGPG	2e-05
CASSLARDREQYFGPG	2e-05
CASSLAREDTQYFGPG	2e-05
CASSLARGAPDYTFGSG	2e-05
CASSLARGEDTQYFGPG	2e-05
CASSLARGNERLFFGHG	2e-05
CASSLARGNYAEQFFGPG	2e-05
CASSLARGQNTLYFGAG	2e-05
CASSLARGSYEQYFGPG	2e-05
CASSLARGWAPLFGEG	6.000000000000001e-05
CASSLARGYGNTLYFGEG	2e-05
CASSLARHGAETLYFGSG	2e-05
CASSLARHNQDTQYFGPG	2e-05
CASSLARNTEVFFGKG	2e-05
CASSLARPETLYFGSG	2e-05
CASSLARQNTEVFFGKG	2e-05
CASSLARQNTLYFGAG	2e-05
CASSLARTNNQAPLFGEG	2e-05
CASSLARVETLYFGSG	2e-05
CASSLASKNGQLYFGPG	2e-05
CASSLASQDTQYFGPG	2e-05
CASSLASQGGGQNTLYFGAG	2e-05
CASSLASRAETLYFGSG	2e-05
CASSLASTYAEQFFGPG	2e-05
CASSLATGALSNERLFFGHG	2e-05
CASSLATGEYEQYFGPG	2e-05
CASSLATGGSSYEQYFGPG	2e-05
CASSLATGTDTQYFGPG	2e-05
CASSLATGVGNTLYFGEG	2e-05
CASSLATNQDTQYFGPG	2e-05
CASSLATVSNERLFFGHG	2e-05
CASSLAVNAETLYFGSG	2e-05
CASSLAVQYEQYFGPG	2e-05
CASSLAVSEQYFGPG	2e-05
CASSLAWGDGQNTLYFGAG	2e-05
CASSLAWGPNYAEQFFGPG	2e-05
CASSLAWGVEQYFGPG	2e-05
CASSLAWTANSDYTFGSG	2e-05
CASSLAWTKDTQYFGPG	2e-05
CASSLAYNNQAPLFGEG	4e-05
CASSLCRDKNTGQLYFGEG	2e-05
CASSLDAENTEVFFGKG	4e-05
CASSLDAEVFFGKG	2e-05
CASSLDAGDEQYFGPG	2e-05
CASSLDAGKEVFFGKG	2e-05
CASSLDAGQEYEQYFGPG	2e-05
CASSLDATGQLYFGEG	2e-05
CASSLDATNSDYTFGSG	2e-05
CASSLDDGYEQYFGPG	2e-05
CASSLDDNERLFFGHG	2e-05
CASSLDDRDEQYFGPG	2e-05
CASSLDDRNSDYTFGSG	2e-05
CASSLDDWREQYFGPG	2e-05
CASSLDEAGGYEQYFGPG	2e-05
CASSLDEAPLFGEG	2e-05
CASSLDEELYFGEG	2e-05
CASSLDEEQYFGPG	2e-05
CASSLDEGAEQFFGPG	2e-05
CASSLDEGRDTQYFGPG	2e-05
CASSLDENTGQLYFGEG	2e-05
CASSLDFAEQFFGPG	2e-05
CASSLDFSSYEQYFGPG	2e-05
CASSLDGAQNTLYFGAG	2e-05
CASSLDGAYAEQFFGPG	2e-05
CASSLDGDTEVFFGKG	2e-05
CASSLDGDWGQNTLYFGAG	2e-05
CASSLDGEGDTEVFFGKG	2e-05
CASSLDGGAETEVFFGKG	2e-05
CASSLDGGAGEQYFGPG	2e-05
CASSLDGGDKTGQLYFGEG	2e-05
CASSLDGGGLFFGHG	2e-05
CASSLDGGGRREKYFGPG	2e-05
CASSLDGGIYAEQFFGPG	2e-05
CASSLDGGLYEQYFGPG	4e-05
CASSLDGGQDTQYFGPG	2e-05
CASSLDGGQLTGQLYFGEG	2e-05
CASSLDGGRSGNTLYFGEG	2e-05
CASSLDGGSGNTLYFGEG	2e-05
CASSLDGGTEVFFGKG	2e-05
CASSLDGHNDTQYFGPG	2e-05
CASSLDGKGAETLYFGSG	4e-05
CASSLDGKYEQYFGPG	2e-05
CASSLDGLGPSYEQYFGPG	2e-05
CASSLDGNSPLYFGEG	2e-05
CASSLDGPAPLFGEG	2e-05
CASSLDGQDNSPLYFGEG	2e-05
CASSLDGQGGNTLYFGEG	2e-05
CASSLDGQGNSDYTFGSG	2e-05
CASSLDGQGVSNERLFFGHG	2e-05
CASSLDGQSAETLYFGSG	4e-05
CASSLDGRGNTEVFFGKG	2e-05
CASSLDGSNQDTQYFGPG	2e-05
CASSLDGSSAETLYFGSG	2e-05
CASSLDGTGGNAEQFFGPG	2e-05
CASSLDGTGGYEQYFGPG	2e-05
CASSLDGTQNTLYFGAG	2e-05
CASSLDGVGDTQYFGPG	2e-05
CASSLDGVGEQYFGPG	2e-05
CASSLDGVGSDYTFGSG	2e-05
CASSLDGVNTEVFFGKG	2e-05
CASSLDGWGGVAETLYFGSG	2e-05
CASSLDHPEVFFGKG	2e-05
CASSLDHSQNTLYFGAG	2e-05
CASSLDHSTGQLYFGEG	2e-05
CASSLDIKNTLYFGAG	2e-05
CASSLDISSYEQYFGPG	2e-05
CASSLDISYAEQFFGPG	2e-05
CASSLDIYEQYFGPG	2e-05
CASSLDKGGSSGNTLYFGEG	2e-05
CASSLDKGGYYAEQFFGPG	2e-05
CASSLDKLYEQYFGPG	2e-05
CASSLDKNTGQLYFGEG	2e-05
CASSLDKQYFGPG	2e-05
CASSLDLGAAETLYFGSG	2e-05
CASSLDLGGVQNTLYFGAG	2e-05
CASSLDLGLAEQFFGPG	2e-05
CASSLDLGSYEQYFGPG	2e-05
CASSLDLGWYAEQFFGPG	2e-05
CASSLDLRTGNYAEQFFGPG	2e-05
CASSLDLSSSGNTLYFGEG	2e-05
CASSLDMGEQYFGPG	2e-05
CASSLDMTTLSNERLFFGHG	2e-05
CASSLDNANTEVFFGKG	2e-05
CASSLDNNQAPLFGEG	2e-05
CASSLDNQAPLFGEG	4e-05
CASSLDNRATNTEVFFGKG	2e-05
CASSLDNSYEQYFGPG	2e-05
CASSLDPGGAETLYFGSG	2e-05
CASSLDPHSAETLYFGSG	2e-05
CASSLDPNSYNSPLYFGEG	2e-05
CASSLDPNTEVFFGKG	2e-05
CASSLDPNTLYFGAG	2e-05
CASSLDPNTQDTQYFGPG	2e-05
CASSLDPQGGEVFFGKG	2e-05
CASSLDPRANTEVFFGKG	2e-05
CASSLDQGNSPLYFGEG	2e-05
CASSLDQHTEVFFGKG	2e-05
CASSLDQTYEQYFGPG	4e-05
CASSLDRAAEQFFGPG	4e-05
CASSLDRAPYEQYFGPG	2e-05
CASSLDRASNSDYTFGSG	2e-05
CASSLDRCEQYFGPG	2e-05
CASSLDRDRDPERLFFGHG	2e-05
CASSLDRDSYEQYFGPG	2e-05
CASSLDREEQFFGPG	2e-05
CASSLDREHSDYTFGSG	2e-05
CASSLDRETEQFFGPG	2e-05
CASSLDREYAEQFFGPG	2e-05
CASSLDRGDSDYTFGSG	2e-05
CASSLDRGFPLYFGEG	2e-05
CASSLDRGGQYFGPG	2e-05
CASSLDRGHERLFFGHG	4e-05
CASSLDRGHNQAPLFGEG	2e-05
CASSLDRGPAETLYFGSG	2e-05
CASSLDRGQVFFGKG	2e-05
CASSLDRGRANTEVFFGKG	2e-05
CASSLDRGRDERLFFGHG	2e-05
CASSLDRGRGNTLYFGAG	2e-05
CASSLDRGRGRFYEQYFGPG	2e-05
CASSLDRGRTLYFGAG	2e-05
CASSLDRHMYFGPG	2e-05
CASSLDRHTGQLYFGEG	2e-05
CASSLDRIDTLYFGEG	2e-05
CASSLDRKGNTLYFGAG	2e-05
CASSLDRKNTGQLYFGEG	2e-05
CASSLDRLITEVFFGKG	2e-05
CASSLDRNERLFFGHG	2e-05
CASSLDRNTGQLYFGEG	2e-05
CASSLDRPGVYEQYFGPG	2e-05
CASSLDRPTSGNTLYFGEG	2e-05
CASSLDRPVNYAEQFFGPG	2e-05
CASSLDRQGQDTQYFGPG	4e-05
CASSLDRQQNTLYFGAG	2e-05
CASSLDRRDSGNTLYFGEG	2e-05
CASSLDRRGAEQFFGPG	2e-05
CASSLDRSSAETLYFGSG	2e-05
CASSLDRTGGIAETLYFGSG	2e-05
CASSLDRTNTGQLYFGEG	2e-05
CASSLDRTQYFGPG	2e-05
CASSLDRTSYEQYFGPG	2e-05
CASSLDRVGNTLYFGEG	2e-05
CASSLDRVNQDTQYFGPG	2e-05
CASSLDRVTDYTFGSG	2e-05
CASSLDSDSNERLFFGHG	2e-05
CASSLDSDTEVFFGKG	2e-05
CASSLDSENTLYFGAG	2e-05
CASSLDSFNYAEQFFGPG	2e-05
CASSLDSFYFGEG	2e-05
CASSLDSGDYTFGSG	2e-05
CASSLDSGQNTLYFGAG	2e-05
CASSLDSGQYFGPG	2e-05
CASSLDSIEVFFGKG	2e-05
CASSLDSNSPLYFGEG	2e-05
CASSLDSPIYFGEG	2e-05
CASSLDSPYEQYFGPG	2e-05
CASSLDSSNERLFFGHG	2e-05
CASSLDSTGNTLYFGEG	2e-05
CASSLDSTGQLYFGEG	2e-05
CASSLDSYQAPLFGEG	2e-05
CASSLDTDSDYTFGSG	2e-05
CASSLDTGERLFFGHG	2e-05
CASSLDTNQDTQYFGPG	2e-05
CASSLDTNYEQYFGPG	2e-05
CASSLDTQGYEQYFGPG	2e-05
CASSLDTSNTGQLYFGEG	2e-05
CASSLDVTLPLYFGEG	2e-05
CASSLDVYEQYFGPG	2e-05
CASSLDWADTQYFGPG	2e-05
CASSLDWEKCDSTQYFGPG	2e-05
CASSLDWESAETLYFGSG	2e-05
CASSLDWGALEQYFGPG	2e-05
CASSLDWGDTETLYFGSG	2e-05
CASSLDWGEDTQYFGPG	2e-05
CASSLDWGENTLYFGAG	2e-05
CASSLDWGEWNTLYFGAG	2e-05
CASSLDWGGADTQYFGPG	4e-05
CASSLDWGGASQNTLYFGAG	2e-05
CASSLDWGGEQYFGPG	4e-05
CASSLDWGGEVFFGKG	2e-05
CASSLDWGGGEQYFGPG	2e-05
CASSLDWGGGKPLYFGAG	2e-05
CASSLDWGGGNQDTQYFGPG	2e-05
CASSLDWGGPDTQYFGPG	2e-05
CASSLDWGGRAEQFFGPG	2e-05
CASSLDWGGRDEQFFGPG	2e-05
CASSLDWGGRSYEQYFGPG	2e-05
CASSLDWGGRVEQFFGPG	2e-05
CASSLDWGGSYEQYFGPG	2e-05
CASSLDWGGVGAETLYFGSG	2e-05
CASSLDWGKEDTQYFGPG	2e-05
CASSLDWGLNYAEQFFGPG	2e-05
CASSLDWGNERLFFGHG	2e-05
CASSLDWGNTGQLYFGEG	2e-05
CASSLDWGNTLYFGAG	2e-05
CASSLDWGNYEQYFGPG	2e-05
CASSLDWGQFFGPG	2e-05
CASSLDWGQGNERLFFGHG	2e-05
CASSLDWGRDTQYFGPG	2e-05
CASSLDWGRHSDYTFGSG	2e-05
CASSLDWGRQDTQYFGPG	2e-05
CASSLDWGRYEQYFGPG	2e-05
CASSLDWGSTQYFGPG	2e-05
CASSLDWGTAETLYFGSG	2e-05
CASSLDWGVEQYFGPG	2e-05
CASSLDWGVGTGQLYFGEG	2e-05
CASSLDWKNTLYFGAG	2e-05
CASSLDWLNQDTQYFGPG	2e-05
CASSLDWPAETLYFGSG	2e-05
CASSLDWQGAYFGPG	2e-05
CASSLDWQGEVFFGKG	2e-05
CASSLDWVNQDTQYFGPG	2e-05
CASSLDWVSQNTLYFGAG	2e-05
CASSLDWVTGQLYFGEG	2e-05
CASSLDYFGPG	2e-05
CASSLDYSAETLYFGSG	2e-05
CASSLDYSGNTLYFGEG	2e-05
CASSLEADTQYFGPG	2e-05
CASSLEAGDSGNTLYFGEG	2e-05
CASSLEAGGAETLYFGSG	2e-05
CASSLEAGGDEKKFGHG	2e-05
CASSLEAGGGAETLYFGSG	2e-05
CASSLEAGGQYFGPG	2e-05
CASSLEAGGTGQLYFGEG	2e-05
CASSLEAGNYAEQFFGPG	2e-05
CASSLEAGRADYTFGSG	2e-05
CASSLEAGSETLYFGSG	2e-05
CASSLEAGSYAEQFFGPG	2e-05
CASSLEAGVNERLFFGHG	2e-05
CASSLEANQAPLFGEG	2e-05
CASSLEANQDTQYFGPG	2e-05
CASSLEANTGQLYFGEG	2e-05
CASSLEAPPNTLYFGAG	2e-05
CASSLEAPPPFGPG	2e-05
CASSLEAPQNTLYFGAG	2e-05
CASSLEAQNTEVFFGKG	2e-05
CASSLEAREQTLYFGSG	2e-05
CASSLEARGTEVFFGKG	2e-05
CASSLEARQNTLYFGAG	2e-05
CASSLEATNSGNTLYFGEG	2e-05
CASSLEATSSGNTLYFGEG	2e-05
CASSLEAVNTGQLYFGEG	2e-05
CASSLEDDEQYFGPG	2e-05
CASSLEDFYEQYFGPG	2e-05
CASSLEDGYAEQFFGPG	2e-05
CASSLEDKNSDYTFGSG	2e-05
CASSLEDNLSNERLFFGHG	2e-05
CASSLEDRAYAEQFFGPG	2e-05
CASSLEDRGLEQYFGPG	2e-05
CASSLEDRGTEVFFGKG	2e-05
CASSLEDRNTEVFFGKG	2e-05
CASSLEDRNTGQLYFGEG	4e-05
CASSLEDRQDTQYFGPG	2e-05
CASSLEDSDYTFGSG	2e-05
CASSLEDSRTTLYFGAG	2e-05
CASSLEDSSAETLYFGSG	2e-05
CASSLEDSYEQYFGPG	2e-05
CASSLEDTLYFGAG	2e-05
CASSLEEGASTLYFGAG	2e-05
CASSLEEGNTEVFFGKG	2e-05
CASSLEENEQYFGPG	2e-05
CASSLEERSTEVFFGKG	2e-05
CASSLEESYEQYFGPG	2e-05
CASSLEETTDYTFGSG	2e-05
CASSLEFANSDYTFGSG	2e-05
CASSLEFRDEQYFGPG	2e-05
CASSLEFSNERLFFGHG	2e-05
CASSLEGADAETLYFGSG	2e-05
CASSLEGAETLYFGSG	2e-05
CASSLEGAGDTQYFGPG	2e-05
CASSLEGAGSPLYFGEG	2e-05
CASSLEGAKDTQYFGPG	2e-05
CASSLEGAKVFFGKG	2e-05
CASSLEGAPTYEQYFGPG	2e-05
CASSLEGARGAETLYFGSG	2e-05
CASSLEGARYEQYFGPG	2e-05
CASSLEGASYEQYFGPG	2e-05
CASSLEGATLYFGSG	2e-05
CASSLEGATPEVFFGKG	2e-05
CASSLEGAYNSPLYFGEG	2e-05
CASSLEGDRGDTQYFGPG	4e-05
CASSLEGEDTGQLYFGEG	2e-05
CASSLEGEGNQAPLFGEG	2e-05
CASSLEGEGQNTLYFGAG	2e-05
CASSLEGFFYEQYFGPG	2e-05
CASSLEGFSGNTLYFGEG	2e-05
CASSLEGFSYEQYFGPG	2e-05
CASSLEGGANERLFFGHG	2e-05
CASSLEGGGEQYFGPG	2e-05
CASSLEGGGPETLYFGSG	2e-05
CASSLEGGKNTLYFGAG	2e-05
CASSLEGGPDTQYFGPG	2e-05
CASSLEGGPGQLYFGEG	2e-05
CASSLEGGPYEQYFGPG	2e-05
CASSLEGGRETLYFGSG	2e-05
CASSLEGGTGQNTLYFGAG	2e-05
CASSLEGGWEQYFGPG	2e-05
CASSLEGGWHEQYFGPG	2e-05
CASSLEGHNTGQLYFGEG	2e-05
CASSLEGHYEQYFGPG	4e-05
CASSLEGKGDTQYFGPG	2e-05
CASSLEGKRLFFGHG	2e-05
CASSLEGKSQNTLYFGAG	2e-05
CASSLEGLFYAEQFFGPG	2e-05
CASSLEGLGGTTLYFGAG	2e-05
CASSLEGLTPGQLYFGEG	2e-05
CASSLEGNNSPLYFGEG	2e-05
CASSLEGPDEQFFGPG	2e-05
CASSLEGPKTSQNTLYFGAG	2e-05
CASSLEGPSEQFFGPG	2e-05
CASSLEGQANERLFFGHG	2e-05
CASSLEGQANSDYTFGSG	2e-05
CASSLEGQGAGNTLYFGEG	2e-05
CASSLEGQGAVFFGKG	2e-05
CASSLEGQGDSDYTFGSG	2e-05
CASSLEGQGDTEVFFGKG	2e-05
CASSLEGQGNAETLYFGSG	2e-05
CASSLEGQHNERLFFGHG	2e-05
CASSLEGQIISNERLFFGHG	2e-05
CASSLEGRAGRLFFGHG	2e-05
CASSLEGRANTEVFFGKG	2e-05
CASSLEGREGERLFFGHG	2e-05
CASSLEGRGDTQYFGPG	2e-05
CASSLEGRGSDYTFGSG	2e-05
CASSLEGRHDTQYFGPG	2e-05
CASSLEGRLRERLFFGHG	2e-05
CASSLEGRQQAPLFGEG	2e-05
CASSLEGSAEQFFGPG	2e-05
CASSLEGSSNSDYTFGSG	4e-05
CASSLEGTGAGNTLYFGEG	2e-05
CASSLEGTGRNAEQFFGPG	2e-05
CASSLEGTGVTLYFGEG	2e-05
CASSLEGTGYQAPLFGEG	2e-05
CASSLEGTISNERLFFGHG	2e-05
CASSLEGTVDTLYFGAG	2e-05
CASSLEGTVQAPLFGEG	2e-05
CASSLEGVQNTLYFGAG	2e-05
CASSLEGWEGTQYFGPG	2e-05
CASSLEHQAPLFGEG	2e-05
CASSLEHTGQLYFGEG	2e-05
CASSLEINTGQLYFGEG	2e-05
CASSLEITTNERLFFGHG	2e-05
CASSLEIWKGQNTLYFGAG	2e-05
CASSLELFQNTLYFGAG	2e-05
CASSLELGARYAEQFFGPG	2e-05
CASSLELGAYEQYFGPG	2e-05
CASSLELGEYEQYFGPG	2e-05
CASSLELGGGTQYFGPG	2e-05
CASSLELGGLNTGQLYFGEG	2e-05
CASSLELGGMEQYFGPG	2e-05
CASSLELGGNTGQLYFGEG	2e-05
CASSLELGGSYEQYFGPG	2e-05
CASSLELNTGQLYFGEG	2e-05
CASSLELSGNTLYFGEG	2e-05
CASSLELTSQNTLYFGAG	2e-05
CASSLELYNSPLYFGEG	2e-05
CASSLEMAYEQYFGPG	2e-05
CASSLENRYEQYFGPG	2e-05
CASSLEPDTQYFGPG	2e-05
CASSLEPFSNERLFFGHG	2e-05
CASSLEPGGDYAEQFFGPG	2e-05
CASSLEPGGRAETLYFGSG	2e-05
CASSLEPGQSNSDYTFGSG	2e-05
CASSLEPGYAEQFFGPG	2e-05
CASSLEPYEQYFGPG	2e-05
CASSLEQANERLFFGHG	2e-05
CASSLEQDRVFFGKG	2e-05
CASSLEQGAHTQYFGPG	2e-05
CASSLEQGAREQYFGPG	2e-05
CASSLEQGGEVFFGKG	2e-05
CASSLEQGPETRYFGPG	2e-05
CASSLEQGQDTQYFGPG	2e-05
CASSLEQGSNERLFFGHG	2e-05
CASSLEQGVYEQYFGPG	2e-05
CASSLEQISAETLYFGSG	2e-05
CASSLEQNYEQYFGPG	2e-05
CASSLEQTNTGQLYFGEG	2e-05
CASSLEQWAEQYFGPG	2e-05
CASSLERAEQYFGPG	4e-05
CASSLERAGQLYFGEG	2e-05
CASSLERAGSDYTFGSG	2e-05
CASSLERDQAPLFGEG	2e-05
CASSLERDYAEQFFGPG	2e-05
CASSLEREVFFGKG	2e-05
CASSLERGGATQYFGPG	2e-05
CASSLERGGDTQYFGPG	2e-05
CASSLERGNQAPLFGEG	2e-05
CASSLERNTLYFGEG	2e-05
CASSLERPGQDTQYFGPG	2e-05
CASSLERPTEVFFGKG	4e-05
CASSLERQKTEVFFGKG	2e-05
CASSLERRGDEQYFGPG	2e-05
CASSLERVGQLYFGEG	2e-05
CASSLESAETLYFGSG	2e-05
CASSLESAQYFGPG	2e-05
CASSLESDNSPLYFGEG	2e-05
CASSLESEVFFGKG	2e-05
CASSLESGAGEQYFGPG	2e-05
CASSLESGSGNTLYFGEG	2e-05
CASSLESNNQAPLFGEG	2e-05
CASSLESSAETLYFGSG	2e-05
CASSLESSSNERLFFGHG	2e-05
CASSLETADTLYFGAG	2e-05
CASSLETDTLYFGAG	2e-05
CASSLETDTNYAEQFFGPG	2e-05
CASSLETEVFFGKG	2e-05
CASSLETGDNQAPLFGEG	2e-05
CASSLETGETEVFFGKG	2e-05
CASSLETGGDSDYTFGSG	2e-05
CASSLETGGPEVFFGKG	2e-05
CASSLETGGTEVFFGKG	2e-05
CASSLETGGYEQYFGPG	2e-05
CASSLETGNHSPLYFGEG	2e-05
CASSLETGNTEVFFGKG	2e-05
CASSLETGNYEQYFGPG	2e-05
CASSLETGQGAETLYFGSG	2e-05
CASSLETGTEVFFGKG	2e-05
CASSLETLYFGSG	2e-05
CASSLEVANTEVFFGKG	2e-05
CASSLEVANTGQLYFGEG	2e-05
CASSLEVGGASNTGQLYFGEG	2e-05
CASSLEVGGDEQYFGPG	2e-05
CASSLEVQDTQYFGPG	2e-05
CASSLEVSAETLYFGSG	2e-05
CASSLEVTSAETLYFGSG	2e-05
CASSLEVYAEQFFGPG	2e-05
CASSLEVYSGNTLYFGEG	2e-05
CASSLEWDQDTQYFGPG	2e-05
CASSLEWGGEQYFGPG	2e-05
CASSLEWGSAETLYFGSG	2e-05
CASSLEWGSDTQYFGPG	2e-05
CASSLEWGSEQYFGPG	2e-05
CASSLEWSGAETLYFGSG	2e-05
CASSLEWTANSDYTFGSG	2e-05
CASSLEWTGHPLYFGAG	2e-05
CASSLEYRSNSDYTFGSG	2e-05
CASSLEYTEVFFGKG	2e-05
CASSLFAANERLFFGHG	2e-05
CASSLFAGSSYEQYFGPG	2e-05
CASSLFARANTEVFFGKG	2e-05
CASSLFDRANTEVFFGKG	2e-05
CASSLFFSNERLFFGHG	2e-05
CASSLFGDEQYFGPG	2e-05
CASSLFGDQDTQYFGPG	2e-05
CASSLFGGAQEQYFGPG	2e-05
CASSLFGGGEDTQYFGPG	2e-05
CASSLFGGVSYEQYFGPG	2e-05
CASSLFGQGTETLYFGSG	2e-05
CASSLFGQPNTLYFGAG	2e-05
CASSLFPGGSSPLYFGEG	2e-05
CASSLFPGGYEQYFGPG	2e-05
CASSLFPNERLFFGHG	2e-05
CASSLFQANTEVFFGKG	2e-05
CASSLFQNTEVFFGKG	2e-05
CASSLFRYEQYFGPG	2e-05
CASSLFVQGGPGQLYFGEG	2e-05
CASSLFWGGDEQYFGPG	2e-05
CASSLFWGGTGQLYFGEG	2e-05
CASSLFWGQDTQYFGPG	2e-05
CASSLFYRSPLYFGEG	2e-05
CASSLGAENSDYTFGSG	2e-05
CASSLGAGAGNTLYFGEG	2e-05
CASSLGAGEDTQYFGPG	2e-05
CASSLGAHTEVFFGKG	2e-05
CASSLGAKNTLYFGAG	2e-05
CASSLGANSDYTFGSG	2e-05
CASSLGAPGKFYFGEG	2e-05
CASSLGAREETLYFGSG	2e-05
CASSLGARGGETQYFGPG	4e-05
CASSLGARTERLFFGHG	2e-05
CASSLGASDYTFGSG	2e-05
CASSLGATPPFFGKG	2e-05
CASSLGATSAETLYFGSG	2e-05
CASSLGAYAEQFFGPG	2e-05
CASSLGDDTEVFFGKG	2e-05
CASSLGDGAEQFFGPG	2e-05
CASSLGDGGLYEQYFGPG	2e-05
CASSLGDGYEQYFGPG	2e-05
CASSLGDLAQNTLYFGAG	2e-05
CASSLGDRAEQYFGPG	2e-05
CASSLGDRENTGQLYFGEG	2e-05
CASSLGDREYEQYFGPG	2e-05
CASSLGDRGANTEVFFGKG	2e-05
CASSLGDRGLEQYFGPG	2e-05
CASSLGDRGTEVFFGKG	2e-05
CASSLGDRSSAETLYFGSG	2e-05
CASSLGDRVERLFFGHG	2e-05
CASSLGDRVTEVFFGKG	2e-05
CASSLGDSGAETLYFGSG	2e-05
CASSLGDSQAPLFGEG	2e-05
CASSLGDWGGAYAEQFFGPG	2e-05
CASSLGDYSYEQYFGPG	2e-05
CASSLGEDSYEQYFGPG	2e-05
CASSLGEENTLYFGAG	2e-05
CASSLGEETEVFFGKG	2e-05
CASSLGEGAPLYFGEG	2e-05
CASSLGEIYAEQFFGPG	2e-05
CASSLGESGNTLYFGEG	2e-05
CASSLGFGTEVFFGKG	2e-05
CASSLGGAATLYFGSG	4e-05
CASSLGGAEVFFGKG	2e-05
CASSLGGAGGFFGKG	2e-05
CASSLGGAGNSDYTFGSG	2e-05
CASSLGGALAEQFFGPG	2e-05
CASSLGGALDEQYFGPG	2e-05
CASSLGGAPDTQYFGPG	2e-05
CASSLGGAPLYFGEG	2e-05
CASSLGGARTQYFGPG	2e-05
CASSLGGAYAEQFFGPG	2e-05
CASSLGGDDNQAPLFGEG	2e-05
CASSLGGDGQLYFGEG	2e-05
CASSLGGDNERLFFGHG	2e-05
CASSLGGEGTGQLYFGEG	2e-05
CASSLGGEVQFFGPG	2e-05
CASSLGGFDEQYFGPG	2e-05
CASSLGGGAPAEQFFGPG	2e-05
CASSLGGGGAEQFFGPG	2e-05
CASSLGGGGDEQYFGPG	2e-05
CASSLGGGGFAGQFFGHG	2e-05
CASSLGGGGNYAEQFFGPG	2e-05
CASSLGGGGRSQNTLYFGAG	2e-05
CASSLGGGGVFFGKG	2e-05
CASSLGGGIAETLYFGSG	2e-05
CASSLGGGIQDTQYFGPG	2e-05
CASSLGGGKAPLFGEG	2e-05
CASSLGGGKKTSFFGPG	2e-05
CASSLGGGPSQNTLYFGAG	2e-05
CASSLGGGPTEVFFGKG	2e-05
CASSLGGGVAETLYFGSG	2e-05
CASSLGGGVTEVFFGKG	2e-05
CASSLGGGYNYAEQFFGPG	2e-05
CASSLGGHTEVFFGKG	2e-05
CASSLGGIEQYFGPG	2e-05
CASSLGGIGAETLYFGSG	2e-05
CASSLGGINQDTQYFGPG	2e-05
CASSLGGKNTEVFFGKG	2e-05
CASSLGGKTGQLYFGEG	2e-05
CASSLGGLAEVFFGKG	2e-05
CASSLGGLGFVAEQFFGPG	2e-05
CASSLGGLGGLYEQYFGPG	2e-05
CASSLGGLGIGEQYFGPG	2e-05
CASSLGGLKDTQYFGPG	2e-05
CASSLGGNNYAEQFFGPG	2e-05
CASSLGGPDYAEQFFGPG	2e-05
CASSLGGPERLFFGHG	2e-05
CASSLGGPGENTLYFGAG	2e-05
CASSLGGQDTQYFGPG	2e-05
CASSLGGQGAYEQYFGPG	2e-05
CASSLGGQGEVFFGKG	2e-05
CASSLGGQGGNTEVFFGKG	2e-05
CASSLGGQGNQAPLFGEG	2e-05
CASSLGGQGSQDTQYFGPG	2e-05
CASSLGGQNTLYFGAG	2e-05
CASSLGGQNTLYFGEG	2e-05
CASSLGGQRDTQYFGPG	2e-05
CASSLGGQSAETLYFGSG	2e-05
CASSLGGQVFFGKG	2e-05
CASSLGGRDSPLYFGEG	2e-05
CASSLGGRDTQYFGPG	2e-05
CASSLGGRGDTQYFGPG	2e-05
CASSLGGRHDTQYFGPG	2e-05
CASSLGGRNTEVFFGKG	4e-05
CASSLGGRPDYTFGSG	2e-05
CASSLGGRQDTQYFGPG	2e-05
CASSLGGRSERLFFGHG	2e-05
CASSLGGRSGNTLYFGEG	2e-05
CASSLGGRVFFGKG	2e-05
CASSLGGSGQLYFGEG	2e-05
CASSLGGSNERLFFGHG	2e-05
CASSLGGSQNTITFGEG	2e-05
CASSLGGSSQNTLYFGAG	2e-05
CASSLGGSSYEQYFGPG	4e-05
CASSLGGTERLFFGHG	2e-05
CASSLGGTGAYAEQFFGPG	2e-05
CASSLGGTGDQDTQYFGPG	2e-05
CASSLGGTGPTLYFGAG	2e-05
CASSLGGTGWAEQFFGPG	2e-05
CASSLGGTLYFGAG	2e-05
CASSLGGTPEQYFGPG	2e-05
CASSLGGVQNTLYFGAG	2e-05
CASSLGGVSQNTLYFGAG	2e-05
CASSLGGYSYEQYFGPG	2e-05
CASSLGHDANSDYTFGSG	2e-05
CASSLGHHQAPLFGEG	2e-05
CASSLGHNQDTQYFGPG	2e-05
CASSLGHPSNERLFFGHG	2e-05
CASSLGHVQNTLYFGAG	2e-05
CASSLGIGAETLYFGSG	2e-05
CASSLGISDYTFGSG	2e-05
CASSLGITDTQYFGPG	2e-05
CASSLGKDEQYFGPG	2e-05
CASSLGKGPFNERLFFGHG	2e-05
CASSLGKSQNTLYFGAG	2e-05
CASSLGLAGRYAEQFFGPG	2e-05
CASSLGLAISYEQYFGPG	2e-05
CASSLGLAQDTQYFGPG	2e-05
CASSLGLDNYAEQFFGPG	2e-05
CASSLGLDTQYFGPG	2e-05
CASSLGLEENTLYFGAG	2e-05
CASSLGLESSYEQYFGPG	2e-05
CASSLGLGAEQFFGPG	2e-05
CASSLGLGEETLYFGSG	2e-05
CASSLGLGGAAEQFFGPG	2e-05
CASSLGLGGAQYFGPG	2e-05
CASSLGLGGNNYAEQFFGPG	2e-05
CASSLGLGGPAEQFFGPG	2e-05
CASSLGLGGRPGQLYFGEG	2e-05
CASSLGLGGRYAEQFFGPG	2e-05
CASSLGLGGSSYEQYFGPG	2e-05
CASSLGLGGYSAETLYFGSG	2e-05
CASSLGLGIQDTQYFGPG	2e-05
CASSLGLGISAETLYFGSG	2e-05
CASSLGLGPEQFFGPG	2e-05
CASSLGLGQNTLYFGAG	2e-05
CASSLGLGQQYFGPG	2e-05
CASSLGLGSQDTQYFGPG	2e-05
CASSLGLGSSQNTLYFGAG	2e-05
CASSLGLGTSAETLYFGSG	2e-05
CASSLGLGVEQYFGPG	2e-05
CASSLGLGWRDTQYFGPG	2e-05
CASSLGLNAETLYFGSG	2e-05
CASSLGLNERLFFGHG	2e-05
CASSLGLRTGQLYFGEG	2e-05
CASSLGLTGEGNTLYFGEG	2e-05
CASSLGLVNQDTQYFGPG	2e-05
CASSLGLVSQNTLYFGAG	2e-05
CASSLGLYAEQFFGPG	2e-05
CASSLGLYNYAEQFFGPG	2e-05
CASSLGMGEQYFGPG	2e-05
CASSLGNAEQFFGPG	2e-05
CASSLGNNQAPLFGEG	2e-05
CASSLGNQDTQYFGPG	2e-05
CASSLGNSQNTLYFGAG	2e-05
CASSLGPGGGYEQYFGPG	2e-05
CASSLGPGHDTQYFGPG	2e-05
CASSLGPGNTEVFFGKG	2e-05
CASSLGPGQGSDYTFGSG	2e-05
CASSLGPGVGGEQYFGPG	2e-05
CASSLGPIFNNQAPLFGEG	2e-05
CASSLGPNAHSDYTFGSG	2e-05
CASSLGPNTEVFFGKG	4e-05
CASSLGPRAPQYFGPG	2e-05
CASSLGPRGPSGYTQYFGPG	2e-05
CASSLGPTNSDYTFGSG	4e-05
CASSLGQAEQYFGPG	2e-05
CASSLGQDSAETLYFGSG	2e-05
CASSLGQEAPLFGEG	2e-05
CASSLGQERLFFGHG	2e-05
CASSLGQFSNERLFFGHG	2e-05
CASSLGQGAFRDTLYFGAG	2e-05
CASSLGQGAGERLFFGHG	2e-05
CASSLGQGANAETLYFGSG	2e-05
CASSLGQGANNQAPLFGEG	2e-05
CASSLGQGAVETLYFGSG	2e-05
CASSLGQGDTLYFGAG	2e-05
CASSLGQGFAETLYFGSG	2e-05
CASSLGQGGAETLYFGSG	2e-05
CASSLGQGGGNTLYFGEG	2e-05
CASSLGQGGTQYFGPG	2e-05
CASSLGQGHSDYTFGSG	2e-05
CASSLGQGISNERLFFGHG	2e-05
CASSLGQGLAETLYFGSG	2e-05
CASSLGQGNSDYTFGSG	2e-05
CASSLGQGTIYEQYFGPG	2e-05
CASSLGQGVDTQYFGPG	2e-05
CASSLGQIRQNTLYFGAG	2e-05
CASSLGQNEQYFGPG	2e-05
CASSLGQNTGQLYFGEG	2e-05
CASSLGQRADTLYFGAG	2e-05
CASSLGQRAETLYFGSG	2e-05
CASSLGQRGTEVFFGKG	2e-05
CASSLGQRYAEQFFGPG	2e-05
CASSLGQSGQLYFGEG	2e-05
CASSLGQTSGNTLYFGEG	2e-05
CASSLGQTYEQYFGPG	2e-05
CASSLGQVDSDYTFGSG	2e-05
CASSLGQVSYEQYFGPG	2e-05
CASSLGQYNERLFFGHG	2e-05
CASSLGRADTQYFGPG	2e-05
CASSLGRAEQYFGPG	2e-05
CASSLGRAEVFFGKG	2e-05
CASSLGRASNTGQLYFGEG	4e-05
CASSLGRDEQYFGPG	2e-05
CASSLGRDSDYTFGSG	2e-05
CASSLGRDTLYFGAG	2e-05
CASSLGRDYEQYFGPG	4e-05
CASSLGRGAQYFGPG	2e-05
CASSLGRGFSNERLFFGHG	2e-05
CASSLGRGGAKVFFGKG	2e-05
CASSLGRGGGNTLYFGEG	2e-05
CASSLGRGGSDYTFGSG	2e-05
CASSLGRGKDTQYFGPG	2e-05
CASSLGRGNYAEQFFGPG	2e-05
CASSLGRGRAGQLYFGEG	2e-05
CASSLGRGRRAETLYFGSG	2e-05
CASSLGRLANTEVFFGKG	2e-05
CASSLGRPSYEQYFGPG	2e-05
CASSLGRPTQYFGPG	2e-05
CASSLGRRARESPHFGEG	2e-05
CASSLGRRSQNTLYFGAG	2e-05
CASSLGRSYEQYFGPG	2e-05
CASSLGRTGGVNYAEQFFGPG	2e-05
CASSLGRTTEVFFGKG	2e-05
CASSLGRVEQYFGPG	2e-05
CASSLGRVEVFFGKG	2e-05
CASSLGSENTLYFGAG	2e-05
CASSLGSGDTQYFGPG	2e-05
CASSLGSIQNTLYFGAG	2e-05
CASSLGSPYAEQFFGPG	2e-05
CASSLGSPYEQYFGPG	2e-05
CASSLGSTQYFGPG	2e-05
CASSLGTASYNSPLYFGEG	2e-05
CASSLGTDEQYFGPG	2e-05
CASSLGTFANTEVFFGKG	2e-05
CASSLGTGDNQDTQYFGPG	2e-05
CASSLGTGDSYEQYFGPG	2e-05
CASSLGTGENEQYFGPG	2e-05
CASSLGTGEVFFGKG	2e-05
CASSLGTGFGSQNTLYFGAG	2e-05
CASSLGTGGADYAEQFFGPG	2e-05
CASSLGTGGERLFFGHG	2e-05
CASSLGTGGGSYEQYFGPG	2e-05
CASSLGTGGLNTLYFGAG	2e-05
CASSLGTGGSNTLYFGAG	2e-05
CASSLGTGGYYEQYFGPG	4e-05
CASSLGTGHEQYFGPG	2e-05
CASSLGTGINERLFFGHG	2e-05
CASSLGTGITGQLYFGEG	2e-05
CASSLGTGKGVFFGKG	2e-05
CASSLGTGPAETLYFGSG	2e-05
CASSLGTGQLYFGEG	2e-05
CASSLGTGRAETLYFGSG	4e-05
CASSLGTGRSSYEQYFGPG	2e-05
CASSLGTGSEQYFGPG	2e-05
CASSLGTGTRQNTLYFGAG	2e-05
CASSLGTGTSAETLYFGSG	2e-05
CASSLGTGVAEQFFGPG	2e-05
CASSLGTGVIEQYFGPG	2e-05
CASSLGTHEQFFGPG	2e-05
CASSLGTHEQYFGPG	2e-05
CASSLGTKRAETLYFGSG	2e-05
CASSLGTLYFGSG	2e-05
CASSLGTNNQDTQYFGPG	2e-05
CASSLGTNSPLYFGEG	2e-05
CASSLGTSNTEVFFGKG	2e-05
CASSLGTSNYAEQFFGPG	2e-05
CASSLGTTTEVFFGKG	2e-05
CASSLGTTYAEQFFGPG	2e-05
CASSLGTVSYEQYFGPG	2e-05
CASSLGTWGGAETLYFGSG	2e-05
CASSLGTYNSTLYFGEG	2e-05
CASSLGVPSYEQYFGPG	2e-05
CASSLGVRDAEQFFGPG	2e-05
CASSLGVSYAEQFFGPG	2e-05
CASSLGVTEVFFGKG	2e-05
CASSLGWALEQYFGPG	2e-05
CASSLGWDSDYTFGSG	2e-05
CASSLGWGAYEKYFGPG	2e-05
CASSLGWGGAEQFFGPG	2e-05
CASSLGWGGAYEQYFGPG	2e-05
CASSLGWGGDEQYFGPG	2e-05
CASSLGWGGGDTQYFGPG	2e-05
CASSLGYFGPG	2e-05
CASSLGYGNTLYFGEG	2e-05
CASSLGYTGQLYFGEG	2e-05
CASSLHINTEVFFGKG	2e-05
CASSLHKSNTGQLYFGEG	2e-05
CASSLHQNTGQLYFGEG	2e-05
CASSLHRAKDTQYFGPG	2e-05
CASSLHRDTGQLYFGEG	2e-05
CASSLHRGETLYFGSG	2e-05
CASSLHRGRDNERLFFGHG	2e-05
CASSLHRVNTEVFFGKG	4e-05
CASSLHTFGSG	2e-05
CASSLHTNYAEQFFGPG	2e-05
CASSLHWGSAEQFFGPG	2e-05
CASSLHYNSTLYFGEG	2e-05
CASSLHYRADTLYFGSG	2e-05
CASSLIEDTQYFGPG	2e-05
CASSLIGQDTQYFGPG	2e-05
CASSLIGTGYEQYFGPG	4e-05
CASSLIGTYAEQFFGPG	2e-05
CASSLIGVQAPLFGEG	2e-05
CASSLIISYNSPLYFGEG	2e-05
CASSLILANSDYTFGSG	2e-05
CASSLILGQDTQYFGPG	2e-05
CASSLINAETLYFGSG	2e-05
CASSLIQGPSQNTLYFGAG	2e-05
CASSLIRQDTQYFGPG	2e-05
CASSLIRRAPQYFGPG	2e-05
CASSLISDYTFGSG	2e-05
CASSLITTNTEVFFGKG	2e-05
CASSLIWGDYAEQFFGPG	2e-05
CASSLIWGGAETLYFGSG	2e-05
CASSLIYGGDYAEQFFGPG	2e-05
CASSLKAPGQLYFGEG	2e-05
CASSLKARGRAEQFFGPG	2e-05
CASSLKATAEQFFGPG	4e-05
CASSLKEDTQYFGPG	2e-05
CASSLKGADEQYFGPG	2e-05
CASSLKGADERLFFGHG	2e-05
CASSLKGADTQYFGPG	2e-05
CASSLKGAEQFFGPG	2e-05
CASSLKGASNERLFFGHG	2e-05
CASSLKGFNQDTQYFGPG	2e-05
CASSLKGGDTLYFGAG	2e-05
CASSLKGGGSQNTLYFGAG	2e-05
CASSLKGKEVFFGKG	2e-05
CASSLKGPGQLYFGEG	2e-05
CASSLKGPYEQYFGPG	2e-05
CASSLKGQEVFFGKG	2e-05
CASSLKGQSQNTLYFGAG	2e-05
CASSLKGQYEQYFGPG	2e-05
CASSLKGRNSDYTFGSG	2e-05
CASSLKGRTLYFGAG	2e-05
CASSLKGSTGQLYFGEG	2e-05
CASSLKGTGAYEQYFGPG	2e-05
CASSLKGVEQYFGPG	4e-05
CASSLKHPEVFFGKG	2e-05
CASSLKIPSAETLYFGSG	2e-05
CASSLKLGGLYAEQFFGPG	2e-05
CASSLKLGGTEQYFGPG	2e-05
CASSLKLNNQAPLFGEG	2e-05
CASSLKNNQAPLFGEG	4e-05
CASSLKNTLYFGEG	2e-05
CASSLKPGDSGNTLYFGEG	2e-05
CASSLKPGFPEQFFGPG	2e-05
CASSLKPGGPSPLYFGEG	2e-05
CASSLKPGQGNSDYTFGSG	2e-05
CASSLKPGQTNSDYTFGSG	2e-05
CASSLKQGGAETLYFGSG	2e-05
CASSLKQGSYEQYFGPG	2e-05
CASSLKRGHSDYTFGSG	2e-05
CASSLKRNTEVFFGKG	2e-05
CASSLKRQGLEQYFGPG	2e-05
CASSLKTGGAREETLYFGSG	2e-05
CASSLKTGGAYEQYFGPG	2e-05
CASSLKTNYEQYFGPG	2e-05
CASSLKTSAETLYFGSG	2e-05
CASSLKTYEQYFGPG	2e-05
CASSLKVGAPLFGEG	2e-05
CASSLKYAEQFFGPG	2e-05
CASSLLAGGAETLYFGSG	2e-05
CASSLLAGQYFGPG	2e-05
CASSLLAGVNERLFFGHG	2e-05
CASSLLAKKETLYFGSG	2e-05
CASSLLANTEVFFGKG	2e-05
CASSLLATNSDYTFGSG	2e-05
CASSLLAYTGQLYFGEG	2e-05
CASSLLDNAEQFFGPG	2e-05
CASSLLDNNQAPLFGEG	2e-05
CASSLLDNYAEQFFGPG	2e-05
CASSLLDRLYEQYFGPG	2e-05
CASSLLDTQYFGPG	2e-05
CASSLLDYTGQLYFGEG	2e-05
CASSLLETGTGQLYFGEG	2e-05
CASSLLETQDTQYFGPG	2e-05
CASSLLGAEETLYFGSG	2e-05
CASSLLGARANERLFFGHG	2e-05
CASSLLGASAETLYFGSG	2e-05
CASSLLGASPHTLYFGAG	2e-05
CASSLLGASQNTLYFGAG	2e-05
CASSLLGDYEQYFGPG	2e-05
CASSLLGECAEQFFGPG	2e-05
CASSLLGEGNTLYFGEG	4e-05
CASSLLGEGTQYFGPG	2e-05
CASSLLGESQNTLYFGAG	2e-05
CASSLLGFQDTQYFGPG	2e-05
CASSLLGGADQDTQYFGPG	2e-05
CASSLLGGAQQFFGHG	2e-05
CASSLLGGDTLYFGAG	2e-05
CASSLLGGEGQNTLYFGAG	2e-05
CASSLLGGKETLYFGSG	2e-05
CASSLLGGKTLYFGAG	2e-05
CASSLLGGLNYAEQFFGPG	2e-05
CASSLLGGPGAEQFFGPG	2e-05
CASSLLGGPGQLYFGEG	2e-05
CASSLLGGPSAETLYFGSG	2e-05
CASSLLGGRAETLYFGSG	2e-05
CASSLLGGRDQYFGPG	2e-05
CASSLLGGRDTQYFGPG	2e-05
CASSLLGGRNTLYFGAG	2e-05
CASSLLGGRPLYFGSG	2e-05
CASSLLGGRQNTLYFGAG	2e-05
CASSLLGGRYAEQFFGPG	2e-05
CASSLLGGRYEQYFGPG	2e-05
CASSLLGGSETLYFGSG	4e-05
CASSLLGGTLYFGAG	2e-05
CASSLLGGWQYFGPG	2e-05
CASSLLGHERLFFGHG	2e-05
CASSLLGHNSPLYFGEG	2e-05
CASSLLGLGLQDTQYFGPG	2e-05
CASSLLGLGNTLYFGEG	2e-05
CASSLLGLNSGNTLYFGEG	2e-05
CASSLLGLYAEQFFGPG	2e-05
CASSLLGNSGNTLYFGEG	2e-05
CASSLLGPSSYEQYFGPG	2e-05
CASSLLGQAETLYFGSG	2e-05
CASSLLGQANSDYTFGSG	2e-05
CASSLLGQDYAEQFFGPG	2e-05
CASSLLGQGAWEQYFGPG	2e-05
CASSLLGQGGNTLYFGEG	2e-05
CASSLLGQGNAEQFFGPG	4e-05
CASSLLGQGNERLFFGHG	2e-05
CASSLLGQRNTEVFFGKG	2e-05
CASSLLGRDTQYFGPG	2e-05
CASSLLGRSSYEQYFGPG	2e-05
CASSLLGSKHTLYFGSG	2e-05
CASSLLGSLYFGAG	2e-05
CASSLLGSSNTEVFFGKG	2e-05
CASSLLGSSYEQYFGPG	2e-05
CASSLLGSVSGNTLYFGEG	2e-05
CASSLLGTGGYAEQFFGPG	2e-05
CASSLLGTNSGNTLYFGEG	2e-05
CASSLLGVGAETLYFGSG	2e-05
CASSLLGVGNTLYFGEG	2e-05
CASSLLGVNQDTQYFGPG	2e-05
CASSLLGVYAEQFFGPG	2e-05
CASSLLGYEQYFGPG	2e-05
CASSLLGYTQYFGPG	2e-05
CASSLLKANTEVFFGKG	2e-05
CASSLLLANSDYTFGSG	2e-05
CASSLLLGNTGQLYFGEG	2e-05
CASSLLLYFGEG	2e-05
CASSLLNERLFFGHG	2e-05
CASSLLNQAPLFGEG	2e-05
CASSLLNSGNTLYFGEG	2e-05
CASSLLPFSGNTLYFGEG	2e-05
CASSLLPGSQNTLYFGAG	2e-05
CASSLLPNSDYTFGSG	4e-05
CASSLLQANSDYTFGSG	2e-05
CASSLLQGGQYFGPG	2e-05
CASSLLQLVFFGKG	2e-05
CASSLLQNYAEQFFGPG	2e-05
CASSLLQQDTQYFGPG	2e-05
CASSLLQTEVFFGKG	2e-05
CASSLLQTYEQYFGPG	2e-05
CASSLLRGNTEVFFGKG	2e-05
CASSLLRNTLYFGAG	2e-05
CASSLLSNERLFFGHG	2e-05
CASSLLSSAETLYFGSG	2e-05
CASSLLSSSQNTLYFGAG	2e-05
CASSLLSYAEQFFGPG	2e-05
CASSLLTDERLFFGHG	2e-05
CASSLLTGGNERLFFGHG	2e-05
CASSLLTGNYAEQFFGPG	2e-05
CASSLLTGVSGNTLYFGEG	2e-05
CASSLLTPSQNTLYFGAG	2e-05
CASSLLTSQNTLYFGAG	2e-05
CASSLLTSTEVFFGKG	2e-05
CASSLLTTNERLFFGHG	2e-05
CASSLLVLNTGQLYFGEG	2e-05
CASSLLVYSGNTLYFGEG	2e-05
CASSLLWGASQNTLYFGAG	2e-05
CASSLLWGGGQNTLYFGAG	2e-05
CASSLLWQDTQYFGPG	2e-05
CASSLLYAEQFFGPG	2e-05
CASSLLYSQNTLYFGAG	2e-05
CASSLMAGGGTEVFFGKG	2e-05
CASSLMAYNYAEQFFGPG	4e-05
CASSLMDNTEVFFGKG	2e-05
CASSLMDTQYFGPG	2e-05
CASSLMEDTQYFGPG	2e-05
CASSLMETGQLYFGEG	2e-05
CASSLMGADSDYTFGSG	2e-05
CASSLMGARAETLYFGSG	4e-05
CASSLMGDNYAEQFFGPG	2e-05
CASSLMGEDTEVFFGKG	2e-05
CASSLMGGDYAEQFFGPG	2e-05
CASSLMGGESTLDFGEG	2e-05
CASSLMGGRQDTQYFGPG	2e-05
CASSLMGGSAETLYFGSG	2e-05
CASSLMGGSYEQYFGPG	2e-05
CASSLMGGTGQLYFGEG	4e-05
CASSLMGLQDTQYFGPG	2e-05
CASSLMGQGEVFFGKG	2e-05
CASSLMGSSAETLYFGSG	2e-05
CASSLMGTILYFGKG	2e-05
CASSLMGTSQNTLYFGAG	2e-05
CASSLMGVTGQLYFGEG	2e-05
CASSLMQDTQYFGPG	2e-05
CASSLMQWDETLYFGSG	2e-05
CASSLMRANQAPLFGEG	2e-05
CASSLMTISYEQYFGPG	2e-05
CASSLNAEQFFGPG	2e-05
CASSLNANTGQLYFGEG	4e-05
CASSLNEGAEQFFGPG	2e-05
CASSLNGAQNTLYFGAG	2e-05
CASSLNGASQNTLYFGAG	2e-05
CASSLNGDAETLYFGSG	2e-05
CASSLNGGDTQYFGPG	2e-05
CASSLNGGNEQYFGPG	2e-05
CASSLNGGPEVFFGKG	2e-05
CASSLNGQGHERLFFGHG	2e-05
CASSLNGQYEQYFGPG	2e-05
CASSLNGVNYAEQFFGPG	2e-05
CASSLNKITGQLYFGEG	2e-05
CASSLNLYAEQFFGPG	4e-05
CASSLNPEQFFGPG	2e-05
CASSLNPGHQDTQYFGPG	2e-05
CASSLNPNQDTQYFGPG	2e-05
CASSLNPNSDYTFGSG	2e-05
CASSLNQGDQYFGPG	2e-05
CASSLNQGGSQNTLYFGAG	2e-05
CASSLNRAAEQFFGPG	2e-05
CASSLNRAEQYFGPG	2e-05
CASSLNRAGETLYFGSG	2e-05
CASSLNRDERLFFGHG	2e-05
CASSLNRDGAEQFFGPG	4e-05
CASSLNRENTLYFGAG	2e-05
CASSLNRGGNTLYFGEG	2e-05
CASSLNRGGQYFGPG	2e-05
CASSLNRGGTEVFFGKG	2e-05
CASSLNRGHEQYFGPG	2e-05
CASSLNRGNTEVFFGKG	2e-05
CASSLNRGRQYFGPG	2e-05
CASSLNRGSAETLYFGSG	2e-05
CASSLNRGSPLYFGEG	2e-05
CASSLNRGTERLFFGHG	2e-05
CASSLNRRYAEQFFGPG	2e-05
CASSLNRSYTSPLYFGEG	2e-05
CASSLNRTGALSNERLFFGHG	2e-05
CASSLNRTIPPLYFGEG	2e-05
CASSLNRTNSPLYFGEG	2e-05
CASSLNSPLYFGEG	2e-05
CASSLNSPNSDYTFGSG	2e-05
CASSLNTANSDYTFGSG	2e-05
CASSLNTGAGAEQFFGPG	2e-05
CASSLNTYPEQYFGPG	2e-05
CASSLNWARQNTLYFGAG	2e-05
CASSLNWASQNTLYFGAG	2e-05
CASSLNWEEQYFGPG	2e-05
CASSLNWGAETLYFGSG	2e-05
CASSLNWGDDTLYFGAG	2e-05
CASSLNWGDTQYFGPG	4e-05
CASSLNWGGGQNTLYFGAG	2e-05
CASSLNWGGTQYFGPG	2e-05
CASSLNWGNTLYFGAG	2e-05
CASSLNYNSPLYFGEG	2e-05
CASSLPAASAETLYFGSG	2e-05
CASSLPAISNERLFFGHG	2e-05
CASSLPASAETLYFGSG	2e-05
CASSLPDDERLFFGHG	2e-05
CASSLPDKNSDYTFGSG	2e-05
CASSLPDRGANSDYTFGSG	2e-05
CASSLPDWGDAETLYFGSG	2e-05
CASSLPEKGTGQLYFGEG	2e-05
CASSLPGAETLYFGSG	2e-05
CASSLPGANAETLYFGSG	2e-05
CASSLPGDTLYFGEG	2e-05
CASSLPGEAEQYFGPG	2e-05
CASSLPGENTLYFGAG	4e-05
CASSLPGGDTLYFGAG	2e-05
CASSLPGGFSEQFFGPG	2e-05
CASSLPGGGSAETLYFGSG	2e-05
CASSLPGGNKDTQYFGPG	2e-05
CASSLPGGPYEQYFGPG	2e-05
CASSLPGGRAETLYFGSG	2e-05
CASSLPGGRHQDTQYFGPG	2e-05
CASSLPGHAEQFFGPG	2e-05
CASSLPGKDTEVFFGKG	2e-05
CASSLPGKVFFGKG	2e-05
CASSLPGLGGTGQLYFGEG	2e-05
CASSLPGNYAEQFFGPG	2e-05
CASSLPGPEVFFGKG	2e-05
CASSLPGPSQNTLYFGAG	2e-05
CASSLPGQDYAEQFFGPG	2e-05
CASSLPGQGAEEVFFGKG	2e-05
CASSLPGQGRETLYFGSG	2e-05
CASSLPGQGYNSPLYFGEG	2e-05
CASSLPGQNTLYFGEG	2e-05
CASSLPGQVANSDYTFGSG	2e-05
CASSLPGRAQVFFGKG	2e-05
CASSLPGRQYFGPG	2e-05
CASSLPGSANSDYTFGSG	2e-05
CASSLPGSSAETLYFGSG	2e-05
CASSLPGSSDYTFGSG	2e-05
CASSLPGTDQNTLYFGAG	2e-05
CASSLPGTEVFFGKG	2e-05
CASSLPGTGGEQYFGPG	2e-05
CASSLPGTGHEQYFGPG	2e-05
CASSLPGTGIYEQYFGPG	2e-05
CASSLPGTGLEQYFGPG	2e-05
CASSLPGTGSETLYFGSG	2e-05
CASSLPGTNERLFFGHG	2e-05
CASSLPGTNTLYFGAG	2e-05
CASSLPGTSAETLYFGSG	2e-05
CASSLPGVEQFFGPG	2e-05
CASSLPGVNTLYFGAG	2e-05
CASSLPGYAEQFFGPG	2e-05
CASSLPHDKFQDTQYFGPG	2e-05
CASSLPKDTQYFGPG	2e-05
CASSLPLDPPETLYFGSG	2e-05
CASSLPLGAYEQYFGPG	2e-05
CASSLPLGGANTGQLYFGEG	2e-05
CASSLPLKHAEQFFGPG	2e-05
CASSLPMSSYEQYFGPG	2e-05
CASSLPNGVYEQYFGPG	2e-05
CASSLPPGRGYAEQFFGPG	2e-05
CASSLPPNSPLYFGEG	2e-05
CASSLPPRGNTEVFFGKG	2e-05
CASSLPPSNERLFFGHG	2e-05
CASSLPQAGNTLYFGAG	2e-05
CASSLPQGAKNTGQLYFGEG	2e-05
CASSLPQGGQDTQYFGPG	2e-05
CASSLPQGSYEQYFGPG	2e-05
CASSLPQNSDYTFGSG	2e-05
CASSLPQNSYNSPLYFGEG	2e-05
CASSLPQQGNNQAPLFGEG	4e-05
CASSLPQSSGNTLYFGEG	4e-05
CASSLPRAETLYFGSG	2e-05
CASSLPRDNQDTQYFGPG	2e-05
CASSLPRDTNSGNTLYFGEG	2e-05
CASSLPRESQNTLYFGAG	2e-05
CASSLPRGRNTLYFGAG	2e-05
CASSLPRNEQYFGPG	2e-05
CASSLPRNYAEQFFGPG	2e-05
CASSLPRRSNSDYTFGSG	2e-05
CASSLPRTGNSGNTLYFGEG	4e-05
CASSLPRTGPSAETLYFGSG	2e-05
CASSLPRVAETLYFGSG	4e-05
CASSLPRVDTQYFGPG	2e-05
CASSLPSANTEVFFGKG	2e-05
CASSLPSQDTQYFGPG	2e-05
CASSLPSQGAPDTQYFGPG	2e-05
CASSLPSRGNTEVFFGKG	2e-05
CASSLPSTEVFFGKG	2e-05
CASSLPTAETLYFGSG	2e-05
CASSLPTASQNTLYFGAG	2e-05
CASSLPTENYAEQFFGPG	2e-05
CASSLPTERLFFGHG	2e-05
CASSLPTEVFFGKG	2e-05
CASSLPTGANTEVFFGKG	2e-05
CASSLPTGGDAEQFFGPG	2e-05
CASSLPTGGEQYFGPG	2e-05
CASSLPTGGNQDTQYFGPG	2e-05
CASSLPTGGNSEQFFGPG	2e-05
CASSLPTGGNTGQLYFGEG	2e-05
CASSLPTGGPNTGQLYFGEG	2e-05
CASSLPTGGRSDYTFGSG	2e-05
CASSLPTGGTGQLYFGEG	2e-05
CASSLPTGGTNTGQLYFGEG	2e-05
CASSLPTGNQDTQYFGPG	2e-05
CASSLPTGRAETLYFGSG	2e-05
CASSLPVAETLYFGSG	2e-05
CASSLPVNQAPLFGEG	2e-05
CASSLPVNQDTQYFGPG	2e-05
CASSLPWGDSYEQYFGPG	2e-05
CASSLPYQDTQYFGPG	2e-05
CASSLQAANERLFFGHG	2e-05
CASSLQAETLYFGSG	2e-05
CASSLQAEVFFGKG	2e-05
CASSLQAGGAGTLYFGSG	4e-05
CASSLQAGQLYFGEG	2e-05
CASSLQAGYAEQFFGPG	2e-05
CASSLQARQNTLYFGAG	2e-05
CASSLQDAGQLYFGEG	2e-05
CASSLQDGTGQLYFGEG	2e-05
CASSLQDNYAEQFFGPG	2e-05
CASSLQDQAEQFFGPG	2e-05
CASSLQDRNTLYFGAG	2e-05
CASSLQDWEHDTQYFGPG	2e-05
CASSLQDYTSTLYFGEG	2e-05
CASSLQEETLYFGSG	2e-05
CASSLQENQAPLFGEG	2e-05
CASSLQEREQYFGPG	2e-05
CASSLQFSAETLYFGSG	2e-05
CASSLQGADEQYFGPG	2e-05
CASSLQGAEDEQFFGPG	2e-05
CASSLQGAEHTQYFGPG	2e-05
CASSLQGAGDTQYFGPG	2e-05
CASSLQGAGTGQLYFGEG	2e-05
CASSLQGAHSDYTFGSG	2e-05
CASSLQGAHTGQLYFGEG	2e-05
CASSLQGANAETLYFGSG	2e-05
CASSLQGARAEQFFGPG	2e-05
CASSLQGARPNTEVFFGKG	4e-05
CASSLQGARQDTQYFGPG	2e-05
CASSLQGASPETLYFGSG	2e-05
CASSLQGATAEQFFGPG	2e-05
CASSLQGATEQFFGPG	2e-05
CASSLQGATGNTLYFGEG	2e-05
CASSLQGATGQLYFGEG	2e-05
CASSLQGAYEQYFGPG	2e-05
CASSLQGDAEQFFGPG	2e-05
CASSLQGDNQNTLYFGAG	2e-05
CASSLQGDSAETLYFGSG	2e-05
CASSLQGEDTEVFFGKG	2e-05
CASSLQGEEQYFGPG	2e-05
CASSLQGGADTQYFGPG	2e-05
CASSLQGGANTEVFFGKG	2e-05
CASSLQGGAPLFGEG	2e-05
CASSLQGGDTQYFGPG	2e-05
CASSLQGGERLFFGHG	2e-05
CASSLQGGGEQYFGPG	2e-05
CASSLQGGKNTLYFGAG	2e-05
CASSLQGGQSSYEQYFGPG	4e-05
CASSLQGGTLYFGSG	2e-05
CASSLQGHEQYFGPG	2e-05
CASSLQGHTEVFFGKG	2e-05
CASSLQGIGSPLYFGEG	2e-05
CASSLQGKNSPLYFGEG	4e-05
CASSLQGLDTEVFFGKG	2e-05
CASSLQGLQNTLYFGAG	2e-05
CASSLQGLRAETLYFGSG	2e-05
CASSLQGMENERLFFGHG	2e-05
CASSLQGNQDTQYFGPG	2e-05
CASSLQGPSQNTLYFGAG	2e-05
CASSLQGQGPSDYTFGSG	2e-05
CASSLQGQGYGNTLYFGEG	2e-05
CASSLQGRDYEQYFGPG	2e-05
CASSLQGREVFFGKG	2e-05
CASSLQGRGSPLYFGEG	2e-05
CASSLQGRNTGQLYFGEG	2e-05
CASSLQGRRNQAPLFGEG	2e-05
CASSLQGRSAETLYFGSG	4e-05
CASSLQGSDTEVFFGKG	2e-05
CASSLQGSEQFFGPG	2e-05
CASSLQGSEVFFGKG	2e-05
CASSLQGSNSGNTLYFGEG	2e-05
CASSLQGSNTEVFFGKG	2e-05
CASSLQGSSAEQFFGPG	2e-05
CASSLQGTDTQYFGPG	2e-05
CASSLQGVPERLFFGHG	2e-05
CASSLQGVYAEQFFGPG	2e-05
CASSLQGWDTQYFGPG	2e-05
CASSLQGYAEQFFGPG	2e-05
CASSLQGYGNTLYFGEG	2e-05
CASSLQISNERLFFGHG	2e-05
CASSLQKDTQYFGPG	2e-05
CASSLQKNTGQLYFGEG	2e-05
CASSLQLEGPDTQYFGPG	2e-05
CASSLQLNTEVFFGKG	2e-05
CASSLQLSGNTLYFGEG	2e-05
CASSLQNNQDTQYFGPG	2e-05
CASSLQNPGNTLYFGEG	2e-05
CASSLQNYEQYFGPG	2e-05
CASSLQPQDTQYFGPG	2e-05
CASSLQPSAETLYFGSG	2e-05
CASSLQPSNERLFFGHG	2e-05
CASSLQPTYTLYFGAG	2e-05
CASSLQQGDSDYTFGSG	2e-05
CASSLQQGDTQYFGPG	2e-05
CASSLQQNQAPLFGEG	2e-05
CASSLQQSSAETLYFGSG	2e-05
CASSLQRAHERLFFGHG	2e-05
CASSLQRATPLYFGAG	2e-05
CASSLQRGSGNTLYFGEG	2e-05
CASSLQRSGNTLYFGEG	2e-05
CASSLQSAEGDSEQFFGPG	2e-05
CASSLQSAPLYFGEG	2e-05
CASSLQSEVFFGKG	2e-05
CASSLQSNERLFFGHG	4e-05
CASSLQSRQDTQYFGPG	2e-05
CASSLQSSGNTLYFGEG	2e-05
CASSLQSSYEQYFGPG	2e-05
CASSLQTGTDTQYFGPG	2e-05
CASSLQVAETLYFGSG	2e-05
CASSLQVGSTSAETLYFGSG	2e-05
CASSLQVKYAEQFFGPG	2e-05
CASSLQVNTGQLYFGEG	2e-05
CASSLQVSNERLFFGHG	2e-05
CASSLQVSPGNTLYFGEG	2e-05
CASSLQVSSGNTLYFGEG	2e-05
CASSLQVSYGNTLYFGEG	2e-05
CASSLQVYEQYFGPG	2e-05
CASSLQYSSPLYFGEG	2e-05
CASSLQYSYSSPLYFGEG	2e-05
CASSLRAEVFFGKG	2e-05
CASSLRAGANERLFFGHG	2e-05
CASSLRAGDSYEQYFGPG	2e-05
CASSLRAGGYEQYFGPG	2e-05
CASSLRAGNQAPLFGEG	2e-05
CASSLRANSDYTFGSG	2e-05
CASSLRAPLFGEG	2e-05
CASSLRARGLSAETLYFGSG	2e-05
CASSLRATYEQYFGPG	2e-05
CASSLRDAEQFFGPG	2e-05
CASSLRDINTGQLYFGEG	2e-05
CASSLRDKDTQYFGPG	2e-05
CASSLRDKPSGNTLYFGEG	2e-05
CASSLRDKQNTLYFGAG	4e-05
CASSLRDMRDTQYFGPG	2e-05
CASSLRDNAETLYFGSG	2e-05
CASSLRDNANTEVFFGKG	2e-05
CASSLRDNNERLFFGHG	2e-05
CASSLRDNYEQFFGPG	2e-05
CASSLRDQNTLYFGAG	2e-05
CASSLRDRAGTGQLYFGEG	2e-05
CASSLRDRAQAPLFGEG	2e-05
CASSLRDRDQDTQYFGPG	2e-05
CASSLRDRDYAEQFFGPG	2e-05
CASSLRDRDYEQYFGPG	2e-05
CASSLRDREDSDYTFGSG	2e-05
CASSLRDREDTLYFGAG	2e-05
CASSLRDREGGQLYFGEG	4e-05
CASSLRDRGEDEQYFGPG	2e-05
CASSLRDRGISPLYFGEG	2e-05
CASSLRDRGNTLYFGAG	2e-05
CASSLRDRGNTQYFGPG	2e-05
CASSLRDRGQDAEQFFGPG	2e-05
CASSLRDRGREVFFGKG	2e-05
CASSLRDRPDFGPG	2e-05
CASSLRDRPDTQYFGPG	2e-05
CASSLRDSIYEQYFGPG	2e-05
CASSLRDTNERLFFGHG	2e-05
CASSLRDTNTGQLYFGEG	2e-05
CASSLRDTQYFGPG	2e-05
CASSLRDTSNERLFFGHG	2e-05
CASSLRDTTEVFFGKG	2e-05
CASSLRDTYEQYFGPG	2e-05
CASSLRDWAAEQFFGPG	2e-05
CASSLRDWGDYEQYFGPG	2e-05
CASSLRDWGGEQYFGPG	2e-05
CASSLRDWGNAEQFFGPG	2e-05
CASSLRDWGNTGQLYFGEG	2e-05
CASSLRDWGSEQFFGPG	2e-05
CASSLRDWGYEQYFGPG	2e-05
CASSLRDWTSAETLYFGSG	2e-05
CASSLRDWYEDTLYFGAG	2e-05
CASSLREADTQYFGPG	2e-05
CASSLREAETLYFGSG	2e-05
CASSLREDTLYFGAG	2e-05
CASSLREEQYFGPG	2e-05
CASSLREGRAEQFFGPG	2e-05
CASSLREGVFFGKG	2e-05
CASSLREKVFFGKG	2e-05
CASSLREPNSDYTFGSG	2e-05
CASSLREQYFGPG	2e-05
CASSLRERAETLYFGSG	2e-05
CASSLRESNERLFFGHG	2e-05
CASSLRESYEQYFGPG	2e-05
CASSLRFANTEVFFGKG	2e-05
CASSLRGAAAQFFGPG	2e-05
CASSLRGAAETLYFGSG	2e-05
CASSLRGAAGQLYFGEG	2e-05
CASSLRGADTLYFGAG	2e-05
CASSLRGADTQYFGPG	2e-05
CASSLRGADYAEQFFGPG	2e-05
CASSLRGALAETLYFGSG	2e-05
CASSLRGAQNTLYFGAG	4e-05
CASSLRGAQVTEVFFGKG	2e-05
CASSLRGDQAPLFGEG	2e-05
CASSLRGDSEVFFGKG	2e-05
CASSLRGDWGDNQDTQYFGPG	2e-05
CASSLRGEAQNTLYFGAG	2e-05
CASSLRGEDSDYTFGSG	2e-05
CASSLRGEGEVFFGKG	2e-05
CASSLRGEVFFGKG	2e-05
CASSLRGFTLYFGAG	2e-05
CASSLRGGAEQFFGPG	2e-05
CASSLRGGAEQYFGPG	2e-05
CASSLRGGAFEQYFGPG	4e-05
CASSLRGGGGNTLYFGEG	2e-05
CASSLRGGGNTLYFGEG	2e-05
CASSLRGGHQDTQYFGPG	2e-05
CASSLRGGLLYEQYFGPG	2e-05
CASSLRGGRDTQYFGPG	2e-05
CASSLRGGRNTGQLYFGEG	2e-05
CASSLRGGSAETLYFGSG	2e-05
CASSLRGGSDYTFGSG	2e-05
CASSLRGGSPETLYFGSG	2e-05
CASSLRGIRNSDYTFGSG	2e-05
CASSLRGKEVFFGKG	2e-05
CASSLRGLAETLYFGSG	2e-05
CASSLRGPGNTLYFGEG	2e-05
CASSLRGPNSDYTFGSG	2e-05
CASSLRGPNYAEQFFGPG	2e-05
CASSLRGPPFFGHG	2e-05
CASSLRGPYAEQFFGPG	2e-05
CASSLRGQEQYFGPG	2e-05
CASSLRGQGDSPLYFGEG	2e-05
CASSLRGQRQNTLYFGAG	2e-05
CASSLRGQSDYTFGSG	2e-05
CASSLRGRANSDYTFGSG	2e-05
CASSLRGRGNTLYFGAG	2e-05
CASSLRGRKVFFGKG	2e-05
CASSLRGRSYEQYFGPG	2e-05
CASSLRGRYSDYTFGSG	2e-05
CASSLRGSNSDYTFGSG	2e-05
CASSLRGSSYEQYFGPG	2e-05
CASSLRGTGNERLFFGHG	2e-05
CASSLRGTNERLFFGHG	2e-05
CASSLRGVQDTQYFGPG	2e-05
CASSLRGVVFFGKG	2e-05
CASSLRGWNSDYTFGSG	2e-05
CASSLRGYEQYFGPG	2e-05
CASSLRGYNSPLYFGEG	2e-05
CASSLRGYQNTLYFGAG	2e-05
CASSLRGYTGQLYFGEG	2e-05
CASSLRHNNNQAPLFGEG	2e-05
CASSLRHNSAETLYFGSG	2e-05
CASSLRIRQNTLYFGAG	2e-05
CASSLRISQNTLYFGAG	2e-05
CASSLRKHTQYFGPG	4e-05
CASSLRKKVFFGKG	2e-05
CASSLRLAASTLYFGEG	2e-05
CASSLRLDRHFGPG	2e-05
CASSLRLGADQNTLYFGAG	2e-05
CASSLRLGATLYFGAG	2e-05
CASSLRLGDTLYFGAG	2e-05
CASSLRLGFNQDTQYFGPG	2e-05
CASSLRLGGQDTQYFGPG	2e-05
CASSLRLGGRQDTQYFGPG	2e-05
CASSLRLGGRSQDTQYFGPG	2e-05
CASSLRLGSSYEQYFGPG	2e-05
CASSLRLGVFQYFGPG	2e-05
CASSLRLLDYAEQFFGPG	2e-05
CASSLRLPNERLFFGHG	2e-05
CASSLRLRGDTQYFGPG	2e-05
CASSLRLRGGNQAPLFGEG	2e-05
CASSLRLYEQYFGPG	2e-05
CASSLRNGRYEQYFGPG	2e-05
CASSLRNNSGNTLYFGEG	2e-05
CASSLRNSYEQYFGPG	2e-05
CASSLRNTEVFFGKG	2e-05
CASSLRPANHNWQLYFGEG	2e-05
CASSLRPKNTGQLYFGEG	2e-05
CASSLRPTKDTQYFGPG	2e-05
CASSLRPTNQDTQYFGPG	4e-05
CASSLRQAHTQYFGPG	2e-05
CASSLRQCEQYFGPG	2e-05
CASSLRQENTLYFGAG	2e-05
CASSLRQGAAEVFFGKG	2e-05
CASSLRQGADPEVFFGKG	2e-05
CASSLRQGADTQYFGPG	2e-05
CASSLRQGAYNSPLYFGEG	2e-05
CASSLRQGDTEVFFGKG	2e-05
CASSLRQGGAHYTFGSG	2e-05
CASSLRQGGAYEQYFGPG	2e-05
CASSLRQGGNTLYFGAG	2e-05
CASSLRQGGSAYNFGSG	2e-05
CASSLRQGGTLYFGAG	2e-05
CASSLRQGGYEQYFGPG	2e-05
CASSLRQGISNERLFFGHG	2e-05
CASSLRQGKDTEVFFGKG	4e-05
CASSLRQGKTEVFFGKG	2e-05
CASSLRQGNSDYTFGSG	2e-05
CASSLRQGNTGQLYFGEG	4e-05
CASSLRQGSAETLYFGSG	2e-05
CASSLRQGSDYTFGSG	2e-05
CASSLRQKNTGQLYFGEG	2e-05
CASSLRQLSNERLFFGHG	2e-05
CASSLRQNTGQLYFGEG	2e-05
CASSLRQNWATGQLYFGEG	2e-05
CASSLRQPDTQYFGPG	2e-05
CASSLRQQDTQYFGPG	2e-05
CASSLRQQGQNTLYFGAG	2e-05
CASSLRQSEQYFGPG	4e-05
CASSLRQSYNSPLYFGEG	2e-05
CASSLRQTEVFFGKG	2e-05
CASSLRQTSTLYFGAG	2e-05
CASSLRQVRYAEQFFGPG	2e-05
CASSLRRAETLYFGSG	2e-05
CASSLRRASAETLYFGSG	2e-05
CASSLRRDAEQFFGPG	2e-05
CASSLRRDSSNERLFFGHG	2e-05
CASSLRRDTEVFFGKG	2e-05
CASSLRRDTQYFGPG	2e-05
CASSLRRDYAEQFFGPG	2e-05
CASSLRRESSDYTFGSG	2e-05
CASSLRRGDSYEQYFGPG	2e-05
CASSLRRGQTEVFFGKG	2e-05
CASSLRRGRAEQFFGPG	2e-05
CASSLRRINSDYTFGSG	2e-05
CASSLRRLGGGQDTQYFGPG	2e-05
CASSLRRQANTEVFFGKG	2e-05
CASSLRRREQYFGPG	2e-05
CASSLRRSEVFFGKG	2e-05
CASSLRRVEQYFGPG	2e-05
CASSLRSGDQNTLYFGAG	2e-05
CASSLRSGGSQNTLYFGAG	2e-05
CASSLRSPSGNTLYFGEG	2e-05
CASSLRSWLYFGEG	2e-05
CASSLRTDANTEVFFGKG	2e-05
CASSLRTENQAPLFGEG	2e-05
CASSLRTENTEVFFGKG	2e-05
CASSLRTFYAEQFFGPG	2e-05
CASSLRTGAATQYFGPG	2e-05
CASSLRTGANTEVFFGKG	4e-05
CASSLRTGEDTGQLYFGEG	2e-05
CASSLRTGGGAEQFFGPG	2e-05
CASSLRTGGGSQNTLYFGAG	2e-05
CASSLRTGGGYEQYFGPG	2e-05
CASSLRTGGGYFGPG	2e-05
CASSLRTGGNYAEQFFGPG	2e-05
CASSLRTGGNYEQYFGPG	2e-05
CASSLRTGISNERLFFGHG	2e-05
CASSLRTGVGNTLYFGEG	2e-05
CASSLRTGVTEVFFGKG	2e-05
CASSLRTHTGQLYFGEG	2e-05
CASSLRTPDTFGSG	2e-05
CASSLRTRAEQFFGPG	2e-05
CASSLRTSGNTLYFGEG	2e-05
CASSLRTSSYEQYFGPG	2e-05
CASSLRTTEVFFGKG	2e-05
CASSLRVANERLFFGHG	2e-05
CASSLRVPDTQYFGPG	4e-05
CASSLRVSYEQYFGPG	2e-05
CASSLRWGENYAEQFFGPG	2e-05
CASSLRWGGPFEQYFGPG	2e-05
CASSLRWQDTQYFGPG	2e-05
CASSLRYGYFGPG	2e-05
CASSLRYISPLYFGEG	2e-05
CASSLRYNSPLYFGEG	2e-05
CASSLSADSDYTFGSG	2e-05
CASSLSAEKPLSFGPG	2e-05
CASSLSAFSQNTLYFGAG	2e-05
CASSLSAGENTGQLYFGEG	2e-05
CASSLSAGGRGNTLYFGEG	2e-05
CASSLSAGTNTGQLYFGEG	2e-05
CASSLSAHSQNTLYFGAG	4e-05
CASSLSANTGQLYFGEG	4e-05
CASSLSARDYEQYFGPG	2e-05
CASSLSARQYFGPG	2e-05
CASSLSASLEQYFGPG	2e-05
CASSLSASPGNTLYFGEG	2e-05
CASSLSAWSSQNTLYFGAG	2e-05
CASSLSAYEQYFGPG	2e-05
CASSLSDGANSDYTFGSG	2e-05
CASSLSDKNTEVFFGKG	2e-05
CASSLSDKTEVFFGKG	2e-05
CASSLSDKYEQYFGPG	2e-05
CASSLSDLPQNTLYFGAG	2e-05
CASSLSDRDNYAEQFFGPG	2e-05
CASSLSDRGEVFFGKG	2e-05
CASSLSDSPLYFGEG	2e-05
CASSLSDSYNNQAPLFGEG	2e-05
CASSLSDTLYFGEG	2e-05
CASSLSEGGRAETLYFGSG	2e-05
CASSLSEGGRPETLYFGSG	2e-05
CASSLSEGTSQNTLYFGAG	2e-05
CASSLSEKKAVFFGKG	2e-05
CASSLSETAETLYFGSG	2e-05
CASSLSETLYFGEG	2e-05
CASSLSETLYFGSG	2e-05
CASSLSFGNTGQLYFGEG	2e-05
CASSLSFRNTEVFFGKG	2e-05
CASSLSFWGPYEQYFGPG	2e-05
CASSLSGAGHSDYTFGSG	2e-05
CASSLSGAPNTGQLYFGEG	2e-05
CASSLSGAQDTQYFGPG	2e-05
CASSLSGAREETLYFGSG	2e-05
CASSLSGAVTGQLYFGEG	2e-05
CASSLSGCYEQYFGPG	2e-05
CASSLSGDKHSGNTLYFGEG	2e-05
CASSLSGDNTLYFGAG	2e-05
CASSLSGDWGYEQYFGPG	2e-05
CASSLSGFEQYFGPG	2e-05
CASSLSGFYAEQFFGPG	2e-05
CASSLSGGAEQYFGPG	2e-05
CASSLSGGAGEQYFGPG	2e-05
CASSLSGGALQQYFGPG	2e-05
CASSLSGGANTLYFGAG	2e-05
CASSLSGGAPGQNTLYFGAG	2e-05
CASSLSGGAREQYFGPG	4e-05
CASSLSGGASEQYFGPG	2e-05
CASSLSGGDNTLYFGAG	2e-05
CASSLSGGDYAEQFFGPG	4e-05
CASSLSGGEYAEQFFGPG	4e-05
CASSLSGGFEQYFGPG	2e-05
CASSLSGGGATQYFGPG	2e-05
CASSLSGGGNTLYFGAG	2e-05
CASSLSGGKQDTQYFGPG	2e-05
CASSLSGGKQTLYFGSG	2e-05
CASSLSGGLDTQYFGPG	2e-05
CASSLSGGMDTQYFGPG	2e-05
CASSLSGGNTEVFFGKG	2e-05
CASSLSGGPYEQYFGPG	2e-05
CASSLSGGRAETLYFGSG	2e-05
CASSLSGGREENNQAPLFGEG	2e-05
CASSLSGGRKDTQYFGPG	2e-05
CASSLSGGRTYEQYFGPG	2e-05
CASSLSGGSNSPLYFGEG	2e-05
CASSLSGGSPLYFGEG	2e-05
CASSLSGGTAEQFFGPG	2e-05
CASSLSGGTEVFFGKG	2e-05
CASSLSGGTLYFGAG	2e-05
CASSLSGHNQAPLFGEG	2e-05
CASSLSGHYTEVFFGKG	2e-05
CASSLSGINERLFFGHG	2e-05
CASSLSGINNQAPLFGEG	6.000000000000001e-05
CASSLSGKNKRQLYFGEG	2e-05
CASSLSGLGGSAETLYFGSG	2e-05
CASSLSGQAEQFFGPG	2e-05
CASSLSGQGDEQYFGPG	2e-05
CASSLSGQGDTEVFFGKG	2e-05
CASSLSGQGNTEVFFGKG	2e-05
CASSLSGQGSERLFFGHG	2e-05
CASSLSGQGVYEQYFGPG	2e-05
CASSLSGQQDTQYFGPG	2e-05
CASSLSGQSNERLFFGHG	2e-05
CASSLSGQTTGQLYFGEG	2e-05
CASSLSGRDRGYEQYFGPG	2e-05
CASSLSGRDYAEQFFGPG	2e-05
CASSLSGRERLFFGHG	2e-05
CASSLSGRGAEQFFGPG	2e-05
CASSLSGRGESDYTFGSG	2e-05
CASSLSGRGGGNTLYFGEG	2e-05
CASSLSGRGNTEVFFGKG	2e-05
CASSLSGRGSQNTLYFGAG	2e-05
CASSLSGRKFSNERLFFGHG	2e-05
CASSLSGRKNERLFFGHG	2e-05
CASSLSGRNTGQLYFGEG	2e-05
CASSLSGRVRNTLYFGAG	2e-05
CASSLSGSQAPLFGEG	2e-05
CASSLSGSSDYTFGSG	2e-05
CASSLSGTAHSDYTFGSG	2e-05
CASSLSGTDDAEQFFGPG	2e-05
CASSLSGTDTEVFFGKG	2e-05
CASSLSGTETLYFGSG	2e-05
CASSLSGTGFQDTQYFGPG	2e-05
CASSLSGTGGNQAPLFGEG	2e-05
CASSLSGTGGNYAEQFFGPG	2e-05
CASSLSGTGNSGNTLYFGEG	2e-05
CASSLSGTGPYEQYFGPG	2e-05
CASSLSGTGQSDYTFGSG	2e-05
CASSLSGTGYSGNTLYFGEG	2e-05
CASSLSGTHNNQAPLFGEG	2e-05
CASSLSGTNERLFFGHG	2e-05
CASSLSGTNTEVFFGKG	2e-05
CASSLSGTVYAEQFFGPG	2e-05
CASSLSGTYYAEQFFGPG	4e-05
CASSLSGVEQYFGPG	2e-05
CASSLSGWFQAPLFGEG	2e-05
CASSLSGWGGYEQYFGPG	2e-05
CASSLSGWHQDTQYFGPG	2e-05
CASSLSGWNTEVFFGKG	2e-05
CASSLSGYNSPLYFGEG	2e-05
CASSLSGYTGQLYFGEG	4e-05
CASSLSHGRHNQAPLFGEG	2e-05
CASSLSHNTEVFFGKG	2e-05
CASSLSHNTLYFGEG	2e-05
CASSLSHRGLNQDTQYFGPG	2e-05
CASSLSHRNSPLYFGEG	2e-05
CASSLSHTQDTQYFGPG	2e-05
CASSLSIDSDREGVFFGKG	2e-05
CASSLSILSQNTLYFGAG	2e-05
CASSLSINTEVFFGKG	2e-05
CASSLSIRDEQYFGPG	2e-05
CASSLSIRGWGSAETLYFGSG	2e-05
CASSLSKGQGLTEVFFGKG	2e-05
CASSLSKGQGRGEQYFGPG	2e-05
CASSLSKGTGDAEQFFGPG	2e-05
CASSLSKGTNTGQLYFGEG	2e-05
CASSLSKGVSYEQYFGPG	2e-05
CASSLSKSGRGEQYFGPG	2e-05
CASSLSKSNTEVFFGKG	2e-05
CASSLSKTVSNERLFFGHG	2e-05
CASSLSLAGGAREQYFGPG	2e-05
CASSLSLDNQDTQYFGPG	2e-05
CASSLSLDNQETQYFGPG	2e-05
CASSLSLGGEEQYFGPG	2e-05
CASSLSLGGRSQDTQYFGPG	4e-05
CASSLSLGSSQNTLYFGAG	2e-05
CASSLSLLGGLYAEQFFGPG	2e-05
CASSLSLNQDTQYFGPG	4e-05
CASSLSLRGERLFFGHG	4e-05
CASSLSLTGGSAETLYFGSG	2e-05
CASSLSMGGQDTQYFGPG	2e-05
CASSLSMGGQNTLYFGAG	2e-05
CASSLSMGSGNTLYFGEG	2e-05
CASSLSMGSQNTLYFGAG	2e-05
CASSLSMQDITSPLYFGEG	2e-05
CASSLSMRYEQYFGPG	2e-05
CASSLSNFSNERLFFGHG	4e-05
CASSLSNTLYFGAG	2e-05
CASSLSNWGASAETLYFGSG	2e-05
CASSLSPANERLFFGHG	2e-05
CASSLSPAQDTQYFGPG	2e-05
CASSLSPASNERLFFGHG	2e-05
CASSLSPDQDTQYFGPG	2e-05
CASSLSPGAYEQYFGPG	2e-05
CASSLSPGEAETLYFGSG	2e-05
CASSLSPGEGTEVFFGKG	2e-05
CASSLSPGGRGQDTQYFGPG	2e-05
CASSLSPGKSSYEQYFGPG	2e-05
CASSLSPGNQNTLYFGAG	2e-05
CASSLSPGNTLYFGEG	2e-05
CASSLSPGQGYAEQFFGPG	2e-05
CASSLSPGRSERLFFGHG	2e-05
CASSLSPGTLAETLYFGSG	2e-05
CASSLSPPKPYAVFFGKG	2e-05
CASSLSPQGGNQAPLFGEG	2e-05
CASSLSPQGSQNTLYFGAG	2e-05
CASSLSPRANSDYTFGSG	2e-05
CASSLSPRGKVFFGKG	2e-05
CASSLSPSAETLYFGSG	2e-05
CASSLSPSNQDTQYFGPG	2e-05
CASSLSPTAGNTLYFGEG	2e-05
CASSLSPVPGNTLYFGEG	2e-05
CASSLSQGADTQYFGPG	2e-05
CASSLSQGAGERLFFGHG	2e-05
CASSLSQGAGSDYTFGSG	2e-05
CASSLSQGENTLYFGAG	2e-05
CASSLSQGNSDYTFGSG	4e-05
CASSLSQGNTGQLYFGEG	2e-05
CASSLSQGQDTQYFGPG	4e-05
CASSLSQGRDTQYFGPG	4e-05
CASSLSQGRNTLYFGEG	2e-05
CASSLSQKNTLYFGAG	2e-05
CASSLSQNTGQLYFGEG	2e-05
CASSLSQTDTQYFGPG	2e-05
CASSLSRAGASQNTLYFGAG	2e-05
CASSLSRANNQAPLFGEG	2e-05
CASSLSRDNSPLYFGEG	2e-05
CASSLSREAQDTQYFGPG	2e-05
CASSLSREDTEVFFGKG	2e-05
CASSLSREHNQDTQYFGPG	2e-05
CASSLSRESTEVFFGKG	2e-05
CASSLSREVPLYFGAG	2e-05
CASSLSRGANSDYTFGSG	2e-05
CASSLSRGDTEVFFGKG	2e-05
CASSLSRGGAIDTQYFGPG	2e-05
CASSLSRGGSNERLFFGHG	2e-05
CASSLSRGNTLYFGEG	2e-05
CASSLSRGPEVFFGKG	2e-05
CASSLSRGQDNTGQLYFGEG	2e-05
CASSLSRGRNSPLYFGEG	2e-05
CASSLSRGRVQNTLYFGAG	2e-05
CASSLSRGTGGFEQYFGPG	2e-05
CASSLSRGTSAETLYFGSG	2e-05
CASSLSRLSQNTLYFGAG	2e-05
CASSLSRPLSNERLFFGHG	2e-05
CASSLSRPPNTGQLYFGEG	2e-05
CASSLSRQGNERLFFGHG	2e-05
CASSLSRQGRDTQYFGPG	2e-05
CASSLSRQNSPLYFGEG	2e-05
CASSLSRQPEVFFGKG	2e-05
CASSLSRQPSNERLFFGHG	2e-05
CASSLSRQQNSDYTFGSG	2e-05
CASSLSRQVFFGKG	2e-05
CASSLSRRGANTGQLYFGEG	2e-05
CASSLSRRNTEVFFGKG	2e-05
CASSLSRRQNTLYFGAG	4e-05
CASSLSRSNTEVFFGKG	2e-05
CASSLSRSSGNTLYFGEG	2e-05
CASSLSRTGAGNTLYFGEG	2e-05
CASSLSRTVPQYFGPG	2e-05
CASSLSRVEQYFGPG	2e-05
CASSLSRVKTLYFGAG	2e-05
CASSLSRYTNERLFFGHG	2e-05
CASSLSSDSGNTLYFGEG	2e-05
CASSLSSGDTQYFGPG	2e-05
CASSLSSGERLFFGHG	2e-05
CASSLSSGQGNERLFFGHG	2e-05
CASSLSSGRPDYTFGSG	2e-05
CASSLSSGVRQNTLYFGAG	2e-05
CASSLSSISGNTLYFGEG	4e-05
CASSLSSPLSFGAG	2e-05
CASSLSSQGQNTLYFGAG	2e-05
CASSLSSQGYEQYFGPG	2e-05
CASSLSSQSGNTLYFGEG	2e-05
CASSLSSSAETLYFGSG	2e-05
CASSLSSSETLYFGSG	2e-05
CASSLSSTNTEVFFGKG	4e-05
CASSLSSTSAETLYFGSG	2e-05
CASSLSSVSNERLFFGHG	2e-05
CASSLSSWDNQDTQYFGPG	2e-05
CASSLSSWGDTQYFGPG	2e-05
CASSLSTAGRSGNTLYFGEG	2e-05
CASSLSTATGNTLYFGEG	2e-05
CASSLSTDSPLYFGEG	2e-05
CASSLSTEGERLFFGHG	2e-05
CASSLSTENTLYFGAG	2e-05
CASSLSTGAPLFGEG	2e-05
CASSLSTGDTQYFGPG	2e-05
CASSLSTGGDQDTQYFGPG	2e-05
CASSLSTGGLFFGPG	2e-05
CASSLSTGGNTLYFGEG	4e-05
CASSLSTGGQNTLYFGAG	2e-05
CASSLSTGGRAETLYFGSG	2e-05
CASSLSTGGSDYTFGSG	2e-05
CASSLSTGGSQNTLYFGAG	2e-05
CASSLSTGLSGNTLYFGEG	2e-05
CASSLSTGNTGQLYFGEG	2e-05
CASSLSTGPDYTFGSG	2e-05
CASSLSTGRAPLFGEG	2e-05
CASSLSTGYEQYFGPG	2e-05
CASSLSTINQDTQYFGPG	2e-05
CASSLSTIYAEQFFGPG	2e-05
CASSLSTPPNTGQLYFGEG	2e-05
CASSLSTQGGQNTLYFGAG	2e-05
CASSLSTQGNAEQFFGPG	2e-05
CASSLSTQGQAEQFFGPG	2e-05
CASSLSTRNSGNTLYFGEG	2e-05
CASSLSTSGNTLYFGEG	2e-05
CASSLSTSSAETLYFGSG	4e-05
CASSLSTYNSPLYFGEG	2e-05
CASSLSVGAGNTLYFGEG	2e-05
CASSLSVGTGAETLYFGSG	2e-05
CASSLSVKVFFGKG	4e-05
CASSLSVRYQDTQYFGPG	2e-05
CASSLSVSGDQNTLYFGAG	2e-05
CASSLSWANTEVFFGKG	2e-05
CASSLSWDTQYFGPG	2e-05
CASSLSWETLYFGSG	2e-05
CASSLSWGAGSDYTFGSG	2e-05
CASSLSWGGDSDYTFGSG	2e-05
CASSLSWGGKDTQYFGPG	4e-05
CASSLSWGGNTGQLYFGEG	2e-05
CASSLSWGHQDTQYFGPG	2e-05
CASSLSWGHYAEQFFGPG	2e-05
CASSLSWGNTLYFGEG	2e-05
CASSLSWGNYAEQFFGPG	2e-05
CASSLSWQGAGDTLYFGAG	2e-05
CASSLSYNSPLYFGEG	2e-05
CASSLSYSSPLYFGEG	2e-05
CASSLTADEQYFGPG	2e-05
CASSLTAETLYFGSG	2e-05
CASSLTAGNTLYFGEG	2e-05
CASSLTAGVYEQYFGPG	2e-05
CASSLTANERLFFGHG	2e-05
CASSLTANQDTQYFGPG	2e-05
CASSLTARGQVFFGKG	2e-05
CASSLTASNSDYTFGSG	2e-05
CASSLTASNTLYFGAG	2e-05
CASSLTATTGQLYFGEG	2e-05
CASSLTAYSSPLYFGEG	2e-05
CASSLTDAEQFFGPG	2e-05
CASSLTDHNSPLYFGEG	2e-05
CASSLTDNERLFFGHG	2e-05
CASSLTDRGTEVFFGKG	2e-05
CASSLTDTSPLYFGEG	2e-05
CASSLTDWGNQDTQYFGPG	2e-05
CASSLTDYNAALYFGEG	2e-05
CASSLTENTGQLYFGEG	2e-05
CASSLTEYNSPVYFGEG	2e-05
CASSLTEYSSPLYFGEG	2e-05
CASSLTEYYSPLYFGEG	2e-05
CASSLTGADTEVFFGKG	2e-05
CASSLTGAEQFFGPG	2e-05
CASSLTGAETLYFGSG	2e-05
CASSLTGAHHTFGSG	2e-05
CASSLTGANAETLYFGSG	2e-05
CASSLTGAPLFGEG	2e-05
CASSLTGASGNTLYFGEG	2e-05
CASSLTGDAEVFFGKG	2e-05
CASSLTGDGDTQYFGPG	2e-05
CASSLTGDSQNTLYFGAG	2e-05
CASSLTGENTEVFFGKG	2e-05
CASSLTGESQNTLYFGAG	2e-05
CASSLTGFEQYFGPG	2e-05
CASSLTGFSYEQYFGPG	2e-05
CASSLTGGAAETLYFGSG	2e-05
CASSLTGGADEQYFGPG	2e-05
CASSLTGGADTLYFGAG	2e-05
CASSLTGGAEKQYFGPG	2e-05
CASSLTGGAGAETLYFGSG	2e-05
CASSLTGGAGYAEQFFGPG	2e-05
CASSLTGGAHTQYFGPG	2e-05
CASSLTGGAKDTQYFGPG	2e-05
CASSLTGGALNTGQLYFGEG	2e-05
CASSLTGGANAEQFFGPG	2e-05
CASSLTGGANTGQLYFGEG	2e-05
CASSLTGGARNTQYFGPG	2e-05
CASSLTGGATLYFGAG	2e-05
CASSLTGGDAETLYFGSG	2e-05
CASSLTGGDGAETLYFGSG	2e-05
CASSLTGGDPLYFGAG	2e-05
CASSLTGGEFFFGKG	2e-05
CASSLTGGETLYFGSG	2e-05
CASSLTGGEVFFGKG	2e-05
CASSLTGGFQDTQYFGPG	2e-05
CASSLTGGFYAEQFFGPG	2e-05
CASSLTGGGGQLYFGEG	2e-05
CASSLTGGGKTLYFGSG	2e-05
CASSLTGGHAEQFFGPG	2e-05
CASSLTGGKDTQYFGPG	2e-05
CASSLTGGLFFGHG	2e-05
CASSLTGGNSYEQYFGPG	2e-05
CASSLTGGPDTQYFGPG	2e-05
CASSLTGGPEVFFGKG	2e-05
CASSLTGGQIYSDYTFGSG	2e-05
CASSLTGGRYQDTQYFGPG	2e-05
CASSLTGGSDYTFGSG	2e-05
CASSLTGGSPYTLYFGAG	2e-05
CASSLTGGSSQNTLYFGAG	2e-05
CASSLTGGTQNTLYFGAG	2e-05
CASSLTGGTYAEQFFGPG	2e-05
CASSLTGGVPDTQYFGPG	2e-05
CASSLTGGYNSPLYFGEG	4e-05
CASSLTGHAEQFFGPG	2e-05
CASSLTGHNTGQLYFGEG	2e-05
CASSLTGIAEQFFGPG	2e-05
CASSLTGITGQLYFGEG	2e-05
CASSLTGKESQNTLYFGAG	2e-05
CASSLTGKNTEVFFGKG	2e-05
CASSLTGKSHYTFGSG	2e-05
CASSLTGLEQYFGPG	2e-05
CASSLTGLGAETLYFGSG	2e-05
CASSLTGNEQYFGPG	2e-05
CASSLTGNQNTLYFGAG	2e-05
CASSLTGNSNERLFFGHG	2e-05
CASSLTGNSYNSPLYFGEG	2e-05
CASSLTGPDTGQLYFGEG	2e-05
CASSLTGRETLYFGSG	2e-05
CASSLTGRHYAEQFFGPG	2e-05
CASSLTGRPERLFFGHG	2e-05
CASSLTGRVFFGKG	4e-05
CASSLTGSAEQFFGPG	2e-05
CASSLTGSNTEVFFGKG	2e-05
CASSLTGSSPLYFGEG	2e-05
CASSLTGTGPNERLFFGHG	2e-05
CASSLTGTGSYEQYFGPG	2e-05
CASSLTGTYNSPLYFGEG	2e-05
CASSLTGVAEQFFGPG	2e-05
CASSLTGVEVFFGKG	2e-05
CASSLTGVGERLFFGHG	2e-05
CASSLTGVSDYTFGSG	2e-05
CASSLTGVSERLFFGHG	2e-05
CASSLTGVSGNTLYFGEG	2e-05
CASSLTGVSSYEQYFGPG	2e-05
CASSLTGWGNTLYFGEG	2e-05
CASSLTGWNTEVFFGKG	2e-05
CASSLTGYYEQYFGPG	2e-05
CASSLTHQAPLFGEG	2e-05
CASSLTIPAPLFGEG	2e-05
CASSLTKANTEVFFGKG	2e-05
CASSLTLGGGETLYFGSG	2e-05
CASSLTLGGSQNTLYFGAG	2e-05
CASSLTLSYEQYFGPG	2e-05
CASSLTMNSGNTLYFGEG	2e-05
CASSLTNNQAPLFGEG	2e-05
CASSLTNTEQFFGPG	2e-05
CASSLTPANSDYTFGSG	2e-05
CASSLTPGLGTYAEQFFGPG	2e-05
CASSLTPGLVNYAEQFFGPG	2e-05
CASSLTPGTGAQDTQYFGPG	2e-05
CASSLTPNYAEQFFGPG	2e-05
CASSLTPPKSYAVFFGKG	2e-05
CASSLTPSNSDYTFGSG	2e-05
CASSLTQGAVERLFFGHG	2e-05
CASSLTQGREQYFGPG	2e-05
CASSLTQPGNTLYFGEG	2e-05
CASSLTQPQYFGPG	2e-05
CASSLTQTETLYFGSG	2e-05
CASSLTRANSDYTFGSG	2e-05
CASSLTRASAETLYFGSG	2e-05
CASSLTRDYEQYFGPG	2e-05
CASSLTRENTLYFGAG	2e-05
CASSLTRGARYFGPG	2e-05
CASSLTRGPNERLFFGHG	4e-05
CASSLTRGSGNTLYFGEG	2e-05
CASSLTRMENTLYFGAG	2e-05
CASSLTRNAETLYFGSG	2e-05
CASSLTRNTLYFGEG	2e-05
CASSLTRYEQYFGPG	2e-05
CASSLTRYISPLYFGEG	2e-05
CASSLTSEQYFGPG	2e-05
CASSLTSEVFFGKG	2e-05
CASSLTSQAPLFGEG	2e-05
CASSLTSSAETLYFGSG	2e-05
CASSLTTEPPLYFGEG	2e-05
CASSLTVNSDYTFGSG	2e-05
CASSLTVREQYFGPG	2e-05
CASSLTVSYEQYFGPG	2e-05
CASSLTVYNSPLYFGEG	2e-05
CASSLTWDRNERLFFGHG	2e-05
CASSLTWETNERLFFGHG	2e-05
CASSLTWGASDQSFGHG	2e-05
CASSLTWGVPETLYFGSG	2e-05
CASSLTWGWGTEVFFGKG	2e-05
CASSLTYTAETLYFGSG	4e-05
CASSLTYYNSPPYFGEG	2e-05
CASSLVAAYEQYFGPG	2e-05
CASSLVAGGGALFFGKG	2e-05
CASSLVAGGGQYFGPG	4e-05
CASSLVAGGYAEQFFGPG	2e-05
CASSLVAGTGPETLYFGSG	2e-05
CASSLVAHTEVFFGKG	2e-05
CASSLVAREGNQAPLFGEG	2e-05
CASSLVASDYTFGSG	2e-05
CASSLVATDYTFGSG	2e-05
CASSLVATNERLFFGHG	2e-05
CASSLVATSAETLYFGSG	2e-05
CASSLVDIQDTQYFGPG	2e-05
CASSLVDQNTLYFGAG	2e-05
CASSLVDRAGFFGKG	2e-05
CASSLVDRDTQYFGPG	2e-05
CASSLVDSKEVFFGKG	2e-05
CASSLVDSNSPLYFGEG	2e-05
CASSLVDTGQLYFGEG	2e-05
CASSLVDWGALDTQYFGPG	2e-05
CASSLVDYNYAEQFFGPG	2e-05
CASSLVEEEQYFGPG	2e-05
CASSLVEQGAIEQYFGPG	2e-05
CASSLVGADTEVFFGKG	2e-05
CASSLVGAGDTQYFGPG	2e-05
CASSLVGAGERLFFGHG	2e-05
CASSLVGANTQYFGPG	2e-05
CASSLVGAPHPLDFGEG	2e-05
CASSLVGAREQYFGPG	2e-05
CASSLVGARHSDYTFGSG	2e-05
CASSLVGDAEQFFGPG	2e-05
CASSLVGDSGNTLYFGEG	2e-05
CASSLVGDSPLYFGEG	2e-05
CASSLVGDTEVFFGKG	2e-05
CASSLVGDYEQYFGPG	4e-05
CASSLVGEEQYFGPG	2e-05
CASSLVGETLYFGAG	2e-05
CASSLVGEVFFGKG	2e-05
CASSLVGFEQYFGPG	2e-05
CASSLVGGAGAEQFFGPG	2e-05
CASSLVGGAPEQFFGPG	2e-05
CASSLVGGDTQYFGPG	2e-05
CASSLVGGGAPTPLFGEG	2e-05
CASSLVGGGIPLYFGAG	2e-05
CASSLVGGGNERLFFGHG	2e-05
CASSLVGGGPYEQYFGPG	2e-05
CASSLVGGHAEQFFGPG	2e-05
CASSLVGGHYEQYFGPG	4e-05
CASSLVGGLAEQFFGPG	4e-05
CASSLVGGPEVFFGKG	2e-05
CASSLVGGQFFGPG	2e-05
CASSLVGGRAETLYFGSG	2e-05
CASSLVGGRQDTQYFGPG	2e-05
CASSLVGGTLYFGAG	2e-05
CASSLVGGTTLYFGAG	2e-05
CASSLVGGVGAETLYFGSG	2e-05
CASSLVGLQLYFGEG	2e-05
CASSLVGLQNTLYFGAG	2e-05
CASSLVGNSETLYFGSG	2e-05
CASSLVGPFNQDTQYFGPG	2e-05
CASSLVGQGITEVFFGKG	2e-05
CASSLVGQHYEQYFGPG	2e-05
CASSLVGRGDTQYFGPG	2e-05
CASSLVGRGNTLYFGEG	2e-05
CASSLVGRNTLYFGAG	2e-05
CASSLVGRSTYEQYFGPG	2e-05
CASSLVGSQNTLYFGAG	2e-05
CASSLVGSTEVFFGKG	2e-05
CASSLVGTGGTEVFFGKG	2e-05
CASSLVGTPYEQYFGPG	2e-05
CASSLVGVEQYFGPG	2e-05
CASSLVGVQDTQYFGPG	2e-05
CASSLVGVRDTQYFGPG	2e-05
CASSLVGYAETLYFGSG	2e-05
CASSLVHRSAEQFFGPG	2e-05
CASSLVHSYEQYFGPG	2e-05
CASSLVKGANTEVFFGKG	2e-05
CASSLVKNSDYTFGSG	2e-05
CASSLVKNTEVFFGKG	2e-05
CASSLVKNTLYFGAG	2e-05
CASSLVLGDSYEQYFGPG	2e-05
CASSLVLGGIEQYFGPG	2e-05
CASSLVLGGRQNTLYFGAG	2e-05
CASSLVLGGSQNTLYFGAG	2e-05
CASSLVMDTQYFGPG	2e-05
CASSLVMGGIYEQYFGPG	2e-05
CASSLVNEQYFGPG	2e-05
CASSLVNTEVFFGKG	2e-05
CASSLVQASAETLYFGSG	2e-05
CASSLVQGAGTEVFFGKG	2e-05
CASSLVQGEQYFGPG	2e-05
CASSLVQGPNTEVFFGKG	2e-05
CASSLVQGRQNTLYFGAG	2e-05
CASSLVQGTSDYTFGSG	2e-05
CASSLVQHSDYTFGSG	2e-05
CASSLVQLAEQFFGPG	2e-05
CASSLVQNQAPLFGEG	2e-05
CASSLVQNSAETLYFGSG	4e-05
CASSLVQPNSDYTFGSG	2e-05
CASSLVQPNTEVFFGKG	2e-05
CASSLVRDDTEVFFGKG	2e-05
CASSLVRDKNTEVFFGKG	2e-05
CASSLVRDRENSDYTFGSG	2e-05
CASSLVREAEVFFGKG	2e-05
CASSLVREAYAEQFFGPG	2e-05
CASSLVREYEQYFGPG	2e-05
CASSLVRGAGEQYFGPG	2e-05
CASSLVRGEQYFGPG	2e-05
CASSLVRGGAEQFFGPG	2e-05
CASSLVRGGNTLYFGEG	2e-05
CASSLVRGPDYTFGSG	2e-05
CASSLVRGQNTLYFGAG	2e-05
CASSLVRGTETLYFGSG	2e-05
CASSLVRGTGNTLYFGEG	2e-05
CASSLVRHDAEQFFGPG	2e-05
CASSLVRHSEQFFGPG	2e-05
CASSLVRLGDQDTQYFGPG	2e-05
CASSLVRRNSDYTFGSG	2e-05
CASSLVRSDYTFGSG	2e-05
CASSLVRSSYEQYFGPG	2e-05
CASSLVRTANSDYTFGSG	4e-05
CASSLVRVEQYFGPG	2e-05
CASSLVRYNSPLYFGEG	2e-05
CASSLVSDWGTNTGQLYFGEG	2e-05
CASSLVSGGERLFFGHG	2e-05
CASSLVSGQGNTEVFFGKG	2e-05
CASSLVSKDTQYFGPG	2e-05
CASSLVSKNSDYTFGSG	2e-05
CASSLVSNNQAPLFGEG	2e-05
CASSLVSNYAEQFFGPG	2e-05
CASSLVSSAETLYFGSG	2e-05
CASSLVSSGNTLYFGEG	2e-05
CASSLVSSQDTQYFGPG	2e-05
CASSLVTASQNTLYFGAG	4e-05
CASSLVTDTEVFFGKG	4e-05
CASSLVTGDYAEQFFGPG	2e-05
CASSLVTGGDTQYFGPG	2e-05
CASSLVTGGIEQYFGPG	2e-05
CASSLVTGGLQDTQYFGPG	2e-05
CASSLVTGYEQYFGPG	2e-05
CASSLVTTNSDYTFGSG	2e-05
CASSLVVYEQYFGPG	2e-05
CASSLVWGAGAETLYFGSG	2e-05
CASSLVWGDYAEQFFGPG	2e-05
CASSLVWGNYAEQFFGPG	2e-05
CASSLVWGSAETLYFGSG	2e-05
CASSLVWGYNYAEQFFGPG	2e-05
CASSLVWPGHTLYFGAG	2e-05
CASSLVYNSNERLFFGHG	2e-05
CASSLWAPSGNTLYFGEG	2e-05
CASSLWASAETLYFGSG	2e-05
CASSLWAVNERLFFGHG	2e-05
CASSLWAYEQYFGPG	2e-05
CASSLWDEQYFGPG	2e-05
CASSLWDGNTLYFGEG	2e-05
CASSLWDNNERLFFGHG	2e-05
CASSLWDNNQAPLFGEG	2e-05
CASSLWDQDTQYFGPG	2e-05
CASSLWDRDTEVFFGKG	2e-05
CASSLWDRTPEVFFGKG	2e-05
CASSLWDSDYTFGSG	2e-05
CASSLWDSGNTLYFGEG	2e-05
CASSLWDTGNTLYFGEG	2e-05
CASSLWDVFFGKG	2e-05
CASSLWDWADTQYFGPG	2e-05
CASSLWDWGDTQYFGPG	2e-05
CASSLWDWGRQNTLYFGAG	2e-05
CASSLWDWGSYEQYFGPG	2e-05
CASSLWEGREQYFGPG	2e-05
CASSLWENTLYFGAG	2e-05
CASSLWEPNERLFFGHG	2e-05
CASSLWGAFYEQYFGPG	2e-05
CASSLWGAGLNQDTQYFGPG	2e-05
CASSLWGALYAEQFFGPG	2e-05
CASSLWGANYAEQFFGPG	2e-05
CASSLWGAPGQLYFGEG	2e-05
CASSLWGARNTEVFFGKG	2e-05
CASSLWGASAETLYFGSG	2e-05
CASSLWGDIQDTQYFGPG	2e-05
CASSLWGDNQDTQYFGPG	2e-05
CASSLWGDSIPLYFGAG	2e-05
CASSLWGDYAEQFFGPG	2e-05
CASSLWGEQDTQYFGPG	2e-05
CASSLWGFPDTQYFGPG	2e-05
CASSLWGFQDTQYFGPG	2e-05
CASSLWGGAGTGQLYFGEG	2e-05
CASSLWGGDTEVFFGKG	2e-05
CASSLWGGDTGQLYFGEG	2e-05
CASSLWGGDTQYFGPG	2e-05
CASSLWGGDYAEQFFGPG	2e-05
CASSLWGGMRQSFGEG	2e-05
CASSLWGGNTEVFFGKG	2e-05
CASSLWGGNTQYFGPG	2e-05
CASSLWGGQNYAEQFFGPG	2e-05
CASSLWGGQYFGPG	2e-05
CASSLWGGYEQYFGPG	2e-05
CASSLWGISAETLYFGSG	2e-05
CASSLWGLSAETLYFGSG	2e-05
CASSLWGNTEVFFGKG	2e-05
CASSLWGPNERLFFGHG	2e-05
CASSLWGPNTLYFGAG	4e-05
CASSLWGPSAETLYFGSG	2e-05
CASSLWGQGDEQYFGPG	2e-05
CASSLWGQGDTQYFGPG	2e-05
CASSLWGRGNTLYFGAG	2e-05
CASSLWGRNSPLYFGEG	2e-05
CASSLWGRNTEVFFGKG	2e-05
CASSLWGRVAETLYFGSG	2e-05
CASSLWGSQNTLYFGAG	2e-05
CASSLWGTGGAETLYFGSG	2e-05
CASSLWGTSNTGQLYFGEG	2e-05
CASSLWGTYEQYFGPG	2e-05
CASSLWGVCTGQLYFGEG	2e-05
CASSLWHAEQFFGPG	2e-05
CASSLWKQYFGPG	2e-05
CASSLWLAPNTLYFGAG	2e-05
CASSLWLGGGPQYFGPG	2e-05
CASSLWPRGNERLFFGHG	2e-05
CASSLWQGDTFGSG	2e-05
CASSLWQGGGGRLFFGHG	2e-05
CASSLWQGRGEVFFGKG	2e-05
CASSLWQTHERLFFGHG	2e-05
CASSLWRPGCPFGSGSQYFGPG	2e-05
CASSLWRQGGAETLYFGSG	2e-05
CASSLWSSYEQYFGPG	4e-05
CASSLWTEQYFGPG	2e-05
CASSLWTGAGNTLYFGEG	2e-05
CASSLWTGDSQNTLYFGAG	2e-05
CASSLWTGGADTLYFGAG	2e-05
CASSLWTGGAREQYFGPG	2e-05
CASSLWTGGAYEQYFGPG	2e-05
CASSLWTGGPSYEQYFGPG	2e-05
CASSLWTGGSQNTLYFGAG	2e-05
CASSLWTGGTEVFFGKG	2e-05
CASSLWTGGYAEQFFGPG	2e-05
CASSLWTGNSGNTLYFGEG	2e-05
CASSLWTGVEQYFGPG	2e-05
CASSLWTGVSQNTLYFGAG	2e-05
CASSLWTGYAEQFFGPG	2e-05
CASSLWTPETLYFGSG	2e-05
CASSLWTTNQAPLFGEG	2e-05
CASSLWTTNTEVFFGKG	2e-05
CASSLWTYNSPLYFGEG	2e-05
CASSLWVNTGQLYFGEG	2e-05
CASSLYANSDYTFGSG	2e-05
CASSLYGADTEVFFGKG	2e-05
CASSLYGAGAAEQYFGPG	2e-05
CASSLYGDQDTQYFGPG	2e-05
CASSLYGGEGAETLYFGSG	2e-05
CASSLYGGEQFFGPG	2e-05
CASSLYGGGTETLYFGSG	2e-05
CASSLYGGNTEVFFGKG	2e-05
CASSLYGGVGGGGGQNTLYFGAG	2e-05
CASSLYGTQDTQYFGPG	2e-05
CASSLYHNSPLYFGEG	2e-05
CASSLYIPPLYFGEG	2e-05
CASSLYISPLYFGEG	2e-05
CASSLYNYAEQFFGPG	2e-05
CASSLYPSAETLYFGSG	2e-05
CASSLYQGAGAETLYFGSG	2e-05
CASSLYQGAREQYFGPG	2e-05
CASSLYQGNSDYTFGSG	2e-05
CASSLYQYFGPG	2e-05
CASSLYRANQAPLFGEG	2e-05
CASSLYRANTLYFGEG	2e-05
CASSLYRDSAETLYFGSG	2e-05
CASSLYRDSDYTFGSG	2e-05
CASSLYRDYAEQFFGPG	2e-05
CASSLYRFANTEVFFGKG	2e-05
CASSLYRGNSPLYFGEG	2e-05
CASSLYRVEQYFGPG	4e-05
CASSLYSEVFFGKG	2e-05
CASSLYSQDTQYFGPG	2e-05
CASSLYSSYEQYFGPG	2e-05
CASSLYTGGYEQYFGPG	2e-05
CASSLYTLYFGAG	2e-05
CASSLYTTNTEVFFGKG	4e-05
CASSLYWGETLYFGSG	2e-05
CASSLYWGEYEQYFGPG	2e-05
CASSLYWGSSYEQYFGPG	2e-05
CASSLYYAEQFFGPG	2e-05
CASSLYYRKDTQYFGPG	2e-05
CASSMADYNYAEQFFGPG	2e-05
CASSMAGTNTEVFFGKG	2e-05
CASSMAGTTNTEVFFGKG	2e-05
CASSMALGKDTQYFGPG	2e-05
CASSMANNQDTQYFGPG	2e-05
CASSMDKSDYTFGSG	2e-05
CASSMDRGREQYFGPG	2e-05
CASSMDRQNTLYFGAG	2e-05
CASSMDRRGQAPLFGEG	2e-05
CASSMDRYEQYFGPG	2e-05
CASSMDRYNSPLYFGEG	2e-05
CASSMDSIYEQYFGPG	2e-05
CASSMDWGASQNTLYFGAG	2e-05
CASSMDWGCETLYFGSG	2e-05
CASSMEGNTEVFFGKG	2e-05
CASSMGEQYFGPG	2e-05
CASSMGGADTEVFFGKG	2e-05
CASSMGGAYEQYFGPG	2e-05
CASSMGGKAEQFFGPG	2e-05
CASSMGHSSYEQYFGPG	2e-05
CASSMGLGGPETLYFGSG	2e-05
CASSMGLGGYEQYFGPG	2e-05
CASSMGLQNTLYFGAG	2e-05
CASSMGNEETLYFGSG	2e-05
CASSMGNSGNTLYFGEG	2e-05
CASSMGNTLYFGAG	2e-05
CASSMGQGAGEQYFGPG	2e-05
CASSMGQGATEQYFGPG	2e-05
CASSMGQGDTEVFFGKG	2e-05
CASSMGQNTEVFFGKG	2e-05
CASSMGQSGNTLYFGEG	6.000000000000001e-05
CASSMGQYNSPLYFGEG	2e-05
CASSMGSSAETLYFGSG	2e-05
CASSMGTFAETLYFGSG	2e-05
CASSMGTGDSDYTFGSG	2e-05
CASSMGTGGTTLYFGAG	2e-05
CASSMGTGSSYEQYFGPG	2e-05
CASSMGVLSPLYFGEG	2e-05
CASSMGVPDTQYFGPG	2e-05
CASSMGYAEQFFGPG	2e-05
CASSMHINSPLYFGEG	2e-05
CASSMIGGSAETLYFGSG	2e-05
CASSMIWGGAETLYFGSG	2e-05
CASSMKDTQYFGPG	2e-05
CASSMKSSYEQYFGPG	2e-05
CASSMMGGAETLYFGSG	2e-05
CASSMNSGNTLYFGEG	2e-05
CASSMNTGQLYFGEG	2e-05
CASSMQGEGDEQFFGPG	2e-05
CASSMQGNYAEQFFGPG	2e-05
CASSMRLGVEQYFGPG	2e-05
CASSMRRPNSDYTFGSG	2e-05
CASSMRTEVFFGKG	2e-05
CASSMSGVYEQYFGPG	4e-05
CASSMSSGARQNTLYFGAG	2e-05
CASSMTGGAYEQYFGPG	4e-05
CASSMTGGKTGQLYFGEG	2e-05
CASSMTGGLYEQYFGPG	2e-05
CASSMTGIGNTLYFGEG	2e-05
CASSMTGKNTLYFGAG	2e-05
CASSMTGPNERLFFGHG	2e-05
CASSMTIQNTLYFGAG	2e-05
CASSMTKNTLYFGAG	2e-05
CASSMTVNYAEQFFGPG	2e-05
CASSMWASAETLYFGSG	2e-05
CASSMWRLSGNTLYFGEG	2e-05
CASSMWTSAETLYFGSG	2e-05
CASSMYFGPG	2e-05
CASSMYFGSG	2e-05
CASSNASRAETLYFGSG	2e-05
CASSNDISSQNTLYFGAG	2e-05
CASSNDNNQAPLFGEG	4e-05
CASSNDRDEQYFGPG	2e-05
CASSNDRGRAETLYFGSG	2e-05
CASSNDWGGAEQFFGPG	2e-05
CASSNDWGGYEQYFGPG	2e-05
CASSNETGENTQYFGPG	2e-05
CASSNGDEQYFGPG	2e-05
CASSNGDGQNTLYFGAG	2e-05
CASSNGEQYFGPG	2e-05
CASSNGGGEQYFGPG	2e-05
CASSNGLGGGNTLYFGAG	2e-05
CASSNGQGSGNQAPLFGEG	2e-05
CASSNGQNTEVFFGKG	2e-05
CASSNGQYSGNTLYFGEG	2e-05
CASSNGVRDTQYFGPG	2e-05
CASSNHRDPSNERLFFGHG	2e-05
CASSNNRCSGNTLYFGEG	2e-05
CASSNNSGNTLYFGEG	2e-05
CASSNNWGGAETLYFGSG	2e-05
CASSNPAETLYFGSG	2e-05
CASSNPFMYAEQFFGPG	2e-05
CASSNPFQDTQYFGPG	2e-05
CASSNPGNQDTQYFGPG	2e-05
CASSNPGQQAPLFGEG	2e-05
CASSNPGRNYAEQFFGPG	2e-05
CASSNRAAEVFFGKG	2e-05
CASSNRAGQLYFGEG	2e-05
CASSNRATLYFGEG	2e-05
CASSNRATNERLFFGHG	2e-05
CASSNRDRATEVFFGKG	2e-05
CASSNRDRDAEQFFGPG	2e-05
CASSNRDRGRDTQYFGPG	4e-05
CASSNRDRGYAEQFFGPG	2e-05
CASSNRDSNQAPLFGEG	2e-05
CASSNRDSSPLYFGEG	2e-05
CASSNRDTEVFFGKG	2e-05
CASSNRDTGQLYFGEG	2e-05
CASSNRDYEQYFGPG	2e-05
CASSNRFQDTQYFGPG	2e-05
CASSNRGETLYFGSG	2e-05
CASSNRGHEQYFGPG	2e-05
CASSNRGPGTGQLYFGEG	2e-05
CASSNRGRGQDTQYFGPG	2e-05
CASSNRGSNERLFFGHG	2e-05
CASSNRGSYEQYFGPG	2e-05
CASSNRGTHDTQYFGPG	2e-05
CASSNRHRGHTQYFGPG	4e-05
CASSNRVDTEVFFGKG	2e-05
CASSNRVNNQAPLFGEG	2e-05
CASSNRVNYAEQFFGPG	2e-05
CASSNRVQYFGPG	2e-05
CASSNRVRDTQYFGPG	2e-05
CASSNSAETLYFGSG	2e-05
CASSNSNQDTQYFGPG	2e-05
CASSNSQNTLYFGAG	4e-05
CASSNSYSSPLYFGEG	2e-05
CASSNTQDTQYFGPG	2e-05
CASSNTYNSPLYFGEG	2e-05
CASSNVGNSDYTFGSG	2e-05
CASSNVSRSKSYAVFFGKG	2e-05
CASSNVTPPKPYAVFFGKG	2e-05
CASSNWGPSAETLYFGSG	2e-05
CASSNWGQNTLYFGAG	2e-05
CASSNWGRSSYEQYFGPG	2e-05
CASSNWGTEPTQYFGPG	2e-05
CASSNWRAETLYFGSG	2e-05
CASSPADYAEQFFGPG	2e-05
CASSPAEQFFGPG	2e-05
CASSPAGDTEVFFGKG	2e-05
CASSPAGDYAEQFFGPG	2e-05
CASSPAGGAETLYFGSG	2e-05
CASSPAGGAGAEQFFGPG	2e-05
CASSPAGGDYEQYFGPG	2e-05
CASSPAGGQNTLYFGAG	2e-05
CASSPAGGRYAEQFFGPG	2e-05
CASSPAGGYAEQFFGPG	2e-05
CASSPAGHAEQFFGPG	2e-05
CASSPAGMSNQAPLFGEG	4e-05
CASSPAGNQAPLFGEG	2e-05
CASSPAGQAETLYFGSG	2e-05
CASSPAGTGENTLYFGAG	2e-05
CASSPAGTNSAETLYFGSG	2e-05
CASSPAGTNYAEQFFGPG	2e-05
CASSPAGTVNSPLYFGEG	2e-05
CASSPAGVNSDYTFGSG	2e-05
CASSPAGVYAEQFFGPG	2e-05
CASSPAGVYEQYFGPG	2e-05
CASSPANSGNTLYFGEG	2e-05
CASSPAPASPETLYFGSG	2e-05
CASSPAQARSERLFFGHG	2e-05
CASSPARDEQYFGPG	2e-05
CASSPARDNNQAPLFGEG	2e-05
CASSPARGGPAVFFGKG	2e-05
CASSPASSYEQYFGPG	2e-05
CASSPAVYAEQFFGPG	2e-05
CASSPAWEEQYFGPG	2e-05
CASSPAWGEDTQYFGPG	2e-05
CASSPAWGVDTQYFGPG	2e-05
CASSPCARAETLYFGSG	2e-05
CASSPDCGENTLYFGAG	2e-05
CASSPDFSAETLYFGSG	2e-05
CASSPDGASQNTLYFGAG	2e-05
CASSPDGCAEQFFGPG	2e-05
CASSPDGEQYFGPG	2e-05
CASSPDGGGTEVFFGKG	2e-05
CASSPDGGNTLYFGEG	2e-05
CASSPDGGQNTLYFGAG	2e-05
CASSPDGNNYAEQFFGPG	2e-05
CASSPDGTGGREQYFGPG	2e-05
CASSPDGTGQLYFGEG	2e-05
CASSPDGYQNTLYFGAG	2e-05
CASSPDILRAETLYFGSG	2e-05
CASSPDINTEVFFGKG	2e-05
CASSPDISSYEQYFGPG	2e-05
CASSPDITEVFFGKG	2e-05
CASSPDIYNYAEQFFGPG	2e-05
CASSPDIYSGNTLYFGEG	2e-05
CASSPDKKHPPLFGEG	2e-05
CASSPDLTYEQYFGPG	2e-05
CASSPDNNERLFFGHG	2e-05
CASSPDNSAETLYFGSG	2e-05
CASSPDNYAEQFFGPG	2e-05
CASSPDNYEQYFGPG	2e-05
CASSPDPGTRHAEQFFGPG	2e-05
CASSPDPPRGDTQYFGPG	2e-05
CASSPDPSPLYFGEG	2e-05
CASSPDQNTEVFFGKG	2e-05
CASSPDRADTGQLYFGEG	2e-05
CASSPDRAGQLYFGEG	2e-05
CASSPDRANTGQLYFGEG	2e-05
CASSPDRATGQLYFGEG	2e-05
CASSPDRDGQDTQYFGPG	2e-05
CASSPDRDGTQYFGPG	2e-05
CASSPDRDQAPLFGEG	2e-05
CASSPDRGDPNSDYTFGSG	2e-05
CASSPDRGDTLYFGAG	2e-05
CASSPDRGGERLFFGHG	2e-05
CASSPDRGGGNTLYFGEG	2e-05
CASSPDRGGTETLYFGSG	2e-05
CASSPDRGHPETLYFGSG	2e-05
CASSPDRGLAEQFFGPG	2e-05
CASSPDRGLGNTLYFGEG	2e-05
CASSPDRGLNSPLYFGEG	2e-05
CASSPDRGNERLFFGHG	2e-05
CASSPDRGNSPLYFGEG	2e-05
CASSPDRGNYAEQFFGPG	2e-05
CASSPDRGRETLYFGSG	2e-05
CASSPDRGRYAEQFFGPG	2e-05
CASSPDRGYNSPLYFGEG	2e-05
CASSPDRHERLFFGHG	2e-05
CASSPDRKDEQYFGPG	2e-05
CASSPDRNQAPLFGEG	2e-05
CASSPDRQNTLYFGAG	2e-05
CASSPDRRNTGQLYFGEG	2e-05
CASSPDRTNTGQLYFGEG	2e-05
CASSPDRYAEQFFGPG	2e-05
CASSPDRYYNSPLYFGEG	2e-05
CASSPDSANSDYTFGSG	2e-05
CASSPDSAYEQYFGPG	2e-05
CASSPDSGYEQYFGPG	2e-05
CASSPDSNSTLYFGEG	2e-05
CASSPDSQTRYEQYFGPG	2e-05
CASSPDSSSYEQYFGPG	2e-05
CASSPDSTNSDYTFGSG	2e-05
CASSPDSTQYFGPG	2e-05
CASSPDSYKDTQYFGPG	2e-05
CASSPDTNNQAPLFGEG	2e-05
CASSPDTYEQYFGPG	2e-05
CASSPDVGGPDTQYFGPG	2e-05
CASSPDWAEQYFGPG	2e-05
CASSPDWAHAETLYFGSG	2e-05
CASSPDWANYAEQFFGPG	2e-05
CASSPDWAVAETLYFGSG	2e-05
CASSPDWDNTGQLYFGEG	2e-05
CASSPDWDQDTQYFGPG	2e-05
CASSPDWESQNTLYFGAG	2e-05
CASSPDWEYEQYFGPG	2e-05
CASSPDWFYAEQFFGPG	2e-05
CASSPDWGALYAEQFFGPG	2e-05
CASSPDWGAQYFGPG	2e-05
CASSPDWGDAEQFFGPG	2e-05
CASSPDWGDSSYEQYFGPG	2e-05
CASSPDWGEEQYFGPG	2e-05
CASSPDWGFQNTLYFGAG	2e-05
CASSPDWGGADYEQYFGPG	2e-05
CASSPDWGGAKTLYFGAG	2e-05
CASSPDWGGFAEQFFGPG	2e-05
CASSPDWGGGAEQFFGPG	2e-05
CASSPDWGGGGEQFFGPG	2e-05
CASSPDWGGIAEQFFGPG	2e-05
CASSPDWGGLEQYFGPG	2e-05
CASSPDWGGNTQYFGPG	2e-05
CASSPDWGGQDTQYFGPG	2e-05
CASSPDWGGRTGQLYFGEG	2e-05
CASSPDWGGSNTGQLYFGEG	2e-05
CASSPDWGIAEQFFGPG	2e-05
CASSPDWGKGEQYFGPG	2e-05
CASSPDWGPNTGQLYFGEG	2e-05
CASSPDWGRKNTLYFGAG	2e-05
CASSPDWGRNQDTQYFGPG	2e-05
CASSPDWGRNTLYFGAG	2e-05
CASSPDWGTLYFGAG	2e-05
CASSPDWGVPTYEQYFGPG	2e-05
CASSPDWGVQDTQYFGPG	2e-05
CASSPDWPANTGQLYFGEG	2e-05
CASSPDYWGRAETLYFGSG	2e-05
CASSPEAEQFFGPG	2e-05
CASSPEDSPLYFGEG	2e-05
CASSPEDTLYFGAG	2e-05
CASSPEGGYAEQFFGPG	2e-05
CASSPEGGYNSPLYFGEG	2e-05
CASSPEGLGGPSAETLYFGSG	4e-05
CASSPEGLGNTLYFGEG	2e-05
CASSPEGLQDTQYFGPG	2e-05
CASSPEGNNQAPLFGEG	2e-05
CASSPEGYEQYFGPG	2e-05
CASSPEHPNTLYFGAG	2e-05
CASSPEIGQNTLYFGAG	2e-05
CASSPEISQNTLYFGAG	2e-05
CASSPENERLFFGHG	2e-05
CASSPEQDTQYFGPG	2e-05
CASSPEQGWNTLYFGEG	2e-05
CASSPEQNQAPLFGEG	2e-05
CASSPERNERLFFGHG	2e-05
CASSPETEVFFGKG	2e-05
CASSPETGGSQNTLYFGAG	2e-05
CASSPEVAGNTLYFGEG	2e-05
CASSPFANSDYTFGSG	2e-05
CASSPFHWGQAEQFFGPG	2e-05
CASSPFLLGTDEQYFGPG	2e-05
CASSPFYAEQFFGPG	2e-05
CASSPGAATEVFFGKG	2e-05
CASSPGAAYEQYFGPG	2e-05
CASSPGAENTLYFGAG	2e-05
CASSPGAGGALPGQLYFGEG	2e-05
CASSPGAGGRTYEQYFGPG	4e-05
CASSPGAGNTLYFGEG	4e-05
CASSPGAPDAETLYFGSG	2e-05
CASSPGAPEVFFGKG	2e-05
CASSPGARDQAPLFGEG	2e-05
CASSPGDERLFFGHG	2e-05
CASSPGDNQAPLFGEG	2e-05
CASSPGDQAPLFGEG	2e-05
CASSPGDRYAEQFFGPG	2e-05
CASSPGDWGPQDTQYFGPG	2e-05
CASSPGEGSDYTFGSG	2e-05
CASSPGENTEVFFGKG	2e-05
CASSPGESERLFFGHG	2e-05
CASSPGGAGEQYFGPG	2e-05
CASSPGGAGYAEQFFGPG	2e-05
CASSPGGAHEDTQYFGPG	2e-05
CASSPGGAISNERLFFGHG	2e-05
CASSPGGANTLYFGAG	2e-05
CASSPGGEGAPLFGEG	2e-05
CASSPGGFGAG	2e-05
CASSPGGGIYAEQFFGPG	2e-05
CASSPGGGQNTLYFGAG	2e-05
CASSPGGGTEDYFGEG	2e-05
CASSPGGGTGQLYFGEG	2e-05
CASSPGGGYEQYFGPG	4e-05
CASSPGGINQDTQYFGPG	2e-05
CASSPGGKAEQFFGPG	2e-05
CASSPGGLNERLFFGHG	2e-05
CASSPGGPNERLFFGHG	2e-05
CASSPGGPNQDTQYFGPG	2e-05
CASSPGGPQYFGPG	2e-05
CASSPGGPSSYEQYFGPG	2e-05
CASSPGGQNTLYFGAG	2e-05
CASSPGGREVFFGKG	2e-05
CASSPGGRGSDYTFGSG	2e-05
CASSPGGRGTGQLYFGEG	2e-05
CASSPGGRNTEVFFGKG	2e-05
CASSPGGRVFFGKG	2e-05
CASSPGGSSAETLYFGSG	4e-05
CASSPGGTEVFFGKG	2e-05
CASSPGGTQDTQYFGPG	2e-05
CASSPGGWSHAEQFFGPG	2e-05
CASSPGHFSNERLFFGHG	2e-05
CASSPGHGNTLYFGEG	2e-05
CASSPGHKNTLYFGAG	2e-05
CASSPGHNTEVFFGKG	2e-05
CASSPGHNYAEQFFGPG	2e-05
CASSPGHPNTEVFFGKG	2e-05
CASSPGHQDTQYFGPG	2e-05
CASSPGHRAQTLYFGSG	2e-05
CASSPGHSNSDYTFGSG	2e-05
CASSPGHTNERLFFGHG	2e-05
CASSPGIGNTEVFFGKG	2e-05
CASSPGIQNTLYFGAG	2e-05
CASSPGKGEVFFGKG	2e-05
CASSPGKGSDYTFGSG	2e-05
CASSPGKNTEVFFGKG	2e-05
CASSPGKQAPLFGEG	2e-05
CASSPGLAGTDTQYFGPG	2e-05
CASSPGLANQDTQYFGPG	4e-05
CASSPGLANQNTLYFGAG	2e-05
CASSPGLGASAETLYFGSG	2e-05
CASSPGLGDQNTLYFGAG	2e-05
CASSPGLGEDTQYFGPG	2e-05
CASSPGLGERQNTLYFGAG	2e-05
CASSPGLGETLYFGSG	2e-05
CASSPGLGEYTGQLYFGEG	2e-05
CASSPGLGFKDTQYFGPG	2e-05
CASSPGLGGIEQYFGPG	2e-05
CASSPGLGGISYEQYFGPG	2e-05
CASSPGLGGKDTQYFGPG	2e-05
CASSPGLGGLAETLYFGSG	2e-05
CASSPGLGGLPPYFGAG	2e-05
CASSPGLGGMEQYFGPG	2e-05
CASSPGLGGPGQLYFGEG	2e-05
CASSPGLGGPLYFGAG	2e-05
CASSPGLGGPSQNTLYFGAG	2e-05
CASSPGLGGRAETLYFGSG	2e-05
CASSPGLGGRRYAEQFFGPG	2e-05
CASSPGLGGSQDTQYFGPG	2e-05
CASSPGLGGSYEQYFGPG	2e-05
CASSPGLGGVYAEQFFGPG	2e-05
CASSPGLGHSAETLYFGSG	2e-05
CASSPGLGHTYEQYFGPG	2e-05
CASSPGLGIYEQYFGPG	2e-05
CASSPGLGKNTLYFGAG	2e-05
CASSPGLGLNQDTQYFGPG	2e-05
CASSPGLGNAETLYFGSG	2e-05
CASSPGLGRQNTLYFGAG	2e-05
CASSPGLGSAETLYFGSG	2e-05
CASSPGLGSETLYFGSG	2e-05
CASSPGLGVDTQYFGPG	2e-05
CASSPGLGVNTLYFGAG	2e-05
CASSPGLGVSYEQYFGPG	2e-05
CASSPGLGYYAEQFFGPG	2e-05
CASSPGLNQDTQYFGPG	2e-05
CASSPGLPETLYFGSG	2e-05
CASSPGLQLYFGEG	2e-05
CASSPGLRGAETLYFGSG	2e-05
CASSPGLRTSAETLYFGSG	2e-05
CASSPGLSETLYFGSG	2e-05
CASSPGLSSYEQYFGPG	2e-05
CASSPGLVGGETLYFGSG	2e-05
CASSPGLVLSYEQYFGPG	2e-05
CASSPGNERLFFGHG	2e-05
CASSPGNNQDTQYFGPG	2e-05
CASSPGNSPLYFGEG	2e-05
CASSPGNTLYFGAG	2e-05
CASSPGNTQYFGPG	2e-05
CASSPGPDEQFFGPG	2e-05
CASSPGPEKNTEVFFGKG	2e-05
CASSPGPGAYEQYFGPG	2e-05
CASSPGPHERLFFGHG	2e-05
CASSPGPISGNTLYFGEG	2e-05
CASSPGPPEQYFGPG	2e-05
CASSPGPRGNTLYFGEG	2e-05
CASSPGPTNTEVFFGKG	2e-05
CASSPGQANERLFFGHG	2e-05
CASSPGQANQAPLFGEG	2e-05
CASSPGQAPNERLFFGHG	2e-05
CASSPGQATLYFGEG	2e-05
CASSPGQDNTGQLYFGEG	2e-05
CASSPGQDSDYTFGSG	2e-05
CASSPGQDSNERLFFGHG	2e-05
CASSPGQENTEVFFGKG	2e-05
CASSPGQETYEQYFGPG	2e-05
CASSPGQGAFAETLYFGSG	2e-05
CASSPGQGAGNTLYFGEG	2e-05
CASSPGQGAGTEVFFGKG	2e-05
CASSPGQGAKTLYFGSG	4e-05
CASSPGQGANNSPLYFGEG	2e-05
CASSPGQGANTLYFGAG	2e-05
CASSPGQGATLYFGEG	2e-05
CASSPGQGATQYFGPG	2e-05
CASSPGQGAYTEVFFGKG	2e-05
CASSPGQGDEQYFGPG	2e-05
CASSPGQGDSGNTLYFGEG	2e-05
CASSPGQGDTLYFGAG	2e-05
CASSPGQGGNERLFFGHG	2e-05
CASSPGQGGQDTQYFGPG	4e-05
CASSPGQGHERLFFGHG	2e-05
CASSPGQGHNQAPLFGEG	2e-05
CASSPGQGKDTQYFGPG	2e-05
CASSPGQGKNTEVFFGKG	2e-05
CASSPGQGNQDTQYFGPG	2e-05
CASSPGQGNSDYTFGSG	2e-05
CASSPGQGPEVFFGKG	2e-05
CASSPGQGRAEQFFGPG	2e-05
CASSPGQGRDEQYFGPG	2e-05
CASSPGQGRISNERLFFGHG	2e-05
CASSPGQGRNTEVFFGKG	2e-05
CASSPGQGSETLYFGSG	2e-05
CASSPGQGSYEQYFGPG	2e-05
CASSPGQGTNERLFFGHG	2e-05
CASSPGQGVNERLFFGHG	4e-05
CASSPGQGVQDTQYFGPG	4e-05
CASSPGQGVSNERLFFGHG	2e-05
CASSPGQGWYSDYTFGSG	2e-05
CASSPGQGYAEQFFGPG	2e-05
CASSPGQHNSPLYFGEG	2e-05
CASSPGQIYAEQFFGPG	2e-05
CASSPGQLEQYFGPG	2e-05
CASSPGQNERLFFGHG	2e-05
CASSPGQNSQNTLYFGAG	2e-05
CASSPGQPSQNTLYFGAG	4e-05
CASSPGQQNTEVFFGKG	2e-05
CASSPGQRDTLYFGAG	2e-05
CASSPGQRNNQAPLFGEG	2e-05
CASSPGQRYEQYFGPG	2e-05
CASSPGQSDTQYFGPG	2e-05
CASSPGQSNNQAPLFGEG	2e-05
CASSPGQTNNQAPLFGEG	2e-05
CASSPGQTYSSPLYFGEG	2e-05
CASSPGQVHTLYFGAG	2e-05
CASSPGQVTEVFFGKG	2e-05
CASSPGQYFGPG	2e-05
CASSPGQYNNQAPLFGEG	4e-05
CASSPGQYNSQLYFGEG	2e-05
CASSPGQYQNTLYFGAG	2e-05
CASSPGQYYEQYFGPG	2e-05
CASSPGRDNSDYTFGSG	2e-05
CASSPGRDWGEAEQFFGPG	2e-05
CASSPGREEVFFGKG	2e-05
CASSPGRGAGKFFGKG	2e-05
CASSPGRGDTQYFGPG	4e-05
CASSPGRGFNERLFFGHG	2e-05
CASSPGRGNTEVFFGKG	2e-05
CASSPGRGNTLYFGEG	2e-05
CASSPGRGSYEQYFGPG	2e-05
CASSPGRGTEVFFGKG	2e-05
CASSPGRKQYFGPG	2e-05
CASSPGRNERLFFGHG	2e-05
CASSPGRNSDYTFGSG	2e-05
CASSPGRPTEVFFGKG	2e-05
CASSPGRRARDTQYFGPG	2e-05
CASSPGSRSAETLYFGSG	2e-05
CASSPGSYAVFFGKG	2e-05
CASSPGTAETLYFGSG	2e-05
CASSPGTAISNERLFFGHG	2e-05
CASSPGTAKNTLYFGAG	2e-05
CASSPGTARAETLYFGSG	2e-05
CASSPGTAYAEQFFGPG	2e-05
CASSPGTAYEQYFGPG	4e-05
CASSPGTDEQYFGPG	2e-05
CASSPGTDISNERLFFGHG	2e-05
CASSPGTDTEVFFGKG	2e-05
CASSPGTENTLYFGAG	2e-05
CASSPGTEVFFGKG	2e-05
CASSPGTFNQAPLFGEG	2e-05
CASSPGTGASQNTLYFGAG	2e-05
CASSPGTGATLYFGSG	2e-05
CASSPGTGDNRQFYFGEG	2e-05
CASSPGTGDQAPLFGEG	2e-05
CASSPGTGEDSDYTFGSG	2e-05
CASSPGTGEYFGPG	2e-05
CASSPGTGFERLFFGHG	2e-05
CASSPGTGGAGEQYFGPG	2e-05
CASSPGTGGALPGQLYFGEG	2e-05
CASSPGTGGASYEQYFGPG	2e-05
CASSPGTGGDAETLYFGSG	2e-05
CASSPGTGGDEQYFGPG	2e-05
CASSPGTGGDTQYFGPG	2e-05
CASSPGTGGGAETLYFGSG	2e-05
CASSPGTGGGYAEQFFGPG	2e-05
CASSPGTGGIEQYFGPG	2e-05
CASSPGTGGNAETLYFGSG	2e-05
CASSPGTGGNTQYFGPG	2e-05
CASSPGTGGPETLYFGSG	2e-05
CASSPGTGGPYAEQFFGPG	2e-05
CASSPGTGGRAETLYFGSG	2e-05
CASSPGTGGSETLYFGSG	2e-05
CASSPGTGGSNERLFFGHG	2e-05
CASSPGTGGSQAPLFGEG	2e-05
CASSPGTGGSSYEQYFGPG	2e-05
CASSPGTGGTSPLYFGEG	2e-05
CASSPGTGGVERLFFGHG	2e-05
CASSPGTGGYAEQFFGPG	2e-05
CASSPGTGGYFGPG	2e-05
CASSPGTGIEQYFGPG	2e-05
CASSPGTGIERLFFGHG	2e-05
CASSPGTGKEAPLFGEG	2e-05
CASSPGTGKYEQYFGPG	2e-05
CASSPGTGLDEQYFGPG	2e-05
CASSPGTGLSDYTFGSG	2e-05
CASSPGTGNQAPLFGEG	2e-05
CASSPGTGPTLYFGEG	2e-05
CASSPGTGPYNSPLYFGEG	2e-05
CASSPGTGQGDTQYFGPG	2e-05
CASSPGTGRAEQFFGPG	2e-05
CASSPGTGRNTGQLYFGEG	2e-05
CASSPGTGSNQAPLFGEG	2e-05
CASSPGTGSNQDTQYFGPG	2e-05
CASSPGTGTTGQLYFGEG	2e-05
CASSPGTGVEVFFGKG	2e-05
CASSPGTGWQNTLYFGAG	2e-05
CASSPGTHYAEQFFGPG	2e-05
CASSPGTLQAPLFGEG	4e-05
CASSPGTLYAEQFFGPG	2e-05
CASSPGTNNERLFFGHG	2e-05
CASSPGTNNQAPLFGEG	2e-05
CASSPGTNNTLYFGAG	2e-05
CASSPGTNQNTLYFGAG	2e-05
CASSPGTNSYEQYFGPG	2e-05
CASSPGTPNTEVFFGKG	2e-05
CASSPGTPSDYTFGSG	2e-05
CASSPGTPSQNTLYFGAG	2e-05
CASSPGTPSYTSPLYFGEG	2e-05
CASSPGTRNTEVFFGKG	2e-05
CASSPGTVANSDYTFGSG	2e-05
CASSPGTVRIEQYFGPG	2e-05
CASSPGTWVVEQYFGPG	2e-05
CASSPGTYHAEQFFGPG	2e-05
CASSPGTYTEVFFGKG	2e-05
CASSPGVANSDYTFGSG	2e-05
CASSPGVDERLFFGHG	2e-05
CASSPGVGGGAETLYFGSG	2e-05
CASSPGVTEVFFGKG	2e-05
CASSPGVYAEQFFGPG	2e-05
CASSPGVYEQYFGPG	4e-05
CASSPGWGGDEQYFGPG	2e-05
CASSPGWGGLTQYFGPG	2e-05
CASSPGWGGVAETLYFGSG	2e-05
CASSPGYNNQAPLFGEG	2e-05
CASSPGYQNTLYFGAG	2e-05
CASSPHASQNTLYFGAG	2e-05
CASSPHGGAYEQYFGPG	2e-05
CASSPHINTEVFFGKG	2e-05
CASSPHKEQCDSTQYFGPG	4e-05
CASSPHLYNSPLYFGEG	2e-05
CASSPHNNQDTQYFGPG	2e-05
CASSPHRGDYAEQFFGPG	2e-05
CASSPHRISNERLFFGHG	2e-05
CASSPHSANTEVFFGKG	2e-05
CASSPHSNQNTLYFGAG	2e-05
CASSPHSSQNTLYFGAG	2e-05
CASSPHSYYAEQFFGPG	2e-05
CASSPHWGAYAEQFFGPG	2e-05
CASSPHWGGAEEQYFGPG	2e-05
CASSPHWQNTLYFGAG	2e-05
CASSPHYFGEG	2e-05
CASSPIAETLYFGSG	2e-05
CASSPIDREQYFGPG	2e-05
CASSPIGGFSYEQYFGPG	2e-05
CASSPIGQDPYEQYFGPG	2e-05
CASSPIKNTEVFFGKG	2e-05
CASSPIPNERLFFGHG	2e-05
CASSPIQDANTEVFFGKG	2e-05
CASSPISTEVFFGKG	2e-05
CASSPITGDAAETLYFGSG	2e-05
CASSPITNERLFFGHG	2e-05
CASSPITRAEQYFGPG	2e-05
CASSPIWRPRQNTLYFGAG	2e-05
CASSPIYAEQFFGPG	2e-05
CASSPKFSNERLFFGHG	2e-05
CASSPKGERNQAPLFGEG	2e-05
CASSPKRGSSPLYFGEG	2e-05
CASSPKYSGNTLYFGEG	2e-05
CASSPLANTEVFFGKG	2e-05
CASSPLDISQNTLYFGAG	4e-05
CASSPLDQDTQYFGPG	2e-05
CASSPLDSYSSPLYFGEG	2e-05
CASSPLDTGQLYFGEG	2e-05
CASSPLDTVSNERLFFGHG	2e-05
CASSPLDWALDTQYFGPG	2e-05
CASSPLDWGNSAETLYFGSG	2e-05
CASSPLEDTQYFGPG	2e-05
CASSPLGAAETLYFGSG	2e-05
CASSPLGAGNTEVFFGKG	2e-05
CASSPLGARNTLYFGAG	2e-05
CASSPLGASAETLYFGSG	2e-05
CASSPLGERGQNTLYFGAG	2e-05
CASSPLGFEQYFGPG	2e-05
CASSPLGGGEQFFGPG	2e-05
CASSPLGGGEQYFGPG	2e-05
CASSPLGGLQDTQYFGPG	2e-05
CASSPLGGPYAEQFFGPG	2e-05
CASSPLGGQEQYFGPG	2e-05
CASSPLGGRGYAEQFFGPG	4e-05
CASSPLGGTGQNTLYFGAG	2e-05
CASSPLGGYQDTQYFGPG	2e-05
CASSPLGLNTLYFGAG	2e-05
CASSPLGLYAEQFFGPG	2e-05
CASSPLGQGNQAPLFGEG	2e-05
CASSPLGQGNTLYFGAG	2e-05
CASSPLGQNNQDTQYFGPG	2e-05
CASSPLGRQNTLYFGAG	2e-05
CASSPLGTQDTQYFGPG	2e-05
CASSPLGVQNTLYFGAG	2e-05
CASSPLGWEQYFGPG	2e-05
CASSPLHAEQFFGPG	4e-05
CASSPLINSGNTLYFGEG	2e-05
CASSPLKGNQDTQYFGPG	2e-05
CASSPLKSQNTLYFGAG	2e-05
CASSPLLGGNAEQFFGPG	2e-05
CASSPLNTEVFFGKG	2e-05
CASSPLNTGEFYFGEG	2e-05
CASSPLNYAEQFFGPG	2e-05
CASSPLPGSPDYTFGSG	2e-05
CASSPLQGANTGQLYFGEG	2e-05
CASSPLQGEEVFFGKG	2e-05
CASSPLQGRTEVFFGKG	2e-05
CASSPLQGWSDYTFGSG	2e-05
CASSPLQQDTQYFGPG	2e-05
CASSPLQSSYEQYFGPG	2e-05
CASSPLRADTQYFGPG	2e-05
CASSPLRGDAEQFFGPG	2e-05
CASSPLRGREEQYFGPG	2e-05
CASSPLRGSGNTLYFGEG	2e-05
CASSPLSNERLFFGHG	4e-05
CASSPLSNQAPLFGEG	2e-05
CASSPLSQDTQYFGPG	2e-05
CASSPLTDSQNTLYFGAG	2e-05
CASSPLTENTEVFFGKG	4e-05
CASSPLTGANTEVFFGKG	2e-05
CASSPLTGGAGNTLYFGEG	2e-05
CASSPLTGGEQYFGPG	2e-05
CASSPLTGNTEVFFGKG	2e-05
CASSPLTNQDTQYFGPG	2e-05
CASSPLVNTGQLYFGEG	2e-05
CASSPLWGGDAETLYFGSG	2e-05
CASSPLWGNQDTQYFGPG	2e-05
CASSPMGQGDTEVFFGKG	2e-05
CASSPMGSQNTLYFGAG	2e-05
CASSPMTDTEVFFGKG	2e-05
CASSPNINQDTQYFGPG	2e-05
CASSPNNNERLFFGHG	2e-05
CASSPNNQAPLFGEG	2e-05
CASSPNNQDTQYFGPG	2e-05
CASSPNRENTLYFGEG	2e-05
CASSPNRGRQNTLYFGAG	2e-05
CASSPNRRQNTLYFGAG	2e-05
CASSPNRVEQYFGPG	2e-05
CASSPNSEYTFGSG	4e-05
CASSPNSGNTLYFGEG	2e-05
CASSPNSPQYFGPG	2e-05
CASSPNSQNTLYFGAG	2e-05
CASSPNTGRHPEVFFGKG	2e-05
CASSPNWGGVSAETLYFGSG	2e-05
CASSPNWGIQNTLYFGAG	2e-05
CASSPNWGYQDTQYFGPG	2e-05
CASSPNWINYAEQFFGPG	2e-05
CASSPPAGGAYEQYFGPG	2e-05
CASSPPAGGDTQYFGPG	2e-05
CASSPPAGRNTEVFFGKG	2e-05
CASSPPAGSQNTLYFGAG	2e-05
CASSPPANTEVFFGKG	2e-05
CASSPPASAETLYFGSG	2e-05
CASSPPDKYEQYFGPG	2e-05
CASSPPDQNTLYFGAG	4e-05
CASSPPDSSSNERLFFGHG	2e-05
CASSPPDYTFGSG	2e-05
CASSPPGAETLYFGSG	2e-05
CASSPPGANSDYTFGSG	2e-05
CASSPPGANYAEQFFGPG	2e-05
CASSPPGDNTLYFGAG	2e-05
CASSPPGFEQYFGPG	2e-05
CASSPPGGATEQYFGPG	2e-05
CASSPPGGETLYFGSG	2e-05
CASSPPGGGQNTLYFGAG	2e-05
CASSPPGGGSDYTFGSG	2e-05
CASSPPGGNSDYTFGSG	2e-05
CASSPPGGQNTLYFGAG	2e-05
CASSPPGGSQNTLYFGAG	2e-05
CASSPPGGYTEVFFGKG	2e-05
CASSPPGHLYAEQFFGPG	2e-05
CASSPPGHNYAEQFFGPG	2e-05
CASSPPGKANSDYTFGSG	2e-05
CASSPPGLGAETLYFGSG	2e-05
CASSPPGLGGAETLYFGSG	2e-05
CASSPPGLGGHYFGPG	2e-05
CASSPPGLGGNTGQLYFGEG	2e-05
CASSPPGLGVETLYFGSG	2e-05
CASSPPGLSNERLFFGHG	2e-05
CASSPPGMGGNTGQLYFGEG	2e-05
CASSPPGNQDTQYFGPG	2e-05
CASSPPGPPNERLFFGHG	2e-05
CASSPPGQANTEVFFGKG	2e-05
CASSPPGQGAGAEQFFGPG	2e-05
CASSPPGQGGAEQFFGPG	2e-05
CASSPPGQGIERLFFGHG	2e-05
CASSPPGQGLDTQYFGPG	2e-05
CASSPPGQGPNERLFFGHG	2e-05
CASSPPGQIYAEQFFGPG	2e-05
CASSPPGQLYAEQFFGPG	2e-05
CASSPPGQRSNTEVFFGKG	2e-05
CASSPPGQSYEQYFGPG	2e-05
CASSPPGQWAPLFGEG	2e-05
CASSPPGREDTQYFGPG	2e-05
CASSPPGRNTLYFGAG	2e-05
CASSPPGSNQDTQYFGPG	2e-05
CASSPPGSNTEVFFGKG	2e-05
CASSPPGSSYEQYFGPG	2e-05
CASSPPGTGDDTQYFGPG	2e-05
CASSPPGTGGERLFFGHG	2e-05
CASSPPGTGGSAEQFFGPG	2e-05
CASSPPGTGGYEQYFGPG	4e-05
CASSPPGTGNQAPLFGEG	2e-05
CASSPPLGETLYFGSG	2e-05
CASSPPLGGQNTLYFGAG	4e-05
CASSPPLSAETLYFGSG	2e-05
CASSPPPEVFFGKG	2e-05
CASSPPPGQNQAPLFGEG	2e-05
CASSPPPWGATGQLYFGEG	2e-05
CASSPPQGANSDYTFGSG	2e-05
CASSPPQNSDYTFGSG	2e-05
CASSPPQSNSDYTFGSG	2e-05
CASSPPQTNTEVFFGKG	2e-05
CASSPPRDRGYEQYFGPG	2e-05
CASSPPRGARAEQFFGPG	4e-05
CASSPPRQANSDYTFGSG	2e-05
CASSPPRQMAEQFFGPG	2e-05
CASSPPSNYAEQFFGPG	2e-05
CASSPPTDTLYFGAG	2e-05
CASSPPTENTEVFFGKG	2e-05
CASSPPTGGRDTQYFGPG	2e-05
CASSPPTGSSYEQYFGPG	2e-05
CASSPPTGTYEQYFGPG	2e-05
CASSPPTHNNQAPLFGEG	2e-05
CASSPPTNTEVFFGKG	2e-05
CASSPPTNTGQLYFGEG	2e-05
CASSPPTVNYAEQFFGPG	2e-05
CASSPPVAETLYFGSG	2e-05
CASSPQAERLFFGHG	2e-05
CASSPQAGQDTQYFGPG	2e-05
CASSPQANERLFFGHG	2e-05
CASSPQDRGRVFFGKG	2e-05
CASSPQDRGWGQNTLYFGAG	2e-05
CASSPQDSAETLYFGSG	2e-05
CASSPQDTQYFGPG	2e-05
CASSPQDWGGANTGQLYFGEG	2e-05
CASSPQDYNNQAPLFGEG	2e-05
CASSPQEPNTEVFFGKG	4e-05
CASSPQETDTQYFGPG	2e-05
CASSPQFNQDTQYFGPG	2e-05
CASSPQFSNERLFFGHG	2e-05
CASSPQGAAETLYFGSG	2e-05
CASSPQGAEGQNTLYFGAG	2e-05
CASSPQGAGGTLYFGSG	4e-05
CASSPQGAGNTLYFGAG	2e-05
CASSPQGAGQDTQYFGPG	2e-05
CASSPQGAGQNTLYFGAG	4e-05
CASSPQGAHTGQLYFGEG	2e-05
CASSPQGARAEQFFGPG	2e-05
CASSPQGARDTQYFGPG	2e-05
CASSPQGATEVFFGKG	2e-05
CASSPQGATNERLFFGHG	2e-05
CASSPQGDNNQAPLFGEG	2e-05
CASSPQGDNQAPLFGEG	2e-05
CASSPQGDPPLYFGEG	2e-05
CASSPQGDQNTLYFGAG	2e-05
CASSPQGENTEVFFGKG	2e-05
CASSPQGGANERLFFGHG	2e-05
CASSPQGGGYAEQFFGPG	2e-05
CASSPQGGNSGNTLYFGEG	2e-05
CASSPQGGQNTLYFGAG	2e-05
CASSPQGGTAVFFGKG	2e-05
CASSPQGGTGQLYFGEG	2e-05
CASSPQGGTQYFGPG	2e-05
CASSPQGGTYEQYFGPG	2e-05
CASSPQGHTEVFFGKG	2e-05
CASSPQGITLYFGAG	2e-05
CASSPQGKDTEVFFGKG	2e-05
CASSPQGKSAETLYFGSG	2e-05
CASSPQGNAEQFFGPG	2e-05
CASSPQGNSDYTFGSG	2e-05
CASSPQGNSGNTLYFGEG	2e-05
CASSPQGPNTEVFFGKG	2e-05
CASSPQGPQDTQYFGPG	2e-05
CASSPQGRGNTLYFGEG	2e-05
CASSPQGRLFFGKG	2e-05
CASSPQGRVFFGKG	4e-05
CASSPQGRVSNERLFFGHG	2e-05
CASSPQGSGNTLYFGAG	2e-05
CASSPQGSGNTLYFGEG	2e-05
CASSPQGSSAETLYFGSG	2e-05
CASSPQGSTEVFFGKG	2e-05
CASSPQGSTGQLYFGEG	2e-05
CASSPQGTTGQLYFGEG	4e-05
CASSPQGVANERLFFGHG	2e-05
CASSPQGVANSDYTFGSG	2e-05
CASSPQGVGSTEVFFGKG	2e-05
CASSPQGWNTLYFGAG	2e-05
CASSPQGWQNTLYFGAG	2e-05
CASSPQGYNSPLYFGEG	2e-05
CASSPQHSAETLYFGSG	2e-05
CASSPQINTEVFFGKG	2e-05
CASSPQNNSPLYFGEG	2e-05
CASSPQNQAPLFGEG	2e-05
CASSPQRAETLYFGSG	2e-05
CASSPQRAPLFGEG	2e-05
CASSPQRGSGNTLYFGEG	2e-05
CASSPQRNTLYFGEG	2e-05
CASSPQRYEQYFGPG	2e-05
CASSPQSFSNERLFFGHG	2e-05
CASSPQSQNTLYFGAG	2e-05
CASSPQSSAETLYFGSG	2e-05
CASSPQTGRANERLFFGHG	2e-05
CASSPQTNTEVFFGKG	2e-05
CASSPQTSQNTLYFGAG	2e-05
CASSPQTYEQYFGPG	4e-05
CASSPQVFYAEQFFGPG	2e-05
CASSPQVPEQYFGPG	2e-05
CASSPQVYPSPLYFGEG	4e-05
CASSPQYNNQAPLFGEG	2e-05
CASSPRAGGPDQNTLYFGAG	2e-05
CASSPRAGGYAEQFFGPG	2e-05
CASSPRANSDYTFGSG	2e-05
CASSPRANTEVFFGKG	4e-05
CASSPRAPNSDYTFGSG	2e-05
CASSPRARQDTQYFGPG	2e-05
CASSPRASANTEVFFGKG	2e-05
CASSPRATGQLYFGEG	2e-05
CASSPRDGQDTQYFGPG	2e-05
CASSPRDIISNERLFFGHG	2e-05
CASSPRDINSGNTLYFGEG	2e-05
CASSPRDIQDTQYFGPG	2e-05
CASSPRDISAETLYFGSG	2e-05
CASSPRDISGNTLYFGEG	2e-05
CASSPRDKSNTEVFFGKG	2e-05
CASSPRDKTYEQYFGPG	6.000000000000001e-05
CASSPRDKYEQYFGPG	2e-05
CASSPRDNNERLFFGHG	2e-05
CASSPRDRDNNQAPLFGEG	2e-05
CASSPRDRDNSPLYFGEG	2e-05
CASSPRDRDTQYFGPG	2e-05
CASSPRDREGTGQLYFGEG	2e-05
CASSPRDRGETTLYFGAG	2e-05
CASSPRDRGLDSDYTFGSG	2e-05
CASSPRDRGPEQYFGPG	2e-05
CASSPRDRGQANERLFFGHG	2e-05
CASSPRDRGQGDTGQLYFGEG	2e-05
CASSPRDRGQGNERLFFGHG	2e-05
CASSPRDRGSAETLYFGSG	2e-05
CASSPRDRGTNTLYFGAG	2e-05
CASSPRDRQDTQYFGPG	2e-05
CASSPRDRQNTLYFGAG	2e-05
CASSPRDRRAQYFGPG	2e-05
CASSPRDRSAETLYFGSG	2e-05
CASSPRDRSNSGNTLYFGEG	2e-05
CASSPRDRVQDTQYFGPG	2e-05
CASSPRDRVTGQLYFGEG	2e-05
CASSPRDSLYEQYFGPG	2e-05
CASSPRDSPNERLFFGHG	2e-05
CASSPRDWATLYFGAG	2e-05
CASSPRDWDYEQYFGPG	2e-05
CASSPRDWENTLYFGAG	2e-05
CASSPRDWGDEQYFGPG	2e-05
CASSPRDWGGANTGQLYFGEG	2e-05
CASSPRDWGKDTQYFGPG	2e-05
CASSPRDWNYAEQFFGPG	2e-05
CASSPRDWVTTLYFGAG	2e-05
CASSPRDWVYAEQFFGPG	2e-05
CASSPREGQNTLYFGAG	2e-05
CASSPREIGNERLFFGHG	2e-05
CASSPRENTEVFFGKG	2e-05
CASSPRFNQDTQYFGPG	2e-05
CASSPRGAAPQDTQYFGPG	2e-05
CASSPRGANERLFFGHG	2e-05
CASSPRGASQNTLYFGAG	2e-05
CASSPRGATNERLFFGHG	2e-05
CASSPRGDGNTLYFGEG	2e-05
CASSPRGDTEVFFGKG	2e-05
CASSPRGGDSDYTFGSG	2e-05
CASSPRGGGAETLYFGSG	2e-05
CASSPRGGGFEQYFGPG	2e-05
CASSPRGGKGETLYFGSG	2e-05
CASSPRGGNNQAPLFGEG	2e-05
CASSPRGGTEVFFGKG	2e-05
CASSPRGGVAETLYFGSG	2e-05
CASSPRGKGNQAPLFGEG	2e-05
CASSPRGLDTEVFFGKG	2e-05
CASSPRGLEDQYFGPG	2e-05
CASSPRGLEQYFGPG	2e-05
CASSPRGLFQNTLYFGAG	4e-05
CASSPRGLYAEQFFGPG	2e-05
CASSPRGNTEVFFGKG	2e-05
CASSPRGQGDTQYFGPG	2e-05
CASSPRGQQNTLYFGAG	2e-05
CASSPRGQTNTEVFFGKG	2e-05
CASSPRGRDAEQFFGPG	2e-05
CASSPRGRDPLYFGAG	2e-05
CASSPRGRGNQAPLFGEG	2e-05
CASSPRGRQLYFGEG	2e-05
CASSPRGRYTEVFFGKG	2e-05
CASSPRGSSAETLYFGSG	2e-05
CASSPRGTEQFFGPG	2e-05
CASSPRGTGQLYFGEG	4e-05
CASSPRGVQNTLYFGAG	2e-05
CASSPRGVYAEQFFGPG	2e-05
CASSPRGWGGAWGGQFFGPG	2e-05
CASSPRGYNNQAPLFGEG	2e-05
CASSPRGYTGQLYFGEG	2e-05
CASSPRHRGGDTEVFFGKG	2e-05
CASSPRHSQNTLYFGAG	2e-05
CASSPRHTQYFGPG	2e-05
CASSPRIGLYEQYFGPG	4e-05
CASSPRISQNTLYFGAG	2e-05
CASSPRLAETLYFGSG	2e-05
CASSPRLDAEQFFGPG	2e-05
CASSPRLENTLYFGAG	2e-05
CASSPRLEQNTLYFGAG	2e-05
CASSPRLGAETLYFGSG	2e-05
CASSPRLGEDTQYFGPG	2e-05
CASSPRLGEYFGPG	2e-05
CASSPRLGFAETLYFGSG	2e-05
CASSPRLGGGFKTLYFGAG	2e-05
CASSPRLGGHNYAEQFFGPG	2e-05
CASSPRLGGNAETLYFGSG	2e-05
CASSPRLGGNEQYFGPG	2e-05
CASSPRLGGNTGQLYFGEG	2e-05
CASSPRLGGNYAEQFFGPG	2e-05
CASSPRLGGRAEQFFGPG	2e-05
CASSPRLGGRGAETLYFGSG	2e-05
CASSPRLGGRGQNTLYFGAG	2e-05
CASSPRLGGRSQNTLYFGAG	2e-05
CASSPRLGGSSYEQYFGPG	2e-05
CASSPRLGGTSAETLYFGSG	2e-05
CASSPRLGNYAEQFFGPG	2e-05
CASSPRLRNTEVFFGKG	2e-05
CASSPRLSSQNTLYFGAG	2e-05
CASSPRLTETLYFGSG	2e-05
CASSPRLYFGPG	2e-05
CASSPRNANTGQLYFGEG	2e-05
CASSPRNNQDTQYFGPG	2e-05
CASSPRNSQNTLYFGAG	2e-05
CASSPRNTLYFGEG	4e-05
CASSPRNYEQYFGPG	2e-05
CASSPRPAETLYFGSG	2e-05
CASSPRPDSGNTLYFGEG	2e-05
CASSPRPFSNERLFFGHG	2e-05
CASSPRPGARQNTLYFGAG	2e-05
CASSPRPGQGHSDYTFGSG	2e-05
CASSPRPGQGRNTEVFFGKG	2e-05
CASSPRPGSPETLYFGSG	2e-05
CASSPRPHQDTQYFGPG	2e-05
CASSPRPRGGQNTLYFGAG	2e-05
CASSPRPSDYTFGSG	2e-05
CASSPRPTNTEVFFGKG	2e-05
CASSPRQANTEVFFGKG	2e-05
CASSPRQEVFFGKG	4e-05
CASSPRQGAGNTLYFGEG	2e-05
CASSPRQGGANTEVFFGKG	2e-05
CASSPRQGGNERLFFGHG	2e-05
CASSPRQGLGTEVFFGKG	2e-05
CASSPRQGPYAEQFFGPG	2e-05
CASSPRQGRNAEQFFGPG	2e-05
CASSPRQGWDPLFGEG	2e-05
CASSPRQHEQYFGPG	2e-05
CASSPRQRRDTQYFGPG	2e-05
CASSPRQSGNTLYFGEG	2e-05
CASSPRQSSYEQYFGPG	2e-05
CASSPRQTYEQYFGPG	2e-05
CASSPRRASAETLYFGSG	2e-05
CASSPRRDGEQYFGPG	2e-05
CASSPRRDSYEQYFGPG	2e-05
CASSPRREVFFGKG	2e-05
CASSPRRGHAEQFFGPG	2e-05
CASSPRRGRAETLYFGSG	2e-05
CASSPRRINQDTQYFGPG	2e-05
CASSPRRISNERLFFGHG	2e-05
CASSPRRISYEQYFGPG	2e-05
CASSPRRKNTLYFGAG	2e-05
CASSPRRNERLFFGHG	2e-05
CASSPRRSSYEQYFGPG	2e-05
CASSPRRTQNTLYFGAG	2e-05
CASSPRRYAEQFFGPG	2e-05
CASSPRSEVFFGKG	2e-05
CASSPRSGNTEVFFGKG	2e-05
CASSPRSKNTLYFGAG	2e-05
CASSPRSNERLFFGHG	2e-05
CASSPRSSNTGQLYFGEG	4e-05
CASSPRSSSAETLYFGSG	2e-05
CASSPRTANERLFFGHG	2e-05
CASSPRTANTEVFFGKG	2e-05
CASSPRTDNNQAPLFGEG	4e-05
CASSPRTDSYNSPLYFGEG	2e-05
CASSPRTEISNERLFFGHG	2e-05
CASSPRTGDQDTQYFGPG	2e-05
CASSPRTGEDTQYFGPG	4e-05
CASSPRTGEKGQNTLYFGAG	2e-05
CASSPRTGETLYFGSG	2e-05
CASSPRTGGAYEQYFGPG	2e-05
CASSPRTGGHYEQYFGPG	2e-05
CASSPRTGGRSAETLYFGSG	2e-05
CASSPRTGGTGQNTLYFGAG	2e-05
CASSPRTGLNERLFFGHG	2e-05
CASSPRTGNTEVFFGKG	2e-05
CASSPRTGNTGQLYFGEG	2e-05
CASSPRTGNTLYFGAG	2e-05
CASSPRTGNYAEQFFGPG	2e-05
CASSPRTGPNTGQLYFGEG	2e-05
CASSPRTGRAETLYFGSG	2e-05
CASSPRTGRNQAPLFGEG	2e-05
CASSPRTGSAETLYFGSG	2e-05
CASSPRTGSNTEVFFGKG	2e-05
CASSPRTGVRNTQYFGPG	2e-05
CASSPRTHNNQAPLFGEG	2e-05
CASSPRTNNNQAPLFGEG	2e-05
CASSPRTNSAETLYFGSG	2e-05
CASSPRTPSAETLYFGSG	2e-05
CASSPRTSETLYFGSG	2e-05
CASSPRTSNERLFFGHG	2e-05
CASSPRTVEQYFGPG	2e-05
CASSPRTVSQNTLYFGAG	2e-05
CASSPRVDERLFFGHG	2e-05
CASSPRVNERLFFGHG	2e-05
CASSPRVVTGQLYFGEG	2e-05
CASSPRWEGETLYFGSG	2e-05
CASSPRWSSAETLYFGSG	2e-05
CASSPRYQDTQYFGPG	2e-05
CASSPSAETLYFGSG	2e-05
CASSPSDAEQFFGPG	2e-05
CASSPSDISDYTFGSG	2e-05
CASSPSDQNTLYFGAG	2e-05
CASSPSDSQNTLYFGAG	2e-05
CASSPSGDQNTLYFGAG	2e-05
CASSPSGGAETLYFGSG	2e-05
CASSPSGGDAEQFFGPG	2e-05
CASSPSGGESGQLYFGEG	2e-05
CASSPSGGTEVFFGKG	2e-05
CASSPSGNTEVFFGKG	2e-05
CASSPSGNYAEQFFGPG	2e-05
CASSPSGPQNTLYFGAG	2e-05
CASSPSGQGNQDTQYFGPG	2e-05
CASSPSGTAFRAETLYFGSG	2e-05
CASSPSGTGGYEQYFGPG	4e-05
CASSPSGTGQLYFGEG	2e-05
CASSPSGTGRAEQFFGPG	2e-05
CASSPSGTTNTEVFFGKG	2e-05
CASSPSIQAPLFGEG	2e-05
CASSPSKSSYEQYFGPG	2e-05
CASSPSLDNQDTQYFGPG	2e-05
CASSPSLTSQNTLYFGAG	4e-05
CASSPSLYEQYFGPG	2e-05
CASSPSNSYEQYFGPG	2e-05
CASSPSNTEVFFGKG	2e-05
CASSPSPDYEQYFGPG	2e-05
CASSPSPGNTLYFGEG	4e-05
CASSPSPGQNYAEQFFGPG	2e-05
CASSPSPGTYEQYFGPG	2e-05
CASSPSPISYNSPLYFGEG	2e-05
CASSPSQGANSDYTFGSG	2e-05
CASSPSRAEQFFGPG	2e-05
CASSPSRDMGNTLYFGEG	2e-05
CASSPSRDWGLAEQFFGPG	4e-05
CASSPSRLYEQYFGPG	2e-05
CASSPSRNTEVFFGKG	2e-05
CASSPSRYEQYFGPG	2e-05
CASSPSSSAETLYFGSG	2e-05
CASSPSSSSTGQLYFGEG	2e-05
CASSPSTDQNTLYFGAG	4e-05
CASSPSTEDTLYFGEG	2e-05
CASSPSTGAGNTLYFGEG	2e-05
CASSPSTGGYNYAEQFFGPG	2e-05
CASSPSTGQLYFGEG	2e-05
CASSPSTGSSAETLYFGSG	2e-05
CASSPSTVNQDTQYFGPG	2e-05
CASSPTADEQYFGPG	2e-05
CASSPTAEQFFGPG	2e-05
CASSPTAGNTLYFGEG	2e-05
CASSPTANQDTQYFGPG	2e-05
CASSPTANTEVFFGKG	2e-05
CASSPTAQFFGPG	6.000000000000001e-05
CASSPTAQNTLYFGAG	2e-05
CASSPTARQNTLYFGAG	2e-05
CASSPTATSDYTFGSG	2e-05
CASSPTDFSYNSPLYFGEG	2e-05
CASSPTDRGHEQYFGPG	4e-05
CASSPTDSNERLFFGHG	2e-05
CASSPTDTEVFFGKG	2e-05
CASSPTDTGQLYFGEG	2e-05
CASSPTEANSDYTFGSG	2e-05
CASSPTEGAREQYFGPG	2e-05
CASSPTFGSG	2e-05
CASSPTGAAETLYFGSG	2e-05
CASSPTGANSDYTFGSG	2e-05
CASSPTGAQAPLFGEG	2e-05
CASSPTGAREQYFGPG	2e-05
CASSPTGARNTLYFGEG	2e-05
CASSPTGDGQLYFGAG	2e-05
CASSPTGDQAPLFGEG	2e-05
CASSPTGERDSPLYFGEG	2e-05
CASSPTGETLYFGSG	2e-05
CASSPTGFGNTLYFGEG	2e-05
CASSPTGFSNERLFFGHG	2e-05
CASSPTGGAAAEQFFGPG	2e-05
CASSPTGGAEAEQFFGPG	4e-05
CASSPTGGAGAEQFFGPG	2e-05
CASSPTGGAGWETQYFGPG	2e-05
CASSPTGGANTEVFFGKG	2e-05
CASSPTGGAQYFGPG	2e-05
CASSPTGGARGDTQYFGPG	2e-05
CASSPTGGDEQYFGPG	4e-05
CASSPTGGDTQYFGPG	2e-05
CASSPTGGERLFFGHG	2e-05
CASSPTGGGAAETLYFGSG	2e-05
CASSPTGGGGQNTLYFGAG	2e-05
CASSPTGGGNTLYFGAG	2e-05
CASSPTGGGTEVFFGKG	2e-05
CASSPTGGIDTQYFGPG	2e-05
CASSPTGGIEQYFGPG	2e-05
CASSPTGGLGFFGPG	2e-05
CASSPTGGMQNTLYFGAG	2e-05
CASSPTGGRAKPLIFGEG	4e-05
CASSPTGGRGAETLYFGSG	2e-05
CASSPTGGRGEQYFGPG	2e-05
CASSPTGGRGTGQLYFGEG	2e-05
CASSPTGGSAETLYFGSG	2e-05
CASSPTGGSNTGQLYFGEG	2e-05
CASSPTGGSQDTQYFGPG	2e-05
CASSPTGHAETLYFGSG	2e-05
CASSPTGISYEQYFGPG	2e-05
CASSPTGITEVFFGKG	2e-05
CASSPTGKGSDYTFGSG	2e-05
CASSPTGKVFFGKG	2e-05
CASSPTGLGEAETLYFGSG	4e-05
CASSPTGMEVFFGKG	2e-05
CASSPTGNEQYFGPG	2e-05
CASSPTGNSAETLYFGSG	2e-05
CASSPTGNSGNTLYFGEG	2e-05
CASSPTGNSYEQYFGPG	2e-05
CASSPTGPDSDYTFGSG	2e-05
CASSPTGQGYAEQFFGPG	2e-05
CASSPTGQNSGNTLYFGEG	4e-05
CASSPTGQSNERLFFGHG	2e-05
CASSPTGQSYEQYFGPG	2e-05
CASSPTGRCNTLYFGAG	2e-05
CASSPTGRDNQAPLFGEG	2e-05
CASSPTGRGDERLFFGHG	2e-05
CASSPTGRGNTLYFGEG	2e-05
CASSPTGRHTEVFFGKG	2e-05
CASSPTGRKDTQYFGPG	2e-05
CASSPTGRSDYTFGSG	2e-05
CASSPTGSAETLYFGSG	2e-05
CASSPTGSLAETLYFGSG	4e-05
CASSPTGSNEQYFGPG	2e-05
CASSPTGSNERLFFGHG	2e-05
CASSPTGSNTEVFFGKG	2e-05
CASSPTGTSSYEQYFGPG	2e-05
CASSPTGTYEQYFGPG	2e-05
CASSPTGVGNTLYFGEG	2e-05
CASSPTGVRAETLYFGSG	2e-05
CASSPTGVSDYTFGSG	2e-05
CASSPTGVSQNTLYFGAG	2e-05
CASSPTGVTGQLYFGEG	2e-05
CASSPTGVTQDTQYFGPG	2e-05
CASSPTGYNNQAPLFGEG	2e-05
CASSPTHNNQAPLFGEG	2e-05
CASSPTHYEQYFGPG	2e-05
CASSPTKNEQYFGPG	2e-05
CASSPTNSGNTLYFGEG	2e-05
CASSPTNTLYFGAG	2e-05
CASSPTPNQAPLFGEG	2e-05
CASSPTPNQDTQYFGPG	2e-05
CASSPTPNTGQLYFGEG	2e-05
CASSPTPQDTQYFGPG	2e-05
CASSPTPSSYEQYFGPG	2e-05
CASSPTPYNSPLYFGEG	2e-05
CASSPTQGASTGQLYFGEG	2e-05
CASSPTQGTYNSPLYFGEG	2e-05
CASSPTQNSGNTLYFGEG	2e-05
CASSPTQNTEVFFGKG	2e-05
CASSPTRDREQYFGPG	2e-05
CASSPTRERLFFGHG	2e-05
CASSPTRGRAETLYFGSG	2e-05
CASSPTRNSGNTLYFGEG	2e-05
CASSPTRRLYEQYFGPG	2e-05
CASSPTSNTEVFFGKG	2e-05
CASSPTSNTGQLYFGEG	2e-05
CASSPTSQAPLFGEG	2e-05
CASSPTTGGNTLYFGAG	2e-05
CASSPTTGGSNTLYFGAG	2e-05
CASSPTTSSGNTLYFGEG	2e-05
CASSPTVANTEVFFGKG	2e-05
CASSPTVGEQYFGPG	2e-05
CASSPTVGQNTLYFGAG	2e-05
CASSPTVNERLFFGHG	2e-05
CASSPTVSDYTFGSG	2e-05
CASSPTVYEQYFGPG	4e-05
CASSPTYNSPLYFGEG	2e-05
CASSPVANTEVFFGKG	2e-05
CASSPVDNSPLYFGEG	2e-05
CASSPVEEQYFGPG	2e-05
CASSPVGEDTQYFGPG	2e-05
CASSPVGETLYFGSG	2e-05
CASSPVGQQYFGPG	2e-05
CASSPVGTVNSPLYFGEG	2e-05
CASSPVHRATEVFFGKG	2e-05
CASSPVNSPLYFGEG	2e-05
CASSPVPNTEVFFGKG	2e-05
CASSPVRAAETLYFGSG	2e-05
CASSPVRGYAEQFFGPG	4e-05
CASSPVRPAPETLYFGSG	2e-05
CASSPVRPATQYFGPG	2e-05
CASSPVRRSRETLYFGSG	2e-05
CASSPVRRSYEQYFGPG	2e-05
CASSPVSYEQYFGPG	2e-05
CASSPVTYEQYFGPG	2e-05
CASSPVVSNERLFFGHG	2e-05
CASSPVWGAGQNTLYFGAG	2e-05
CASSPWDIYAEQFFGPG	2e-05
CASSPWDLYEQYFGPG	2e-05
CASSPWDRAYTEVFFGKG	2e-05
CASSPWDRGGDEQYFGPG	2e-05
CASSPWDRGYAEQFFGPG	2e-05
CASSPWDRNSGNTLYFGEG	2e-05
CASSPWDWGEETLYFGSG	2e-05
CASSPWDWGKAEQFFGPG	2e-05
CASSPWERGSYEQYFGPG	2e-05
CASSPWGAFEQYFGPG	2e-05
CASSPWGARDTQYFGPG	2e-05
CASSPWGASQNTLYFGAG	2e-05
CASSPWGDDTQYFGPG	2e-05
CASSPWGGADQDTQYFGPG	2e-05
CASSPWGGDNTLYFGAG	2e-05
CASSPWGGDYEQYFGPG	2e-05
CASSPWGGEQYFGPG	2e-05
CASSPWGGREEQYFGPG	4e-05
CASSPWGLSYEQYFGPG	2e-05
CASSPWGMYEQYFGPG	2e-05
CASSPWGNQDTQYFGPG	2e-05
CASSPWGPSAETLYFGSG	2e-05
CASSPWGQNSGNTLYFGEG	2e-05
CASSPWGSSYEQYFGPG	2e-05
CASSPWGVAEQFFGPG	4e-05
CASSPWGVEQYFGPG	2e-05
CASSPWGYQDTQYFGPG	2e-05
CASSPWKANTGQLYFGEG	2e-05
CASSPWKDSGNTLYFGEG	2e-05
CASSPWRGNYAEQFFGPG	2e-05
CASSPWRIHSGNTLYFGEG	2e-05
CASSPWTANTGQLYFGEG	2e-05
CASSPWTDNYAEQFFGPG	2e-05
CASSPWTEGFGQNTLYFGAG	2e-05
CASSPWTGDEQYFGPG	2e-05
CASSPWTGGNEQYFGPG	2e-05
CASSPWTGGNERLFFGHG	2e-05
CASSPWTGGPGQLYFGEG	2e-05
CASSPWTVQNTLYFGAG	2e-05
CASSPWVSYEQYFGPG	2e-05
CASSPYANSDYTFGSG	2e-05
CASSPYASGTGTEVFFGKG	2e-05
CASSPYETLYFGSG	2e-05
CASSPYLTGQGGNERLFFGHG	2e-05
CASSPYPNERLFFGHG	2e-05
CASSPYQNTEVFFGKG	2e-05
CASSPYRAHAEQFFGPG	2e-05
CASSPYRFANSDYTFGSG	2e-05
CASSPYRGLTSDYTFGSG	2e-05
CASSPYRGNTEVFFGKG	2e-05
CASSPYRGRDTEVFFGKG	2e-05
CASSPYSGTGNTLYFGAG	2e-05
CASSPYSQNTLYFGAG	2e-05
CASSPYSYNSPLYFGAG	2e-05
CASSPYWGENTLYFGAG	2e-05
CASSPYWGGYEQYFGPG	2e-05
CASSPYWGPQDTQYFGPG	2e-05
CASSPYWGSNTGQLYFGEG	2e-05
CASSPYWNTGQLYFGEG	2e-05
CASSQAAASAETLYFGSG	2e-05
CASSQAAGEANERLFFGHG	2e-05
CASSQAAGGEDTQYFGPG	2e-05
CASSQAAWGGITNTLYFGAG	2e-05
CASSQADGTEVFFGKG	2e-05
CASSQADINTLYFGAG	2e-05
CASSQADQDTQYFGPG	2e-05
CASSQADRDSDYTFGSG	2e-05
CASSQADRGDAETLYFGSG	2e-05
CASSQADRGNTEVFFGKG	2e-05
CASSQADRSDYTFGSG	2e-05
CASSQADYNSPLYFGEG	2e-05
CASSQAEQYFGPG	2e-05
CASSQAEYTEVFFGKG	2e-05
CASSQAGADTEVFFGKG	2e-05
CASSQAGAEVFFGKG	2e-05
CASSQAGAGDTQYFGPG	2e-05
CASSQAGARDTQYFGPG	2e-05
CASSQAGAYAEQFFGPG	2e-05
CASSQAGGALYAEQFFGPG	2e-05
CASSQAGGGAEQFFGPG	2e-05
CASSQAGGGNTGQLYFGEG	2e-05
CASSQAGGGTEVFFGKG	2e-05
CASSQAGGGYYAEQFFGPG	2e-05
CASSQAGGPYAEQFFGPG	2e-05
CASSQAGGRSTLYFGAG	2e-05
CASSQAGGSPLYFGEG	2e-05
CASSQAGGTSAETLYFGSG	2e-05
CASSQAGGVLEVFFGKG	2e-05
CASSQAGHPNSDYTFGSG	2e-05
CASSQAGHQNTEVFFGKG	2e-05
CASSQAGISNERLFFGHG	2e-05
CASSQAGLGSEQFFGPG	2e-05
CASSQAGQGTDYTFGSG	2e-05
CASSQAGQISNERLFFGHG	2e-05
CASSQAGRGNERLFFGHG	2e-05
CASSQAGRSAEQFFGPG	2e-05
CASSQAGSDYTFGSG	2e-05
CASSQAGSGNTLYFGEG	2e-05
CASSQAGSNERLFFGHG	2e-05
CASSQAGSNSPLYFGEG	4e-05
CASSQAGSNTGQLYFGEG	2e-05
CASSQAGSSAETLYFGSG	2e-05
CASSQAGTGGNERLFFGHG	2e-05
CASSQAGTGGRQDTQYFGPG	2e-05
CASSQAGTGHTEVFFGKG	2e-05
CASSQAGTGNAEQFFGPG	2e-05
CASSQAGTGNTEVFFGKG	2e-05
CASSQAGTPETLYFGSG	2e-05
CASSQAGTSNTEVFFGKG	2e-05
CASSQAGVSNERLFFGHG	2e-05
CASSQAGYEQYFGPG	2e-05
CASSQAINTEVFFGKG	2e-05
CASSQAISYNSPLYFGEG	2e-05
CASSQAITGSSAETLYFGSG	2e-05
CASSQAKENSDYTFGSG	2e-05
CASSQALGGAETLYFGSG	2e-05
CASSQALGINTLYFGAG	2e-05
CASSQALGNQDTQYFGPG	2e-05
CASSQAPASSAETLYFGSG	2e-05
CASSQAPEQFFGPG	2e-05
CASSQAPGGNTLYFGAG	2e-05
CASSQAPGISNERLFFGHG	2e-05
CASSQAPGTGQDTQYFGPG	2e-05
CASSQAPPGHTEVFFGKG	2e-05
CASSQAPWIQDTQYFGPG	2e-05
CASSQAQENTLYFGAG	2e-05
CASSQAQFYAEQFFGPG	2e-05
CASSQAQGITEVFFGKG	2e-05
CASSQAQGNSPLYFGEG	2e-05
CASSQAQGSSQNTLYFGAG	4e-05
CASSQAQGVAETLYFGSG	2e-05
CASSQAQIANSDYTFGSG	2e-05
CASSQAQIYEQYFGPG	4e-05
CASSQAQNNQAPLFGEG	2e-05
CASSQAQTGGGNQDTQYFGPG	2e-05
CASSQAQTYEQYFGPG	2e-05
CASSQAQYAEQFFGPG	2e-05
CASSQARFFTEVFFGKG	2e-05
CASSQARGRDTGQLYFGEG	2e-05
CASSQARGYNYAEQFFGPG	2e-05
CASSQARIQDTQYFGPG	2e-05
CASSQARQGAGNTLYFGEG	2e-05
CASSQASGINNQAPLFGEG	2e-05
CASSQASNERLFFGHG	2e-05
CASSQASNQAPLFGEG	2e-05
CASSQASTGGSDYTFGSG	2e-05
CASSQATANTEVFFGKG	2e-05
CASSQATGGSPDTQYFGPG	2e-05
CASSQATGNTEVFFGKG	2e-05
CASSQATNTGQLYFGEG	2e-05
CASSQAVQNTLYFGAG	2e-05
CASSQAWGASQNTLYFGAG	2e-05
CASSQAWGGENTLYFGAG	2e-05
CASSQAWGGGETLYFGSG	2e-05
CASSQAWGGHQNTLYFGAG	2e-05
CASSQAWGREQYFGPG	2e-05
CASSQAWGSYAEQFFGPG	2e-05
CASSQAYEQYFGPG	2e-05
CASSQDAFNSDYTFGSG	2e-05
CASSQDAGANTQYFGPG	2e-05
CASSQDAGCAEQFFGPG	2e-05
CASSQDAGFAEQFFGPG	2e-05
CASSQDAGFYEQYFGPG	2e-05
CASSQDAGGDSDYTFGSG	2e-05
CASSQDAGGGVEQYFGPG	2e-05
CASSQDAGGYAEQFFGPG	2e-05
CASSQDAGQGTEVFFGKG	2e-05
CASSQDAGSSYEQYFGPG	2e-05
CASSQDAGTANTLYFGAG	2e-05
CASSQDAGVNTLYFGAG	2e-05
CASSQDAGWDERLFFGHG	2e-05
CASSQDAGYAEQFFGPG	2e-05
CASSQDAGYNYAEQFFGPG	4e-05
CASSQDAISNERLFFGHG	2e-05
CASSQDAKANTEVFFGKG	2e-05
CASSQDANANSDYTFGSG	2e-05
CASSQDANTGQLYFGEG	2e-05
CASSQDANTLYFGAG	4e-05
CASSQDARAETLYFGSG	2e-05
CASSQDARGNQAPLFGEG	2e-05
CASSQDARGRDTQYFGPG	2e-05
CASSQDARGRVTQYFGPG	2e-05
CASSQDARGVNERLFFGHG	2e-05
CASSQDAWGGAGTGQLYFGEG	2e-05
CASSQDAYNSPLYFGEG	2e-05
CASSQDDIQDTQYFGPG	2e-05
CASSQDDLNYAEQFFGPG	2e-05
CASSQDDNNQAPLFGEG	2e-05
CASSQDDNQAPLFGEG	2e-05
CASSQDDPDYTFGSG	2e-05
CASSQDDRAEVFFGKG	2e-05
CASSQDDREGDTQYFGPG	2e-05
CASSQDDRGPSDYTFGSG	2e-05
CASSQDDSSYNSPLYFGEG	2e-05
CASSQDDWGAKDTQYFGPG	2e-05
CASSQDDWGGDTQYFGPG	2e-05
CASSQDDWGNTLYFGAG	2e-05
CASSQDDWNEQYFGPG	2e-05
CASSQDDWYAEQFFGPG	2e-05
CASSQDEAGGAETLYFGSG	2e-05
CASSQDEAGNTLYFGAG	2e-05
CASSQDEAVSGNTLYFGEG	2e-05
CASSQDEGAEQFFGPG	4e-05
CASSQDEGANTEVFFGKG	2e-05
CASSQDEGGGTEVFFGKG	2e-05
CASSQDEGGRVFFGKG	2e-05
CASSQDEGYAEQFFGPG	2e-05
CASSQDEKNTLYFGAG	2e-05
CASSQDENTLYFGAG	2e-05
CASSQDEQGQNTLYFGAG	2e-05
CASSQDESPLYFGEG	2e-05
CASSQDESQNTLYFGAG	2e-05
CASSQDETGGYEQYFGPG	2e-05
CASSQDFGGVYYEQYFGPG	2e-05
CASSQDFHSLYFGEG	4e-05
CASSQDFQDTQYFGPG	2e-05
CASSQDFQYSPLYFGEG	2e-05
CASSQDFSNERLFFGHG	2e-05
CASSQDFWGEEQYFGPG	2e-05
CASSQDFYEQYFGPG	4e-05
CASSQDGAGAGNTLYFGEG	2e-05
CASSQDGAGGAETLYFGSG	2e-05
CASSQDGAGQDTQYFGPG	2e-05
CASSQDGAINERLFFGHG	2e-05
CASSQDGARDTQYFGPG	2e-05
CASSQDGATEVFFGKG	2e-05
CASSQDGDNNQAPLFGEG	2e-05
CASSQDGDNSPLYFGEG	2e-05
CASSQDGDSYEQYFGPG	2e-05
CASSQDGDWEYEQYFGPG	2e-05
CASSQDGEAPLFGEG	2e-05
CASSQDGEGGYEQYFGPG	2e-05
CASSQDGEGTLYFGSG	2e-05
CASSQDGEPQNTLYFGAG	2e-05
CASSQDGETLYFGSG	2e-05
CASSQDGGAFAETLYFGSG	2e-05
CASSQDGGALYEQYFGPG	2e-05
CASSQDGGEQYFGPG	2e-05
CASSQDGGGAEVFFGKG	2e-05
CASSQDGGGAGSEVFFGKG	2e-05
CASSQDGGGANTQYFGPG	2e-05
CASSQDGGGAYEQYFGPG	2e-05
CASSQDGGGGAYAEQFFGPG	2e-05
CASSQDGGGNQDTQYFGPG	4e-05
CASSQDGGGQDTQYFGPG	2e-05
CASSQDGGGRGTQYFGPG	4e-05
CASSQDGGKAETLYFGSG	4e-05
CASSQDGGLDTEVFFGKG	2e-05
CASSQDGGLGNTLYFGEG	2e-05
CASSQDGGLGSDYTFGSG	2e-05
CASSQDGGLNQDTQYFGPG	2e-05
CASSQDGGPDYTFGSG	2e-05
CASSQDGGPLYFGSG	2e-05
CASSQDGGPTAETLYFGSG	2e-05
CASSQDGGQNSDYTFGSG	2e-05
CASSQDGGRPYEQYFGPG	2e-05
CASSQDGGSNTGQLYFGEG	2e-05
CASSQDGGSSYEQYFGPG	2e-05
CASSQDGGTGSETLYFGSG	4e-05
CASSQDGGTQDTQYFGPG	4e-05
CASSQDGISGNTLYFGEG	2e-05
CASSQDGLALAETLYFGSG	2e-05
CASSQDGLGAQNTLYFGAG	2e-05
CASSQDGLGDTQYFGPG	2e-05
CASSQDGLGEQYFGPG	2e-05
CASSQDGLGSEQFFGPG	2e-05
CASSQDGNQNTLYFGAG	2e-05
CASSQDGNSDYTFGSG	2e-05
CASSQDGNSYNSPLYFGEG	2e-05
CASSQDGNTEVFFGKG	2e-05
CASSQDGNTLYFGEG	2e-05
CASSQDGQGAGNTLYFGEG	2e-05
CASSQDGQGANERLFFGHG	2e-05
CASSQDGQGDAEQFFGPG	2e-05
CASSQDGQGGDTQYFGPG	2e-05
CASSQDGQQNTLYFGAG	2e-05
CASSQDGQSSYEQYFGPG	2e-05
CASSQDGQVFFGKG	2e-05
CASSQDGQVSNERLFFGHG	2e-05
CASSQDGQVSYEQYFGPG	2e-05
CASSQDGQYEQYFGPG	2e-05
CASSQDGRARSDYTFGSG	2e-05
CASSQDGRDTEVFFGKG	4e-05
CASSQDGRGGNTLYFGEG	2e-05
CASSQDGRNTEVFFGKG	2e-05
CASSQDGRNYAEQFFGPG	2e-05
CASSQDGRYEQYFGPG	2e-05
CASSQDGSNQDTQYFGPG	2e-05
CASSQDGSPHTLYFGAG	2e-05
CASSQDGSSAETLYFGSG	2e-05
CASSQDGSSQNTLYFGAG	2e-05
CASSQDGTANYAEQFFGPG	2e-05
CASSQDGTASAETLYFGSG	2e-05
CASSQDGTDNQAPLFGEG	2e-05
CASSQDGTEDTLYFGAG	2e-05
CASSQDGTGENTLYFGAG	2e-05
CASSQDGTGGAREQYFGPG	2e-05
CASSQDGTGGFALYFGEG	2e-05
CASSQDGTGNYAEQFFGPG	2e-05
CASSQDGTGQNTLYFGAG	2e-05
CASSQDGTNAEQFFGPG	4e-05
CASSQDGTSAETLYFGSG	2e-05
CASSQDGTTEVFFGKG	2e-05
CASSQDGTTNSDYTFGSG	2e-05
CASSQDGVNQDTQYFGPG	2e-05
CASSQDGWGGERNTLYFGAG	2e-05
CASSQDGYSYEQYFGPG	2e-05
CASSQDHQNSGNTLYFGEG	2e-05
CASSQDHRANTEVFFGKG	2e-05
CASSQDHREGTEVFFGKG	2e-05
CASSQDHRENTEVFFGKG	2e-05
CASSQDHRGRSKVFFGKG	2e-05
CASSQDHRSNTGQLYFGEG	2e-05
CASSQDHSYAEQFFGPG	2e-05
CASSQDHWSAETLYFGSG	2e-05
CASSQDHYNSPLYFGEG	2e-05
CASSQDIAEQFFGPG	2e-05
CASSQDIFSNTEVFFGKG	2e-05
CASSQDINERLFFGHG	2e-05
CASSQDINQDTQYFGPG	2e-05
CASSQDIPGGAETLYFGSG	2e-05
CASSQDIQDTQYFGPG	2e-05
CASSQDIQNTLYFGAG	4e-05
CASSQDIQTAETLYFGSG	2e-05
CASSQDISQNTLYFGAG	2e-05
CASSQDIWGGYAEQFFGPG	2e-05
CASSQDKAIEVFFGKG	2e-05
CASSQDKANTEVFFGKG	2e-05
CASSQDKASGTLYFGAG	2e-05
CASSQDKGANSDYTFGSG	2e-05
CASSQDKGHANTGQLYFGEG	2e-05
CASSQDKNERLFFGHG	2e-05
CASSQDKREVFFGKG	2e-05
CASSQDKRGYFGPG	2e-05
CASSQDKYSGNTLYFGEG	2e-05
CASSQDLANTEVFFGKG	4e-05
CASSQDLDQDTQYFGPG	2e-05
CASSQDLDQNTLYFGAG	2e-05
CASSQDLDRVAEVFFGKG	2e-05
CASSQDLDWDQDTQYFGPG	2e-05
CASSQDLDYAEQFFGPG	2e-05
CASSQDLGEDTQYFGPG	2e-05
CASSQDLGGALGPGQLYFGEG	2e-05
CASSQDLGGAYEQYFGPG	2e-05
CASSQDLGGKYEQYFGPG	4e-05
CASSQDLGGLEQYFGPG	2e-05
CASSQDLGGNTLYFGAG	2e-05
CASSQDLGGPTETLYFGSG	2e-05
CASSQDLGGQDTQYFGPG	2e-05
CASSQDLGGRGTQYFGPG	2e-05
CASSQDLGGRSYEQYFGPG	2e-05
CASSQDLGGSSYEQYFGPG	4e-05
CASSQDLGIYEQYFGPG	2e-05
CASSQDLGKNTEVFFGKG	2e-05
CASSQDLGLGGRDTQYFGPG	2e-05
CASSQDLGNSPLYFGEG	2e-05
CASSQDLGRQNTLYFGAG	2e-05
CASSQDLGSNERLFFGHG	2e-05
CASSQDLGSQDTQYFGPG	2e-05
CASSQDLGSSQNTLYFGAG	2e-05
CASSQDLGSYEQYFGPG	2e-05
CASSQDLGTYEQYFGPG	2e-05
CASSQDLNNSPLYFGEG	2e-05
CASSQDLNTLYFGEG	2e-05
CASSQDLPGSSYEQYFGPG	2e-05
CASSQDLRNSPLYFGEG	2e-05
CASSQDLRQTSDYTFGSG	2e-05
CASSQDLSLNNQAPLFGEG	2e-05
CASSQDLSYNSPLYFGEG	2e-05
CASSQDLVFYAEQFFGPG	2e-05
CASSQDLVSQNTLYFGAG	2e-05
CASSQDLWGQDTQYFGPG	2e-05
CASSQDMAGGGGGGVFGHG	2e-05
CASSQDMGGSYEQYFGPG	2e-05
CASSQDMRRAPLFGEG	4e-05
CASSQDNILNQDTQYFGPG	2e-05
CASSQDNIYEQYFGPG	2e-05
CASSQDNKNSPLYFGEG	2e-05
CASSQDNLGSSYEQYFGPG	2e-05
CASSQDNNSDYTFGSG	2e-05
CASSQDNNSGNTLYFGEG	4e-05
CASSQDNQAPLFGEG	2e-05
CASSQDNQFNQDTQYFGPG	2e-05
CASSQDNRGEVFFGKG	2e-05
CASSQDNSYNSPLYFGEG	2e-05
CASSQDNTEVFFGKG	2e-05
CASSQDNWRGQNTLYFGAG	2e-05
CASSQDNYAEQFFGPG	2e-05
CASSQDNYEQYFGPG	2e-05
CASSQDNYNYAEQFFGPG	2e-05
CASSQDPAGGQNTLYFGAG	2e-05
CASSQDPDAEQFFGPG	2e-05
CASSQDPDKNTEVFFGKG	2e-05
CASSQDPDNNQAPLFGEG	2e-05
CASSQDPDWGYEQYFGPG	2e-05
CASSQDPEGEQYFGPG	2e-05
CASSQDPGAGGNTLYFGEG	2e-05
CASSQDPGAGNTLYFGAG	2e-05
CASSQDPGANTLYFGAG	2e-05
CASSQDPGDEQYFGPG	2e-05
CASSQDPGGFNQDTQYFGPG	2e-05
CASSQDPGGRDEQYFGPG	2e-05
CASSQDPGGSDYTFGSG	2e-05
CASSQDPGGTEVFFGKG	2e-05
CASSQDPGGTSDDRSDYTFGSG	2e-05
CASSQDPGPTGQLYFGEG	2e-05
CASSQDPGQGTEVFFGKG	2e-05
CASSQDPGRQDTQYFGPG	2e-05
CASSQDPGSNTGQLYFGEG	2e-05
CASSQDPGTGNTLYFGEG	2e-05
CASSQDPGVNTEVFFGKG	2e-05
CASSQDPGVYEQYFGPG	2e-05
CASSQDPHAEQFFGPG	2e-05
CASSQDPHSGNTLYFGEG	2e-05
CASSQDPIYEQYFGPG	4e-05
CASSQDPLSQNTLYFGAG	2e-05
CASSQDPNNERLFFGHG	2e-05
CASSQDPNNNQAPLFGEG	2e-05
CASSQDPPGGRAETLYFGSG	2e-05
CASSQDPPRGDTQYFGPG	2e-05
CASSQDPPRGGTQYFGPG	2e-05
CASSQDPPRRDTQYFGPG	2e-05
CASSQDPPTGDTQYFGPG	2e-05
CASSQDPQNTLYFGAG	2e-05
CASSQDPQSAETLYFGSG	2e-05
CASSQDPRAGNTLYFGEG	2e-05
CASSQDPRSAYEQYFGPG	2e-05
CASSQDPSQAPLFGEG	2e-05
CASSQDPSQNTLYFGAG	2e-05
CASSQDPSSGNTLYFGEG	2e-05
CASSQDPSSNERLFFGHG	2e-05
CASSQDPSSYEQYFGPG	2e-05
CASSQDPSTNSDYTFGSG	2e-05
CASSQDPTRDTQYFGPG	2e-05
CASSQDPVNERLFFGHG	2e-05
CASSQDQAEVFFGKG	2e-05
CASSQDQAGDTEVFFGKG	2e-05
CASSQDQAGPTQYFGPG	2e-05
CASSQDQDEQYFGPG	2e-05
CASSQDQFYEQYFGPG	2e-05
CASSQDQGAGTGQLYFGEG	2e-05
CASSQDQGAQAPLFGEG	2e-05
CASSQDQGAYAEQFFGPG	2e-05
CASSQDQGGQDTQYFGPG	4e-05
CASSQDQGLDTQYFGPG	2e-05
CASSQDQGNSDYTFGSG	2e-05
CASSQDQGNTEVFFGKG	2e-05
CASSQDQGPDTQYFGPG	2e-05
CASSQDQGRAETLYFGSG	2e-05
CASSQDQGSAETLYFGSG	2e-05
CASSQDQGSYEQYFGPG	2e-05
CASSQDQGWGYEQYFGPG	2e-05
CASSQDQGYTEVFFGKG	2e-05
CASSQDQHTEVFFGKG	2e-05
CASSQDQISNERLFFGHG	4e-05
CASSQDQLQNTLYFGAG	2e-05
CASSQDQNTEVFFGKG	4e-05
CASSQDQRGGSGNTLYFGEG	2e-05
CASSQDQRGNTEVFFGKG	2e-05
CASSQDQSSYEQYFGPG	2e-05
CASSQDQVQDTQYFGPG	2e-05
CASSQDRAGTGNTLYFGEG	2e-05
CASSQDRALYFGAG	2e-05
CASSQDRASAETLYFGSG	2e-05
CASSQDRASGNTLYFGEG	2e-05
CASSQDRASQNTLYFGAG	2e-05
CASSQDRASYEQYFGPG	2e-05
CASSQDRDEQYFGPG	2e-05
CASSQDRDFGNTLYFGEG	2e-05
CASSQDRDGNTEVFFGKG	2e-05
CASSQDRDPEVFFGKG	2e-05
CASSQDRDQAPLFGEG	2e-05
CASSQDRDQNTLYFGAG	2e-05
CASSQDRDRGNERLFFGHG	2e-05
CASSQDRDWDQDTQYFGPG	2e-05
CASSQDRDYEQYFGPG	2e-05
CASSQDREDSDYTFGSG	2e-05
CASSQDREENQDTQYFGPG	2e-05
CASSQDREEQYFGPG	2e-05
CASSQDREGAETLYFGSG	4e-05
CASSQDREGNQAPLFGEG	2e-05
CASSQDREGTQYFGPG	2e-05
CASSQDRGEQDTQYFGPG	2e-05
CASSQDRGEQYFGPG	2e-05
CASSQDRGETNERLFFGHG	2e-05
CASSQDRGGDSGNTLYFGEG	4e-05
CASSQDRGGGNTGQLYFGEG	2e-05
CASSQDRGGISPLYFGEG	2e-05
CASSQDRGGLRTLYFGAG	2e-05
CASSQDRGGNTLYFGEG	2e-05
CASSQDRGGQNTLYFGAG	2e-05
CASSQDRGHAETLYFGSG	2e-05
CASSQDRGHTLYFGEG	2e-05
CASSQDRGLGGPDTQYFGPG	2e-05
CASSQDRGLNERLFFGHG	2e-05
CASSQDRGLNTLYFGAG	2e-05
CASSQDRGMYFGAG	2e-05
CASSQDRGNTLYFGAG	2e-05
CASSQDRGPAEQFFGPG	2e-05
CASSQDRGPGNTLYFGEG	6.000000000000001e-05
CASSQDRGQIYAEQFFGPG	2e-05
CASSQDRGQTEVFFGKG	2e-05
CASSQDRGRGENTEVFFGKG	2e-05
CASSQDRGRGTEVFFGKG	2e-05
CASSQDRGRNTLYFGAG	2e-05
CASSQDRGRPLYFGAG	2e-05
CASSQDRGRTLYFGAG	2e-05
CASSQDRGSNERLFFGHG	2e-05
CASSQDRGVAETLYFGSG	2e-05
CASSQDRISGNTLYFGEG	2e-05
CASSQDRKANTLYFGAG	2e-05
CASSQDRKDTQYFGPG	2e-05
CASSQDRKISNERLFFGHG	2e-05
CASSQDRKNTLYFGAG	2e-05
CASSQDRLGGLEQYFGPG	2e-05
CASSQDRLGGNTGQLYFGEG	2e-05
CASSQDRLGGRAEQFFGPG	2e-05
CASSQDRLYEQYFGPG	2e-05
CASSQDRPGGKDTQYFGPG	2e-05
CASSQDRRANTEVFFGKG	2e-05
CASSQDRRAPLYFGAG	2e-05
CASSQDRRGNQDTQYFGPG	2e-05
CASSQDRRGNTEVFFGKG	2e-05
CASSQDRRGQAPLFGEG	4e-05
CASSQDRRTGPTEVFFGKG	2e-05
CASSQDRRYEQYFGPG	2e-05
CASSQDRSAEQFFGPG	2e-05
CASSQDRSNQAPLFGEG	2e-05
CASSQDRSRGRREEVFFGKG	2e-05
CASSQDRSSTEVFFGKG	2e-05
CASSQDRTGAYEQYFGPG	2e-05
CASSQDRTGGRNTEVFFGKG	2e-05
CASSQDRTGGSQDTQYFGPG	2e-05
CASSQDRTGGYAEQFFGPG	2e-05
CASSQDRTNTGQLYFGEG	2e-05
CASSQDRTSAETLYFGSG	2e-05
CASSQDRTYEQYFGPG	2e-05
CASSQDRVTETLYFGSG	2e-05
CASSQDRWAETLYFGSG	2e-05
CASSQDSDRGLEQYFGPG	2e-05
CASSQDSEQYFGPG	2e-05
CASSQDSGDTEVFFGKG	2e-05
CASSQDSGDTQYFGPG	2e-05
CASSQDSGDWGPQNTLYFGAG	2e-05
CASSQDSGGRHNTLYFGAG	2e-05
CASSQDSGNTLYFGEG	2e-05
CASSQDSGVAETLYFGSG	2e-05
CASSQDSGVYAEQFFGPG	2e-05
CASSQDSKEVFFGKG	2e-05
CASSQDSNQNTLYFGAG	2e-05
CASSQDSNSPLYFGEG	2e-05
CASSQDSQGSSYEQYFGPG	2e-05
CASSQDSQREVFFGKG	2e-05
CASSQDSQYGNTLYFGEG	2e-05
CASSQDSRDYAEQFFGPG	2e-05
CASSQDSRGYEQYFGPG	2e-05
CASSQDSSDYTFGSG	2e-05
CASSQDSSSQNTLYFGAG	2e-05
CASSQDSSYEQYFGPG	2e-05
CASSQDSTAAETLYFGSG	2e-05
CASSQDSTGANTEVFFGKG	2e-05
CASSQDSTGQLYFGEG	4e-05
CASSQDSTNTEVFFGKG	2e-05
CASSQDSTNYAEQFFGPG	2e-05
CASSQDSTPSAETLYFGSG	2e-05
CASSQDSTQYFGPG	2e-05
CASSQDSWGEDTQYFGPG	2e-05
CASSQDSWGGQDTQYFGPG	2e-05
CASSQDSYEQYFGPG	2e-05
CASSQDTAGYAEQFFGPG	2e-05
CASSQDTARNTGQLYFGEG	2e-05
CASSQDTDAEQFFGPG	2e-05
CASSQDTDSDYTFGSG	2e-05
CASSQDTEQNTLYFGAG	2e-05
CASSQDTFNNQAPLFGEG	2e-05
CASSQDTGEDTQYFGPG	2e-05
CASSQDTGFTEVFFGKG	2e-05
CASSQDTGGAQNTLYFGAG	4e-05
CASSQDTGGGTEVFFGKG	2e-05
CASSQDTGGIYEQYFGPG	2e-05
CASSQDTGGRQNTLYFGAG	2e-05
CASSQDTGGTGQLYFGEG	2e-05
CASSQDTGGYFGPG	2e-05
CASSQDTGKQDTQYFGPG	2e-05
CASSQDTGQDTQYFGPG	2e-05
CASSQDTGRLFFGHG	2e-05
CASSQDTGVNSGNTLYFGEG	2e-05
CASSQDTGWGIYEQYFGPG	2e-05
CASSQDTIYEQYFGPG	2e-05
CASSQDTKYSGNTLYFGEG	2e-05
CASSQDTNANTEVFFGKG	2e-05
CASSQDTNSSLYFGEG	2e-05
CASSQDTQGGYEQYFGPG	2e-05
CASSQDTQGSTEVFFGKG	2e-05
CASSQDTQGVGNTLYFGEG	2e-05
CASSQDTQYFGPG	2e-05
CASSQDTRANSPLYFGEG	2e-05
CASSQDTRGDYAEQFFGPG	2e-05
CASSQDTSGNTLYFGEG	2e-05
CASSQDTSNTEVFFGKG	2e-05
CASSQDTTGGQDTQYFGPG	2e-05
CASSQDTWGQDTQYFGPG	2e-05
CASSQDVDTQYFGPG	4e-05
CASSQDVGAIAEQFFGPG	2e-05
CASSQDVGKGAEQFFGPG	2e-05
CASSQDVGSEQYFGPG	2e-05
CASSQDVGTEQFFGPG	2e-05
CASSQDVGVEQYFGPG	2e-05
CASSQDVLGAYEQYFGPG	2e-05
CASSQDVNYEQYFGPG	2e-05
CASSQDVQVSYAEQFFGPG	2e-05
CASSQDVRDHSPLYFGEG	2e-05
CASSQDVTQYFGPG	2e-05
CASSQDWADQYFGPG	2e-05
CASSQDWAEQFFGPG	2e-05
CASSQDWATLYFGAG	4e-05
CASSQDWDRDAEQFFGPG	2e-05
CASSQDWDRGRNTLYFGEG	2e-05
CASSQDWDSYEQYFGPG	2e-05
CASSQDWDTQDTQYFGPG	2e-05
CASSQDWDTQYFGPG	2e-05
CASSQDWEHTLYFGAG	2e-05
CASSQDWFSNERLFFGHG	4e-05
CASSQDWGAAEQFFGPG	2e-05
CASSQDWGADTQYFGPG	2e-05
CASSQDWGANTLYFGAG	2e-05
CASSQDWGASDYTFGSG	2e-05
CASSQDWGASQNTLYFGAG	2e-05
CASSQDWGATGQLYFGEG	2e-05
CASSQDWGAYTEVFFGKG	2e-05
CASSQDWGDAETLYFGSG	2e-05
CASSQDWGDSETLYFGSG	2e-05
CASSQDWGDTGQLYFGEG	4e-05
CASSQDWGEDTQYFGPG	2e-05
CASSQDWGEQYFGPG	2e-05
CASSQDWGGANTEVFFGKG	2e-05
CASSQDWGGCGQYFGPG	2e-05
CASSQDWGGDDTQYFGPG	2e-05
CASSQDWGGENTGQLYFGEG	2e-05
CASSQDWGGFQNTLYFGAG	2e-05
CASSQDWGGFYEQYFGPG	2e-05
CASSQDWGGGDYAEQFFGPG	2e-05
CASSQDWGGGSSSKQAPLFGEG	2e-05
CASSQDWGGKVAEQFFGPG	2e-05
CASSQDWGGNTGQLYFGEG	2e-05
CASSQDWGGRFGSG	2e-05
CASSQDWGGRTEVFFGKG	2e-05
CASSQDWGGTEQFFGPG	2e-05
CASSQDWGGYTEVFFGKG	2e-05
CASSQDWGHNERLFFGHG	2e-05
CASSQDWGISGNTLYFGEG	2e-05
CASSQDWGKNSPLYFGEG	2e-05
CASSQDWGLGNTLYFGEG	2e-05
CASSQDWGNGNTLYFGAG	2e-05
CASSQDWGQYFGPG	2e-05
CASSQDWGRADFGPG	2e-05
CASSQDWGSQYFGPG	2e-05
CASSQDWGSTLYFGAG	2e-05
CASSQDWGTLYFGSG	2e-05
CASSQDWGVEQFFGPG	2e-05
CASSQDWGVGAEQFFGPG	2e-05
CASSQDWGVGDTQYFGPG	2e-05
CASSQDWKNTLYFGAG	2e-05
CASSQDWQGQDTQYFGPG	2e-05
CASSQDWRAETLYFGSG	2e-05
CASSQDWRGNTLYFGAG	2e-05
CASSQDWSGNTLYFGEG	2e-05
CASSQDWSTEVFFGKG	2e-05
CASSQDWSTLYFGAG	2e-05
CASSQDWTGSTEVFFGKG	2e-05
CASSQDWTSPETLYFGSG	2e-05
CASSQDWTSSAETLYFGSG	2e-05
CASSQDWTTSQNTLYFGAG	2e-05
CASSQDWVWSQNTLYFGAG	2e-05
CASSQDYEQYFGPG	2e-05
CASSQDYGDNNERLFFGHG	2e-05
CASSQDYINSDYTFGSG	2e-05
CASSQDYKNQAPLFGEG	2e-05
CASSQDYNSSLYFGEG	2e-05
CASSQDYRAETLYFGSG	6.000000000000001e-05
CASSQDYRTNERLFFGHG	2e-05
CASSQDYTSPLYFGEG	2e-05
CASSQDYWGANTGQLYFGEG	2e-05
CASSQEAASQNTLYFGAG	2e-05
CASSQEADQAPLFGEG	2e-05
CASSQEAEVFFGKG	2e-05
CASSQEAGFGNTLYFGEG	2e-05
CASSQEAGGDSPLYFGEG	2e-05
CASSQEAGGGNYAEQFFGPG	2e-05
CASSQEAGGNERLFFGHG	2e-05
CASSQEAGGNTEVFFGKG	2e-05
CASSQEAGGQNTLYFGAG	2e-05
CASSQEAGGVNTGQLYFGEG	2e-05
CASSQEAGLGNTLYFGEG	2e-05
CASSQEAGNQDTQYFGPG	2e-05
CASSQEAGNYAEQFFGPG	2e-05
CASSQEAGQNTEVFFGKG	2e-05
CASSQEAGRGNTEVFFGKG	2e-05
CASSQEAGRLFFGHG	4e-05
CASSQEAGTSQNTLYFGAG	2e-05
CASSQEAGVEQYFGPG	2e-05
CASSQEAGVYEQYFGPG	2e-05
CASSQEAQGANTEVFFGKG	2e-05
CASSQEASNQDTQYFGPG	2e-05
CASSQEASNTEVFFGKG	2e-05
CASSQEASPPDYTFGSG	4e-05
CASSQEAVNTEVFFGKG	2e-05
CASSQEAWGEYEQYFGPG	2e-05
CASSQEDANTEVFFGKG	2e-05
CASSQEDIYAEQFFGPG	2e-05
CASSQEDNSQNTLYFGAG	2e-05
CASSQEDRGNERLFFGHG	2e-05
CASSQEDSSGNTLYFGEG	2e-05
CASSQEDTEVYFGEG	2e-05
CASSQEDWGAYAEQFFGPG	2e-05
CASSQEDWGGDTQYFGPG	2e-05
CASSQEDWGINTGQLYFGEG	2e-05
CASSQEEANTEVFFGKG	2e-05
CASSQEEGDTQYFGPG	4e-05
CASSQEEGNTLYFGEG	2e-05
CASSQEEGPYAEQFFGPG	2e-05
CASSQEEGYNSPLYFGEG	2e-05
CASSQEEPSQLYFGEG	2e-05
CASSQEESYYEQYFGPG	2e-05
CASSQEGADSYEQYFGPG	2e-05
CASSQEGALDTQYFGPG	2e-05
CASSQEGALYAEQFFGPG	2e-05
CASSQEGANTEVFFGKG	2e-05
CASSQEGANTLYFGAG	4e-05
CASSQEGARDAETLYFGSG	2e-05
CASSQEGDFLYAEQFFGPG	2e-05
CASSQEGDNQNTLYFGAG	2e-05
CASSQEGDNSGNTLYFGEG	2e-05
CASSQEGDRGDTQYFGPG	2e-05
CASSQEGDSDYTFGSG	2e-05
CASSQEGDSNERLFFGHG	2e-05
CASSQEGDWGNTLYFGAG	2e-05
CASSQEGDYAEQFFGPG	2e-05
CASSQEGEGNTLYFGEG	2e-05
CASSQEGENTEVFFGKG	2e-05
CASSQEGETEVFFGKG	2e-05
CASSQEGEVFFGKG	2e-05
CASSQEGFEQYFGPG	2e-05
CASSQEGFNTEVFFGKG	2e-05
CASSQEGGANTEVFFGKG	2e-05
CASSQEGGANTGQLYFGEG	2e-05
CASSQEGGAPEVFFGKG	2e-05
CASSQEGGDTEVFFGKG	2e-05
CASSQEGGEVFFGKG	2e-05
CASSQEGGGANTGQLYFGEG	2e-05
CASSQEGGGAPLFGEG	2e-05
CASSQEGGGDTQYFGPG	2e-05
CASSQEGGGDYEQYFGPG	2e-05
CASSQEGGGEQYFGPG	2e-05
CASSQEGGGGSDYTFGSG	2e-05
CASSQEGGGGTEVFFGKG	2e-05
CASSQEGGGGVFFGKG	2e-05
CASSQEGGGNTLYFGEG	2e-05
CASSQEGGGQNTLYFGAG	2e-05
CASSQEGGGSNTEVFFGKG	2e-05
CASSQEGGLFAEQFFGPG	2e-05
CASSQEGGLQDTQYFGPG	2e-05
CASSQEGGNSPLYFGEG	2e-05
CASSQEGGPGQNTLYFGAG	4e-05
CASSQEGGPNQAPLFGEG	2e-05
CASSQEGGPSAETLYFGSG	2e-05
CASSQEGGQGETLYFGSG	2e-05
CASSQEGGRDQDTQYFGPG	2e-05
CASSQEGGRGNTLYFGEG	2e-05
CASSQEGGRHDTQYFGPG	2e-05
CASSQEGGSLYFGAG	2e-05
CASSQEGGSNERLFFGHG	2e-05
CASSQEGGVNTGQLYFGEG	2e-05
CASSQEGGYNYAEQFFGPG	2e-05
CASSQEGGYQDTQYFGPG	2e-05
CASSQEGHNNQAPLFGEG	2e-05
CASSQEGHNQDTQYFGPG	2e-05
CASSQEGHSAETLYFGSG	2e-05
CASSQEGHTQDTQYFGPG	2e-05
CASSQEGIQNTLYFGAG	2e-05
CASSQEGISNERLFFGHG	2e-05
CASSQEGKNERLFFGHG	2e-05
CASSQEGLAYEQYFGPG	2e-05
CASSQEGLGAQDTQYFGPG	2e-05
CASSQEGLGEAETLYFGSG	2e-05
CASSQEGLGGQDTQYFGPG	2e-05
CASSQEGLGGYAEQFFGPG	2e-05
CASSQEGLGNQDTQYFGPG	2e-05
CASSQEGLGPQDTQYFGPG	2e-05
CASSQEGLGQNTLYFGAG	2e-05
CASSQEGLGSSQNTLYFGAG	2e-05
CASSQEGLKDTQYFGPG	2e-05
CASSQEGLNYAEQFFGPG	2e-05
CASSQEGLQDTQYFGPG	2e-05
CASSQEGLYEQYFGPG	2e-05
CASSQEGMGGEQYFGPG	2e-05
CASSQEGNSAETLYFGSG	2e-05
CASSQEGPGQLYFGEG	2e-05
CASSQEGPSGNTLYFGEG	2e-05
CASSQEGQAEQFFGPG	2e-05
CASSQEGQGADERLFFGHG	2e-05
CASSQEGQGAGEVFFGKG	4e-05
CASSQEGQGAGTEVFFGKG	2e-05
CASSQEGQGAHERLFFGHG	2e-05
CASSQEGQGARGVFFGKG	2e-05
CASSQEGQGDTEVFFGKG	4e-05
CASSQEGQGDTQYFGPG	2e-05
CASSQEGQGGGGPLFGEG	2e-05
CASSQEGQGHERLFFGHG	2e-05
CASSQEGQGNTQYFGPG	2e-05
CASSQEGQGRSDYTFGSG	2e-05
CASSQEGQGYSDYTFGSG	2e-05
CASSQEGQHNYAEQFFGPG	2e-05
CASSQEGQNTEVFFGKG	2e-05
CASSQEGQPNERLFFGHG	2e-05
CASSQEGQPNSGNTLYFGEG	2e-05
CASSQEGQVNTLYFGAG	2e-05
CASSQEGQYTEVFFGKG	2e-05
CASSQEGRAYEQYFGPG	2e-05
CASSQEGREETLYFGSG	2e-05
CASSQEGRERERLFFGHG	2e-05
CASSQEGRKAETLYFGSG	2e-05
CASSQEGRNSPLYFGEG	2e-05
CASSQEGRQNTLYFGAG	2e-05
CASSQEGRQYFGPG	2e-05
CASSQEGRTPETLYFGSG	2e-05
CASSQEGSQDTQYFGPG	2e-05
CASSQEGTANTEVFFGKG	2e-05
CASSQEGTASAETLYFGSG	2e-05
CASSQEGTDNQAPLFGEG	2e-05
CASSQEGTFNERLFFGHG	2e-05
CASSQEGTGEAETLYFGSG	2e-05
CASSQEGTGEGEQYFGPG	2e-05
CASSQEGTGGETLYFGSG	2e-05
CASSQEGTGGIEQYFGPG	2e-05
CASSQEGTGGRAEQFFGPG	2e-05
CASSQEGTGNYAEQFFGPG	2e-05
CASSQEGTGSNERLFFGHG	2e-05
CASSQEGTGSYEQYFGPG	2e-05
CASSQEGTGVGNTLYFGEG	2e-05
CASSQEGTGVPDTQYFGPG	2e-05
CASSQEGTPPSNERLFFGHG	2e-05
CASSQEGTSTEVFFGKG	2e-05
CASSQEGTTYAEQFFGPG	2e-05
CASSQEGVASYEQYFGPG	2e-05
CASSQEGVYFGEG	2e-05
CASSQEGYEQYFGPG	4e-05
CASSQEGYQDTQYFGPG	2e-05
CASSQEHNQDTQYFGPG	2e-05
CASSQEHSNTEVFFGKG	2e-05
CASSQEHSYNSPLYFGEG	2e-05
CASSQEHWGSAETLYFGSG	2e-05
CASSQEISQNTLYFGAG	2e-05
CASSQEKGLGAPLFGEG	2e-05
CASSQEKNQDTQYFGPG	2e-05
CASSQEKSYEQYFGPG	2e-05
CASSQELGAEQYFGPG	2e-05
CASSQELGDVFFGKG	2e-05
CASSQELGGAEVFFGKG	2e-05
CASSQELGGPEVFFGKG	2e-05
CASSQELGGQDTQYFGPG	2e-05
CASSQELGGSNYAEQFFGPG	2e-05
CASSQELGGYAEQFFGPG	2e-05
CASSQELGQDTQYFGPG	2e-05
CASSQELGRDTQYFGPG	2e-05
CASSQELGTETLYFGSG	2e-05
CASSQELHYEQYFGPG	2e-05
CASSQELKETLYFGSG	2e-05
CASSQELWQPDTQYFGPG	2e-05
CASSQEMGGYEQYFGPG	2e-05
CASSQEMGQHYTFGSG	2e-05
CASSQEMGTGQLYFGEG	6.000000000000001e-05
CASSQENGNTLYFGAG	2e-05
CASSQENRGYEQYFGPG	2e-05
CASSQENTEVFFGKG	2e-05
CASSQENWGDYAEQFFGPG	2e-05
CASSQENWGLKTLYFGSG	2e-05
CASSQEPGEDYEQYFGPG	2e-05
CASSQEPGGEQYFGPG	2e-05
CASSQEPGKSGNTLYFGEG	2e-05
CASSQEPGKTGNTLYFGEG	2e-05
CASSQEPGQGNSDYTFGSG	2e-05
CASSQEPGTGGHQDTQYFGPG	2e-05
CASSQEPISGNTLYFGEG	2e-05
CASSQEPISNERLFFGHG	2e-05
CASSQEPRDTGQLYFGEG	2e-05
CASSQEPRGEQFFGPG	2e-05
CASSQEPSANSDYTFGSG	2e-05
CASSQEPSANTEVFFGKG	2e-05
CASSQEPSSAETLYFGSG	2e-05
CASSQEPTANSDYTFGSG	2e-05
CASSQEPTGNYAEQFFGPG	2e-05
CASSQEQDTEVFFGKG	2e-05
CASSQEQGAGAETLYFGSG	2e-05
CASSQEQGANSDYTFGSG	2e-05
CASSQEQGDNSPLYFGEG	2e-05
CASSQEQGGEVFFGKG	4e-05
CASSQEQGRDERLFFGHG	2e-05
CASSQEQGYAEQFFGPG	4e-05
CASSQEQGYNQAPLFGEG	2e-05
CASSQEQHTLYFGAG	2e-05
CASSQEQNKHEQYFGPG	2e-05
CASSQEQNTLYFGAG	2e-05
CASSQEQNYAEQFFGPG	2e-05
CASSQEQPNSDYTFGSG	2e-05
CASSQEQQDTQYFGPG	2e-05
CASSQEQQNQAPLFGEG	2e-05
CASSQEQTEVFFGKG	2e-05
CASSQERAEVFFGKG	2e-05
CASSQERAGQNTLYFGAG	2e-05
CASSQERANTEVFFGKG	2e-05
CASSQERDDAEQFFGPG	2e-05
CASSQERDGNSPLYFGEG	2e-05
CASSQERDNYAEQFFGPG	2e-05
CASSQERDRGEVFFGKG	2e-05
CASSQERDTEVFFGKG	2e-05
CASSQERDWYAEQFFGPG	2e-05
CASSQEREGTEVFFGKG	2e-05
CASSQERFQNTLYFGAG	2e-05
CASSQERFSNERLFFGHG	2e-05
CASSQERGAANERLFFGHG	4e-05
CASSQERGAGNTLYFGEG	2e-05
CASSQERGCFAEQFFGPG	2e-05
CASSQERGESGNTLYFGEG	2e-05
CASSQERGFSGNTLYFGEG	2e-05
CASSQERGGDTEVFFGKG	2e-05
CASSQERGGGERLFFGHG	2e-05
CASSQERGGGTGQLYFGEG	2e-05
CASSQERGGRAETLYFGSG	2e-05
CASSQERGLKVFFGKG	2e-05
CASSQERGNQDTQYFGPG	2e-05
CASSQERGPDTQYFGPG	2e-05
CASSQERGQGGETLYFGSG	2e-05
CASSQERGRAETLYFGSG	2e-05
CASSQERGRAEVFFGKG	4e-05
CASSQERGRGDTQYFGPG	2e-05
CASSQERGSYEQYFGPG	2e-05
CASSQERHSNERLFFGHG	2e-05
CASSQERLGKQYFGPG	2e-05
CASSQERNQDTQYFGPG	2e-05
CASSQERQGGPQYFGPG	2e-05
CASSQERQGGTQYFGPG	4e-05
CASSQERQINERLFFGHG	2e-05
CASSQERQTNSDYTFGSG	2e-05
CASSQERRGGNTLYFGAG	2e-05
CASSQERRSDSAETLYFGSG	2e-05
CASSQERSYEQYFGPG	2e-05
CASSQERTDSDYTFGSG	2e-05
CASSQERTGANERLFFGHG	2e-05
CASSQERTGGQDTQYFGPG	2e-05
CASSQERTQYFGPG	2e-05
CASSQERVFFGKG	2e-05
CASSQERYTEVFFGKG	2e-05
CASSQESAGQLYFGEG	2e-05
CASSQESANTEVFFGKG	2e-05
CASSQESEVFFGKG	2e-05
CASSQESEYEQYFGPG	2e-05
CASSQESGGEEVFFGKG	2e-05
CASSQESNNTEVFFGKG	2e-05
CASSQESNTGQLYFGEG	4e-05
CASSQESQGDYEQYFGPG	2e-05
CASSQESRDSPLYFGEG	2e-05
CASSQESRGAAEVFFGKG	2e-05
CASSQESRGTDYTFGSG	2e-05
CASSQESTEVFFGKG	2e-05
CASSQESYAEQFFGPG	4e-05
CASSQETAGGSYEQYFGPG	2e-05
CASSQETAWGVGQNTLYFGAG	2e-05
CASSQETDKDTQYFGPG	2e-05
CASSQETDNSPLYFGEG	2e-05
CASSQETDTSPLYFGEG	2e-05
CASSQETEAPLFGEG	2e-05
CASSQETGAFQDTQYFGPG	2e-05
CASSQETGAYAEQFFGPG	2e-05
CASSQETGERLFFGHG	2e-05
CASSQETGGGKDTQYFGPG	2e-05
CASSQETGGGPDTQYFGPG	2e-05
CASSQETGGNERLFFGHG	2e-05
CASSQETGGQDTQYFGPG	2e-05
CASSQETGGQNTLYFGAG	2e-05
CASSQETGGSQNTLYFGAG	2e-05
CASSQETGGTETLYFGSG	2e-05
CASSQETGGWGGNTQYFGPG	2e-05
CASSQETGNERLFFGHG	2e-05
CASSQETGPSAETLYFGSG	2e-05
CASSQETGQDTQYFGPG	2e-05
CASSQETGRDTQYFGPG	2e-05
CASSQETGRGNERLFFGHG	2e-05
CASSQETGSNQAPLFGEG	2e-05
CASSQETGTSAETLYFGSG	4e-05
CASSQETGTYEQYFGPG	2e-05
CASSQETGYSDYTFGSG	2e-05
CASSQETISYEQYFGPG	2e-05
CASSQETKNTLYFGAG	2e-05
CASSQETLSNERLFFGHG	2e-05
CASSQETNNSPLYFGEG	2e-05
CASSQETNSGNTLYFGEG	2e-05
CASSQETNTLYFGEG	2e-05
CASSQETPEVFFGKG	2e-05
CASSQETRDWGAAEQFFGPG	4e-05
CASSQETRGEQYFGPG	2e-05
CASSQETRGGNTLYFGAG	2e-05
CASSQETRGSDYTFGSG	2e-05
CASSQETRNERLFFGHG	2e-05
CASSQETTNTGQLYFGEG	2e-05
CASSQETVGSDYTFGSG	2e-05
CASSQETYSNERLFFGHG	2e-05
CASSQEVGGFAETLYFGSG	2e-05
CASSQEVGLQQFFGPG	2e-05
CASSQEVGRWEQYFGPG	2e-05
CASSQEVNLNQDTQYFGPG	2e-05
CASSQEVNSAETLYFGSG	2e-05
CASSQEVNTEVFFGKG	2e-05
CASSQEVQNERLFFGHG	2e-05
CASSQEVSYRSPLYFGEG	2e-05
CASSQEVTAETLYFGSG	2e-05
CASSQEWDINTLYFGEG	2e-05
CASSQEWDSERLFFGHG	2e-05
CASSQEWGADTGQLYFGEG	2e-05
CASSQEWGANTEVFFGKG	2e-05
CASSQEWGAYEQYFGPG	4e-05
CASSQEWGENTLYFGAG	2e-05
CASSQEWGETLYFGSG	2e-05
CASSQEWGEYEQYFGPG	2e-05
CASSQEWGGAEEQYFGPG	2e-05
CASSQEWGGYEQYFGPG	2e-05
CASSQEWGGYLDEQYFGPG	2e-05
CASSQEWGQNTLYFGAG	2e-05
CASSQEWPSGNTLYFGEG	2e-05
CASSQEWQTNERLFFGHG	2e-05
CASSQEWSAETLYFGSG	2e-05
CASSQEWSTEVFFGKG	2e-05
CASSQEWTDQAPLFGEG	2e-05
CASSQEWTEVFFGKG	2e-05
CASSQEWTGNERLFFGHG	2e-05
CASSQEYSANTEVFFGKG	2e-05
CASSQEYSSNERLFFGHG	2e-05
CASSQFAKNTGQLYFGEG	4e-05
CASSQFGASAETLYFGSG	2e-05
CASSQFLQDQDTQYFGPG	2e-05
CASSQFRDRDSGNTLYFGEG	2e-05
CASSQGAANYAEQFFGPG	2e-05
CASSQGAEQYFGPG	2e-05
CASSQGAFSNERLFFGHG	2e-05
CASSQGAGGNTLYFGEG	4e-05
CASSQGAGGNYAEQFFGPG	2e-05
CASSQGAGNTLYFGEG	2e-05
CASSQGANERLFFGHG	2e-05
CASSQGAQDTQYFGPG	2e-05
CASSQGARQNTLYFGAG	2e-05
CASSQGAVATGQLYFGEG	2e-05
CASSQGAYAETLYFGSG	2e-05
CASSQGCDYTFGSG	2e-05
CASSQGDEQFFGPG	2e-05
CASSQGDNANTEVFFGKG	2e-05
CASSQGDPGNNSPLYFGEG	2e-05
CASSQGDRAANSDYTFGSG	2e-05
CASSQGDRDTLYFGEG	2e-05
CASSQGDRGDTQYFGPG	2e-05
CASSQGDRGKTLYFGSG	2e-05
CASSQGDRGNSDYTFGSG	2e-05
CASSQGDRGREVFFGKG	2e-05
CASSQGDRGTETLYFGSG	2e-05
CASSQGDRVTNERLFFGHG	2e-05
CASSQGDSSAEQFFGPG	2e-05
CASSQGDWDYAEQFFGPG	2e-05
CASSQGDWENTLYFGAG	2e-05
CASSQGDWGDEQYFGPG	2e-05
CASSQGDWGGGAETLYFGSG	2e-05
CASSQGDWGGQDTQYFGPG	2e-05
CASSQGDWGTYEQYFGPG	2e-05
CASSQGDYAEQFFGPG	2e-05
CASSQGEAETLYFGSG	2e-05
CASSQGEGAETLYFGSG	2e-05
CASSQGEGDTQYFGPG	2e-05
CASSQGEGGQDTQYFGPG	2e-05
CASSQGERQNTLYFGAG	2e-05
CASSQGETSAETLYFGSG	2e-05
CASSQGFSQNTLYFGAG	4e-05
CASSQGGAGGQLYFGEG	2e-05
CASSQGGAGGQNTLYFGAG	2e-05
CASSQGGAHEQYFGPG	2e-05
CASSQGGAPAETLYFGSG	2e-05
CASSQGGARDEQFFGPG	2e-05
CASSQGGARTGQLYFGEG	2e-05
CASSQGGASSYEQYFGPG	2e-05
CASSQGGAYEQYFGPG	2e-05
CASSQGGDNQAPLFGEG	2e-05
CASSQGGETLYFGSG	2e-05
CASSQGGGAGQDTQYFGPG	2e-05
CASSQGGGARKETLYFGSG	2e-05
CASSQGGGGADTQYFGPG	2e-05
CASSQGGGGATQYFGPG	2e-05
CASSQGGGGGYEQYFGPG	2e-05
CASSQGGGGHYEQYFGPG	2e-05
CASSQGGGGSGQNTLYFGAG	2e-05
CASSQGGGKQNTLYFGAG	2e-05
CASSQGGGLDTEVFFGKG	2e-05
CASSQGGGLQDTQYFGPG	2e-05
CASSQGGGNTEVFFGKG	2e-05
CASSQGGGWTGQLYFGEG	2e-05
CASSQGGHNYAEQFFGPG	2e-05
CASSQGGKKDTQYFGPG	2e-05
CASSQGGLETLYFGSG	2e-05
CASSQGGLGGTLYFGSG	2e-05
CASSQGGLGHYAEQFFGPG	2e-05
CASSQGGNAEQFFGPG	2e-05
CASSQGGNTEVFFGKG	2e-05
CASSQGGNTGQLYFGEG	2e-05
CASSQGGPNSDYTFGSG	2e-05
CASSQGGQAEQFFGPG	2e-05
CASSQGGQDQAPLFGEG	2e-05
CASSQGGQGTDTQYFGPG	2e-05
CASSQGGQLSGNTLYFGEG	6.000000000000001e-05
CASSQGGQSQNTLYFGAG	2e-05
CASSQGGRQNTLYFGAG	2e-05
CASSQGGRTTGQLYFGEG	2e-05
CASSQGGSNYAEQFFGPG	2e-05
CASSQGGTGGLAEQFFGPG	2e-05
CASSQGGTGRSDYTFGSG	2e-05
CASSQGGTNERLFFGHG	2e-05
CASSQGGTNNQAPLFGEG	2e-05
CASSQGGTQNTLYFGAG	2e-05
CASSQGGVTEVFFGKG	2e-05
CASSQGGYEQYFGPG	2e-05
CASSQGGYQNTLYFGAG	4e-05
CASSQGHANTEVFFGKG	2e-05
CASSQGHGHAEQFFGPG	2e-05
CASSQGHKNTEVFFGKG	2e-05
CASSQGHQNTLYFGAG	2e-05
CASSQGHSSAETLYFGSG	2e-05
CASSQGHTQDTQYFGPG	2e-05
CASSQGITGQLYFGEG	2e-05
CASSQGKKNTLYFGAG	2e-05
CASSQGLAQNTLYFGAG	4e-05
CASSQGLGAHDTQYFGPG	2e-05
CASSQGLGANQDTQYFGPG	2e-05
CASSQGLGENTLYFGAG	2e-05
CASSQGLGFEETLYFGSG	2e-05
CASSQGLGGADTQYFGPG	2e-05
CASSQGLGGETLYFGSG	4e-05
CASSQGLGGGAETLYFGSG	2e-05
CASSQGLGGLAEQFFGPG	2e-05
CASSQGLGGLEQYFGPG	2e-05
CASSQGLGGQNTLYFGAG	2e-05
CASSQGLGGRGEQYFGPG	2e-05
CASSQGLGGTETLYFGSG	2e-05
CASSQGLGGTYEQYFGPG	2e-05
CASSQGLGHTLYFGAG	2e-05
CASSQGLGRAETLYFGSG	2e-05
CASSQGLGRGETLYFGSG	2e-05
CASSQGLGVSYEQYFGPG	2e-05
CASSQGLGYYAEQFFGPG	2e-05
CASSQGLRDTGQLYFGEG	2e-05
CASSQGLVPSQNTLYFGAG	2e-05
CASSQGLYAEQFFGPG	2e-05
CASSQGLYEQYFGPG	2e-05
CASSQGNWGLSQNTLYFGAG	2e-05
CASSQGPANTEVFFGKG	2e-05
CASSQGPAYAEQFFGPG	2e-05
CASSQGPFQAPLFGEG	2e-05
CASSQGPISNERLFFGHG	2e-05
CASSQGPPRGDTQYFGPG	2e-05
CASSQGPSRAETLYFGSG	2e-05
CASSQGPTEVFFGKG	2e-05
CASSQGPTSAETLYFGSG	2e-05
CASSQGPTVATLYFGSG	2e-05
CASSQGPWGYEQYFGPG	2e-05
CASSQGPYEQYFGPG	2e-05
CASSQGPYNSPLYFGEG	2e-05
CASSQGQDSPLYFGEG	2e-05
CASSQGQDSYEQYFGPG	2e-05
CASSQGQEDTQYFGPG	2e-05
CASSQGQFSNERLFFGHG	4e-05
CASSQGQGANSDYTFGSG	2e-05
CASSQGQGAYEQYFGPG	2e-05
CASSQGQGDAEQFFGPG	2e-05
CASSQGQGDNSPLYFGEG	2e-05
CASSQGQGFGNTLYFGEG	2e-05
CASSQGQGFQDTQYFGPG	4e-05
CASSQGQGFTEVFFGKG	2e-05
CASSQGQGGNNQAPLFGEG	2e-05
CASSQGQGGNYAEQFFGPG	2e-05
CASSQGQGGTQYFGPG	2e-05
CASSQGQGRSERLFFGHG	4e-05
CASSQGQGSRLFFGHG	2e-05
CASSQGQGTEVFFGKG	2e-05
CASSQGQGVQTLYFGSG	4e-05
CASSQGQGVSGNTLYFGEG	2e-05
CASSQGQINQDTQYFGPG	2e-05
CASSQGQISNERLFFGHG	2e-05
CASSQGQKNTEVFFGKG	2e-05
CASSQGQLYISPLYFGEG	2e-05
CASSQGQNERLFFGHG	2e-05
CASSQGQNTEVFFGKG	2e-05
CASSQGQPSAETLYFGSG	2e-05
CASSQGQQNTLYFGAG	2e-05
CASSQGQRGTEVFFGKG	2e-05
CASSQGQTLPFGSG	2e-05
CASSQGQTNERLFFGHG	2e-05
CASSQGQYEQYFGPG	2e-05
CASSQGRASAETLYFGSG	2e-05
CASSQGRDWGSAETLYFGSG	2e-05
CASSQGRDYEQYFGPG	4e-05
CASSQGRENTEVFFGKG	2e-05
CASSQGRGSDYTFGSG	4e-05
CASSQGRKVSDYTFGSG	2e-05
CASSQGRPQYFGPG	2e-05
CASSQGRSEQYFGPG	2e-05
CASSQGRSYAEQFFGPG	2e-05
CASSQGRTSDYTFGSG	2e-05
CASSQGRYSGNTLYFGEG	2e-05
CASSQGRYTEVFFGKG	2e-05
CASSQGSERLFFGHG	2e-05
CASSQGSGGEETLYFGSG	2e-05
CASSQGSGGRAETLYFGSG	2e-05
CASSQGSGGVQDTQYFGPG	2e-05
CASSQGSNERLFFGHG	2e-05
CASSQGSNTEVFFGKG	2e-05
CASSQGTAAAETLYFGSG	2e-05
CASSQGTADQNTLYFGAG	2e-05
CASSQGTAETLYFGSG	2e-05
CASSQGTAPGRLFFGHG	2e-05
CASSQGTDYAEQFFGPG	2e-05
CASSQGTDYEQYFGPG	2e-05
CASSQGTEISNERLFFGHG	2e-05
CASSQGTFQDTQYFGPG	2e-05
CASSQGTGDTEVFFGKG	2e-05
CASSQGTGEVFFGKG	2e-05
CASSQGTGFTEVFFGKG	2e-05
CASSQGTGGARSAETLYFGSG	2e-05
CASSQGTGGATGQLYFGEG	2e-05
CASSQGTGGAYEQYFGPG	2e-05
CASSQGTGGIQAPLFGEG	2e-05
CASSQGTGGLETLYFGSG	2e-05
CASSQGTGGNTEVFFGKG	2e-05
CASSQGTGGNTGQLYFGEG	2e-05
CASSQGTGGNYAEQFFGPG	2e-05
CASSQGTGGRAETLYFGSG	2e-05
CASSQGTGGSNERLFFGHG	2e-05
CASSQGTGGSYAEQFFGPG	2e-05
CASSQGTGGTETLYFGSG	2e-05
CASSQGTGGTEVFFGKG	2e-05
CASSQGTGQLYFGEG	2e-05
CASSQGTGSEQYFGPG	2e-05
CASSQGTGSQDTQYFGPG	2e-05
CASSQGTGTGNTLYFGEG	2e-05
CASSQGTGTNERLFFGHG	2e-05
CASSQGTGVAEQFFGPG	4e-05
CASSQGTGVPNERLFFGHG	2e-05
CASSQGTGYAEQFFGPG	2e-05
CASSQGTIQDTQYFGPG	2e-05
CASSQGTLQNTLYFGAG	2e-05
CASSQGTNAEQFFGPG	2e-05
CASSQGTNNQAPLFGEG	2e-05
CASSQGTNTEVFFGKG	2e-05
CASSQGTPEQYFGPG	2e-05
CASSQGTPGNTLYFGEG	4e-05
CASSQGTPNTEVFFGKG	2e-05
CASSQGTPNTGQLYFGEG	2e-05
CASSQGTQDTQYFGPG	2e-05
CASSQGTSDYTFGSG	4e-05
CASSQGTSYEQYFGPG	2e-05
CASSQGTTETLYFGSG	2e-05
CASSQGTTGQLYFGEG	2e-05
CASSQGTTNSDYTFGSG	2e-05
CASSQGTTNTGQLYFGEG	2e-05
CASSQGTVSGNTLYFGEG	2e-05
CASSQGVDYTFGSG	2e-05
CASSQGVGQDTQYFGPG	4e-05
CASSQGVQDTQYFGPG	2e-05
CASSQGVSYNSPLYFGEG	2e-05
CASSQGWGGGDTGQLYFGEG	2e-05
CASSQGWGGSAETLYFGSG	2e-05
CASSQGWQDTQYFGPG	2e-05
CASSQGWQNTLYFGAG	2e-05
CASSQGWRQDTQYFGPG	2e-05
CASSQGYSAETLYFGSG	2e-05
CASSQGYSDYTFGSG	2e-05
CASSQHAETLYFGSG	2e-05
CASSQHDTQYFGPG	2e-05
CASSQHEQYFGPG	2e-05
CASSQHGAGQQYFGPG	2e-05
CASSQHGGKNTEVFFGKG	2e-05
CASSQHNNQAPLFGEG	2e-05
CASSQHNSDYTFGSG	2e-05
CASSQHNTEVFFGKG	2e-05
CASSQHRSNSDYTFGSG	2e-05
CASSQHRTNERLFFGHG	2e-05
CASSQHSNTGQLYFGEG	2e-05
CASSQHSSGNTLYFGEG	2e-05
CASSQIGQHAEQFFGPG	2e-05
CASSQIGQWEVFFGKG	2e-05
CASSQIPNSDYTFGSG	2e-05
CASSQIQNQAPLFGEG	2e-05
CASSQIRDRDERLFFGHG	2e-05
CASSQITGREVFFGKG	2e-05
CASSQIYAEQFFGPG	4e-05
CASSQKGGPGVGRFFGPG	2e-05
CASSQKGQDTQYFGPG	2e-05
CASSQKGRQNTLYFGAG	2e-05
CASSQKLGGGSAETLYFGSG	2e-05
CASSQKSQNTLYFGAG	2e-05
CASSQKTANTEVFFGKG	2e-05
CASSQKTGSGNTLYFGEG	2e-05
CASSQKTISNERLFFGHG	2e-05
CASSQKVAGAPEVFFGKG	2e-05
CASSQKVFFGKG	2e-05
CASSQLAGQGYAEQFFGPG	2e-05
CASSQLDCFYHEHFFGHG	2e-05
CASSQLDWGNYAEQFFGPG	2e-05
CASSQLGATLYFGAG	2e-05
CASSQLGDQDTQYFGPG	2e-05
CASSQLGGAETLYFGSG	4e-05
CASSQLGGDTGQLYFGEG	2e-05
CASSQLGGGPETLYFGSG	2e-05
CASSQLGGKNTLYFGAG	2e-05
CASSQLGGNEQYFGPG	2e-05
CASSQLGGPGDTQYFGPG	2e-05
CASSQLGGQGAEQFFGPG	2e-05
CASSQLGGQNTLYFGAG	2e-05
CASSQLGGRDAGQNTEVFFGKG	2e-05
CASSQLGGRGEQYFGPG	2e-05
CASSQLGGSSYEQYFGPG	2e-05
CASSQLGGYAETLYFGSG	4e-05
CASSQLGLTNERLFFGHG	2e-05
CASSQLGNTLYFGAG	2e-05
CASSQLGQGNTGQLYFGEG	2e-05
CASSQLGQTNERLFFGHG	6.000000000000001e-05
CASSQLGYAEQFFGPG	2e-05
CASSQLKQYFGPG	2e-05
CASSQLLGGREQYFGPG	2e-05
CASSQLRDAKDTQYFGPG	2e-05
CASSQLSAETLYFGSG	2e-05
CASSQLSNERLFFGHG	4e-05
CASSQLTANSDYTFGSG	2e-05
CASSQLTGGARDTQYFGPG	2e-05
CASSQLTGGQDTQYFGPG	2e-05
CASSQLVHQDTQYFGPG	2e-05
CASSQLVNQDTQYFGPG	2e-05
CASSQLVYAEQFFGPG	2e-05
CASSQLWNTQYFGPG	2e-05
CASSQMGASYEQYFGPG	2e-05
CASSQNARTGVYAEQFFGPG	2e-05
CASSQNGGGGEQFFGPG	4e-05
CASSQNGGSYNSPLYFGEG	2e-05
CASSQNGTGGYAEQFFGPG	2e-05
CASSQNIYNSPLYFGEG	2e-05
CASSQNNANSDYTFGSG	2e-05
CASSQNPGSDYTFGSG	2e-05
CASSQNPHTEVFFGKG	2e-05
CASSQNRDKVFFGKG	2e-05
CASSQNRGGDTQYFGPG	2e-05
CASSQNRGNTEVFFGKG	2e-05
CASSQNRQDTGQLYFGEG	2e-05
CASSQNSNAFFFGKG	2e-05
CASSQNSNQNTLYFGAG	2e-05
CASSQNTANERLFFGHG	2e-05
CASSQNWGAQDTQYFGPG	2e-05
CASSQNWGTYEQYFGPG	4e-05
CASSQNWGVATLYFGAG	2e-05
CASSQNWGVEQYFGPG	4e-05
CASSQNWWRDYAEQFFGPG	4e-05
CASSQNYAEQFFGPG	2e-05
CASSQPAGSNTEVFFGKG	2e-05
CASSQPDITEVFFGKG	2e-05
CASSQPDRNYAEQFFGPG	2e-05
CASSQPDWEDTQYFGPG	2e-05
CASSQPDWGHYAEQFFGPG	2e-05
CASSQPDWGSSYEQYFGPG	2e-05
CASSQPGDAEQFFGPG	2e-05
CASSQPGDSQNTLYFGAG	2e-05
CASSQPGGIQDTQYFGPG	2e-05
CASSQPGGSSYEQYFGPG	2e-05
CASSQPGLASYEQYFGPG	2e-05
CASSQPGLDDAEQFFGPG	2e-05
CASSQPGLGGAETLYFGSG	2e-05
CASSQPGLGGREQYFGPG	2e-05
CASSQPGLGYAEQFFGPG	2e-05
CASSQPGPNTLYFGAG	2e-05
CASSQPGQENTEVFFGKG	2e-05
CASSQPGQGAADYTFGSG	2e-05
CASSQPGQGSMYFGSG	2e-05
CASSQPGQGYTGQLYFGEG	2e-05
CASSQPGQISGNTLYFGEG	2e-05
CASSQPGQQNTLYFGAG	2e-05
CASSQPGRERLFFGHG	2e-05
CASSQPGSNSDYTFGSG	2e-05
CASSQPGTGDAEQFFGPG	2e-05
CASSQPGTGGSNSDYTFGSG	2e-05
CASSQPGTGNTLYFGEG	2e-05
CASSQPGTGQLYFGEG	2e-05
CASSQPGTGYAETLYFGSG	2e-05
CASSQPGTNTGQLYFGEG	2e-05
CASSQPHRPNERLFFGHG	2e-05
CASSQPKSYAVFFGKG	2e-05
CASSQPLDNQDTQYFGPG	2e-05
CASSQPNNERLFFGHG	2e-05
CASSQPNTGQLYFGEG	2e-05
CASSQPPETLYFGSG	2e-05
CASSQPPNTEVFFGKG	2e-05
CASSQPPPDYTFGSG	4e-05
CASSQPPQDTQYFGPG	2e-05
CASSQPSLGGSSQNTLYFGAG	2e-05
CASSQPSLNCSFVCNERLFFGHG	2e-05
CASSQPTGGGETLYFGSG	2e-05
CASSQPTGINTEVFFGKG	2e-05
CASSQPTGQDTQYFGPG	2e-05
CASSQPWTEVFFGKG	2e-05
CASSQQAQNTLYFGAG	2e-05
CASSQQAYAEQFFGPG	2e-05
CASSQQENTEVFFGKG	2e-05
CASSQQEVFFGKG	4e-05
CASSQQGADAEQFFGPG	2e-05
CASSQQGADTEVFFGKG	2e-05
CASSQQGAEQYFGPG	2e-05
CASSQQGAETLYFGSG	2e-05
CASSQQGAGAETLYFGSG	2e-05
CASSQQGAGNTLYFGEG	2e-05
CASSQQGAGPTQYFGPG	4e-05
CASSQQGAGQDTQYFGPG	2e-05
CASSQQGAGTGQLYFGEG	2e-05
CASSQQGARGNTLYFGEG	2e-05
CASSQQGARNTEVFFGKG	2e-05
CASSQQGARQNTLYFGAG	4e-05
CASSQQGASGNTLYFGEG	2e-05
CASSQQGASYEQYFGPG	2e-05
CASSQQGAYAEQFFGPG	2e-05
CASSQQGDEQYFGPG	2e-05
CASSQQGDGNTLYFGEG	2e-05
CASSQQGDNQDTQYFGPG	2e-05
CASSQQGDTLYFGAG	2e-05
CASSQQGETLYFGSG	2e-05
CASSQQGGQNTLYFGAG	2e-05
CASSQQGGSDYTFGSG	2e-05
CASSQQGGYQYFGPG	2e-05
CASSQQGHSYEQYFGPG	2e-05
CASSQQGIEQYFGPG	2e-05
CASSQQGISNERLFFGHG	2e-05
CASSQQGLYAEQFFGPG	2e-05
CASSQQGMNTEVFFGKG	2e-05
CASSQQGNNQAPLFGEG	4e-05
CASSQQGNQAPLFGEG	2e-05
CASSQQGNSGNTLYFGEG	2e-05
CASSQQGQNTLYFGAG	2e-05
CASSQQGRATEVFFGKG	2e-05
CASSQQGRDTEVFFGKG	2e-05
CASSQQGRGNQAPLFGEG	2e-05
CASSQQGRQNTLYFGAG	2e-05
CASSQQGSERLFFGHG	2e-05
CASSQQGTNERLFFGHG	2e-05
CASSQQGTPLFGEG	2e-05
CASSQQGWDTQYFGPG	2e-05
CASSQQGWGGAETLYFGSG	6.000000000000001e-05
CASSQQGYNQDTQYFGPG	4e-05
CASSQQHANSDYTFGSG	2e-05
CASSQQIDQDTQYFGPG	2e-05
CASSQQIYAEQFFGPG	2e-05
CASSQQLDEQYFGPG	4e-05
CASSQQLGFSYEQYFGPG	4e-05
CASSQQNAETLYFGSG	4e-05
CASSQQPAVEQYFGPG	2e-05
CASSQQPGTYAEQFFGPG	2e-05
CASSQQPNSDYTFGSG	2e-05
CASSQQPNTEVFFGKG	2e-05
CASSQQPSNSPLYFGEG	2e-05
CASSQQPSYNSPLYFGEG	2e-05
CASSQQQGTEVFFGKG	2e-05
CASSQQRQNTLYFGAG	2e-05
CASSQQRSGNTLYFGEG	2e-05
CASSQQSGNTLYFGEG	2e-05
CASSQQSNSDYTFGSG	2e-05
CASSQQSNTEVFFGKG	2e-05
CASSQQSRNSAETLYFGSG	2e-05
CASSQQTAETLYFGSG	2e-05
CASSQQTENTLYFGAG	2e-05
CASSQQTSAETLYFGSG	4e-05
CASSQQTSSAETLYFGSG	2e-05
CASSQQYLFFGHG	2e-05
CASSQRAIYEQYFGPG	2e-05
CASSQRANSDYTFGSG	2e-05
CASSQRASNERLFFGHG	2e-05
CASSQRATTHYTFGSG	2e-05
CASSQRAWGPAEQFFGPG	2e-05
CASSQRAYSGNTLYFGEG	2e-05
CASSQRDAFHSEQFFGPG	2e-05
CASSQRDDQNTLYFGAG	2e-05
CASSQRDEQYFGPG	2e-05
CASSQRDNANTEVFFGKG	2e-05
CASSQRDRATGQLYFGEG	2e-05
CASSQRDRGGAEQFFGPG	2e-05
CASSQRDRGPDTQYFGPG	2e-05
CASSQRDRGREVFFGKG	4e-05
CASSQRDRGYEQYFGPG	2e-05
CASSQRDRNTEVFFGKG	2e-05
CASSQRDSGNTLYFGEG	2e-05
CASSQRDWCFAEQFFGPG	2e-05
CASSQRDWCSAEQFFGPG	2e-05
CASSQRDWGDTQYFGPG	2e-05
CASSQRDWGGADQDTQYFGPG	2e-05
CASSQRDWGGYAEQFFGPG	2e-05
CASSQREEQYFGPG	2e-05
CASSQRETLYFGSG	2e-05
CASSQRFANTEVFFGKG	4e-05
CASSQRGANTEVFFGKG	2e-05
CASSQRGAQDTQYFGPG	2e-05
CASSQRGDNSPLYFGEG	2e-05
CASSQRGDTEVFFGKG	4e-05
CASSQRGERLFFGHG	2e-05
CASSQRGEVFFGKG	2e-05
CASSQRGGASQNTLYFGAG	2e-05
CASSQRGGDGFFGKG	2e-05
CASSQRGKENTLYFGAG	2e-05
CASSQRGNQAPLFGEG	2e-05
CASSQRGNTEVFFGKG	2e-05
CASSQRGNTLYFGAG	2e-05
CASSQRGQDTQYFGPG	2e-05
CASSQRGQISNERLFFGHG	2e-05
CASSQRGQQDTQYFGPG	2e-05
CASSQRGRDAEQFFGPG	2e-05
CASSQRGREAEQFFGPG	2e-05
CASSQRGRNTLYFGAG	2e-05
CASSQRGRQNTLYFGAG	2e-05
CASSQRGVQDTQYFGPG	2e-05
CASSQRGVSAETLYFGSG	2e-05
CASSQRHQDTQYFGPG	2e-05
CASSQRLGDLLYFGAG	2e-05
CASSQRLGETLYFGSG	2e-05
CASSQRLGPYEQYFGPG	4e-05
CASSQRLGQDTQYFGPG	2e-05
CASSQRLRDPLYFGAG	2e-05
CASSQRLSNYAEQFFGPG	2e-05
CASSQRLSSQNTLYFGAG	2e-05
CASSQRNQDTQYFGPG	2e-05
CASSQRNSGNTLYFGEG	2e-05
CASSQRNWCYAEQFFGPG	2e-05
CASSQRPGGAQNTLYFGAG	2e-05
CASSQRPNRGYAEQFFGPG	2e-05
CASSQRPNSDYTFGSG	2e-05
CASSQRPSNERLFFGHG	2e-05
CASSQRQGAHERLFFGHG	4e-05
CASSQRQGAYEQYFGPG	2e-05
CASSQRQGFAEQFFGPG	2e-05
CASSQRQGGANTEVFFGKG	2e-05
CASSQRQGGNERLFFGHG	2e-05
CASSQRQGGYAEQFFGPG	2e-05
CASSQRQGPNERLFFGHG	2e-05
CASSQRQHSGNTLYFGEG	2e-05
CASSQRQNSDYTFGSG	2e-05
CASSQRQSYEQYFGPG	2e-05
CASSQRQTERLFFGHG	2e-05
CASSQRQYFGPG	2e-05
CASSQRRATHERLFFGHG	2e-05
CASSQRRAYNNQAPLFGEG	2e-05
CASSQRRGANSDYTFGSG	2e-05
CASSQRRRGNQAPLFGEG	2e-05
CASSQRSAETLYFGSG	2e-05
CASSQRSGGFQDTQYFGPG	2e-05
CASSQRTGANSDYTFGSG	2e-05
CASSQRTGDYAEQFFGPG	2e-05
CASSQRTGGPSAETLYFGSG	2e-05
CASSQRTGGRGSNTLYFGAG	2e-05
CASSQRTGNYAEQFFGPG	4e-05
CASSQRTGRTLYFGSG	2e-05
CASSQRTNSDYTFGSG	2e-05
CASSQRTVSNERLFFGHG	2e-05
CASSQRVNQDTQYFGPG	2e-05
CASSQRYNNQAPLFGEG	2e-05
CASSQSDSPLYFGEG	2e-05
CASSQSDWGNYAEQFFGPG	4e-05
CASSQSERLFFGHG	2e-05
CASSQSGAPDTQYFGPG	4e-05
CASSQSGDNQDTQYFGPG	2e-05
CASSQSGGAGNTLYFGEG	2e-05
CASSQSGGAGVFFGKG	2e-05
CASSQSGGATEVFFGKG	2e-05
CASSQSGGQNTLYFGAG	2e-05
CASSQSGGRRAEQFFGPG	2e-05
CASSQSGLTEVFFGKG	2e-05
CASSQSGQGRDERLFFGHG	2e-05
CASSQSGTANSDYTFGSG	2e-05
CASSQSGTGDTEVFFGKG	2e-05
CASSQSGTGEDTQYFGPG	2e-05
CASSQSGTGGAETLYFGSG	2e-05
CASSQSGTGGQDTQYFGPG	2e-05
CASSQSGTGLYEQYFGPG	2e-05
CASSQSGTNTEVFFGKG	2e-05
CASSQSGVSGNTLYFGEG	2e-05
CASSQSGYNSPLYFGEG	2e-05
CASSQSKEVFFGKG	2e-05
CASSQSLDNQDTQYFGPG	2e-05
CASSQSLDTQDTQYFGPG	2e-05
CASSQSLGGPYEQYFGPG	2e-05
CASSQSLHNQDTQYFGPG	2e-05
CASSQSLRTQDTQYFGPG	2e-05
CASSQSLVSAETLYFGSG	2e-05
CASSQSNINETQYFGPG	2e-05
CASSQSPTNTEVFFGKG	2e-05
CASSQSPYAEQFFGPG	2e-05
CASSQSQLGGETLYFGSG	2e-05
CASSQSQQGANTEVFFGKG	2e-05
CASSQSQYNSPLYFGEG	2e-05
CASSQSRDRGETLYFGSG	2e-05
CASSQSRDRGQGSDYTFGSG	2e-05
CASSQSRDRNSDYTFGSG	2e-05
CASSQSRDWGRTETLYFGSG	2e-05
CASSQSREVFFGKG	2e-05
CASSQSRGRHAEQFFGPG	2e-05
CASSQSRTGMAEQFFGPG	2e-05
CASSQSSANTLYFGAG	2e-05
CASSQSSYNSPLYFGEG	2e-05
CASSQSTANTEVFFGKG	2e-05
CASSQSTGGAREQYFGPG	2e-05
CASSQTDAEQFFGPG	2e-05
CASSQTDNQDTQYFGPG	2e-05
CASSQTDNSPLYFGEG	4e-05
CASSQTDNYAEQFFGPG	2e-05
CASSQTDRNYAEQFFGPG	2e-05
CASSQTDSQNTLYFGAG	2e-05
CASSQTDTQYFGPG	4e-05
CASSQTENTEVFFGKG	2e-05
CASSQTENYAEQFFGPG	2e-05
CASSQTGAAETLYFGSG	2e-05
CASSQTGAEVFFGKG	4e-05
CASSQTGAFYAEQFFGPG	2e-05
CASSQTGAGTEVFFGKG	2e-05
CASSQTGARAETLYFGSG	2e-05
CASSQTGASAETLYFGSG	4e-05
CASSQTGASGETLYFGSG	2e-05
CASSQTGDAETLYFGSG	2e-05
CASSQTGDNSDYTFGSG	2e-05
CASSQTGEAGNTLYFGEG	2e-05
CASSQTGEEAEVFFGKG	2e-05
CASSQTGEEDTQYFGPG	2e-05
CASSQTGEQFFGPG	2e-05
CASSQTGESNTEVFFGKG	2e-05
CASSQTGFEQYFGPG	2e-05
CASSQTGGAAETLYFGSG	2e-05
CASSQTGGAEQYFGPG	4e-05
CASSQTGGAGEQYFGPG	2e-05
CASSQTGGAGTGQLYFGEG	2e-05
CASSQTGGAHTQYFGPG	2e-05
CASSQTGGARAETLYFGSG	2e-05
CASSQTGGARSAETLYFGSG	2e-05
CASSQTGGASQNTLYFGAG	2e-05
CASSQTGGAYEQYFGPG	2e-05
CASSQTGGDTEVFFGKG	2e-05
CASSQTGGEDTQYFGPG	2e-05
CASSQTGGGNTLYFGAG	2e-05
CASSQTGGGSQNTLYFGAG	2e-05
CASSQTGGHYAEQFFGPG	2e-05
CASSQTGGLYFGAG	2e-05
CASSQTGGNSGNTLYFGEG	2e-05
CASSQTGGPHEQYFGPG	2e-05
CASSQTGGRSYEQYFGPG	2e-05
CASSQTGGRYAEQFFGPG	2e-05
CASSQTGGSERLFFGHG	2e-05
CASSQTGGSNTGQLYFGEG	2e-05
CASSQTGGSPLYFGEG	2e-05
CASSQTGGSQDTQYFGPG	2e-05
CASSQTGGSTLYFGAG	2e-05
CASSQTGGWAEQFFGPG	2e-05
CASSQTGIGNTLYFGEG	2e-05
CASSQTGINTGQLYFGEG	2e-05
CASSQTGIYEQYFGPG	2e-05
CASSQTGLSGNTLYFGEG	2e-05
CASSQTGMEQYFGPG	2e-05
CASSQTGNAEQFFGPG	2e-05
CASSQTGNQAPLFGEG	2e-05
CASSQTGNQDTQYFGPG	2e-05
CASSQTGNSDYTFGSG	2e-05
CASSQTGNTLYFGEG	2e-05
CASSQTGNYAEQFFGPG	2e-05
CASSQTGPEVFFGKG	2e-05
CASSQTGPRAETLYFGSG	2e-05
CASSQTGPYAEQFFGPG	2e-05
CASSQTGPYLSPLYFGEG	4e-05
CASSQTGQDTQYFGPG	4e-05
CASSQTGQGHERLFFGHG	2e-05
CASSQTGQNTLYFGAG	2e-05
CASSQTGQNYAEQFFGPG	2e-05
CASSQTGQSEVFFGKG	4e-05
CASSQTGRANSDYTFGSG	2e-05
CASSQTGRNSDYTFGSG	2e-05
CASSQTGRVSNERLFFGHG	2e-05
CASSQTGSGYAEQFFGPG	2e-05
CASSQTGSKVFFGKG	2e-05
CASSQTGSNTGQLYFGEG	2e-05
CASSQTGSVAETLYFGSG	2e-05
CASSQTGTDTQYFGPG	2e-05
CASSQTGTGAYEQYFGPG	2e-05
CASSQTGTGGARDTLYFGAG	2e-05
CASSQTGTGNQDTQYFGPG	2e-05
CASSQTGTGPYEQYFGPG	2e-05
CASSQTGTGQLYFGEG	2e-05
CASSQTGTGSGNTLYFGEG	2e-05
CASSQTGTKNTEVFFGKG	2e-05
CASSQTGTNQDTQYFGPG	2e-05
CASSQTGTNTEVFFGKG	2e-05
CASSQTGTSEVFFGKG	2e-05
CASSQTGTTLYFGAG	2e-05
CASSQTGVDGNQAPLFGEG	2e-05
CASSQTGVGNTLYFGEG	2e-05
CASSQTGVGTGQLYFGEG	2e-05
CASSQTGVHSDYTFGSG	4e-05
CASSQTGVSDYTFGSG	2e-05
CASSQTGVSYEQYFGPG	2e-05
CASSQTGVVFFGKG	2e-05
CASSQTGVYAEQFFGPG	2e-05
CASSQTGWGNTLYFGEG	2e-05
CASSQTGYNNQAPLFGEG	2e-05
CASSQTGYNQAPLFGEG	2e-05
CASSQTGYTEVFFGKG	2e-05
CASSQTGYTGQLYFGEG	2e-05
CASSQTNANSDYTFGSG	2e-05
CASSQTNANTEVFFGKG	2e-05
CASSQTNLQDTQYFGPG	2e-05
CASSQTNNYAEQFFGPG	2e-05
CASSQTNSGNTLYFGEG	2e-05
CASSQTNSQNTLYFGAG	2e-05
CASSQTPGGQNTLYFGAG	2e-05
CASSQTPGKDTQYFGPG	8e-05
CASSQTPGQGNTEVFFGKG	2e-05
CASSQTPKNTLYFGAG	2e-05
CASSQTPYAEQFFGPG	2e-05
CASSQTQDTQYFGPG	2e-05
CASSQTQFYEQYFGPG	2e-05
CASSQTQGAPGQLYFGEG	2e-05
CASSQTQTNERLFFGHG	4e-05
CASSQTRHSYEQYFGPG	2e-05
CASSQTSNSDYTFGSG	2e-05
CASSQTSSARAETLYFGSG	2e-05
CASSQTSYNSPLYFGEG	2e-05
CASSQTSYSSYEQYFGPG	2e-05
CASSQTTEVFFGKG	2e-05
CASSQTTGGSSQNTLYFGAG	2e-05
CASSQTTQDTQYFGPG	2e-05
CASSQTTQGSNTEVFFGKG	2e-05
CASSQTTSNERLFFGHG	2e-05
CASSQTVGEQYFGPG	2e-05
CASSQTVSNERLFFGHG	2e-05
CASSQVAGGGETLYFGSG	2e-05
CASSQVAGGRETLYFGSG	2e-05
CASSQVAGGTLEQYFGPG	2e-05
CASSQVAGGVNQDTQYFGPG	2e-05
CASSQVAGRGGSIFGPG	2e-05
CASSQVAGSNTGQLYFGEG	2e-05
CASSQVAGTGNTLYFGEG	2e-05
CASSQVALNSDYTFGSG	2e-05
CASSQVANTEVFFGKG	2e-05
CASSQVASTEVFFGKG	2e-05
CASSQVATNTEVFFGKG	2e-05
CASSQVDGGVYAEQFFGPG	2e-05
CASSQVDWEDTQYFGPG	2e-05
CASSQVDWGYEQYFGPG	2e-05
CASSQVEGYNSPLYFGEG	2e-05
CASSQVEQYFGPG	2e-05
CASSQVFGEG	2e-05
CASSQVFGGGQNTLYFGAG	4e-05
CASSQVFGKG	2e-05
CASSQVFYAEQFFGPG	2e-05
CASSQVGADTEVFFGKG	2e-05
CASSQVGADTQYFGPG	2e-05
CASSQVGAEQFFGPG	2e-05
CASSQVGAETLYFGSG	2e-05
CASSQVGANTEVFFGKG	2e-05
CASSQVGANTGQLYFGEG	2e-05
CASSQVGETLYFGSG	4e-05
CASSQVGFYAEQFFGPG	4e-05
CASSQVGGAETLYFGSG	2e-05
CASSQVGGETLYFGSG	2e-05
CASSQVGGPETLYFGSG	2e-05
CASSQVGGPQDTQYFGPG	2e-05
CASSQVGISAETLYFGSG	2e-05
CASSQVGMLGGLYEQYFGPG	2e-05
CASSQVGPNQAPLFGEG	2e-05
CASSQVGQASAETLYFGSG	2e-05
CASSQVGQGAGEVFFGKG	2e-05
CASSQVGQGNYAEQFFGPG	2e-05
CASSQVGQSSAETLYFGSG	2e-05
CASSQVGSFDYTFGSG	2e-05
CASSQVGSLSNERLFFGHG	2e-05
CASSQVGSQNTLYFGAG	2e-05
CASSQVGTANERLFFGHG	2e-05
CASSQVGTGGEVFFGKG	2e-05
CASSQVGTISNERLFFGHG	2e-05
CASSQVGTSDYTFGSG	2e-05
CASSQVGVYEQYFGPG	2e-05
CASSQVGWGVYAEQFFGPG	2e-05
CASSQVGYGNTLYFGEG	2e-05
CASSQVIGGSQNTLYFGAG	4e-05
CASSQVISQNTLYFGAG	2e-05
CASSQVKGTNTGQLYFGEG	2e-05
CASSQVLGGPSDTLYFGAG	2e-05
CASSQVLGSAETLYFGSG	2e-05
CASSQVLSNTLYFGAG	2e-05
CASSQVPGGAGNTLYFGEG	2e-05
CASSQVPGLGQDTQYFGPG	2e-05
CASSQVPNSDYTFGSG	2e-05
CASSQVPQYYAEQFFGPG	2e-05
CASSQVQDTQYFGPG	2e-05
CASSQVQGSAETLYFGSG	2e-05
CASSQVRDEQYFGPG	2e-05
CASSQVRGRNTGQLYFGEG	2e-05
CASSQVRPCNMLYFGEG	2e-05
CASSQVRQDTQYFGPG	2e-05
CASSQVRYYEQYFGPG	2e-05
CASSQVSAETLYFGSG	2e-05
CASSQVSANTEVFFGKG	2e-05
CASSQVSGETEVFFGKG	2e-05
CASSQVSGIVDTLYFGAG	6.000000000000001e-05
CASSQVSPLYFGEG	2e-05
CASSQVTENTEVFFGKG	2e-05
CASSQVTGGEGNQAPLFGEG	2e-05
CASSQVTGGPDYTFGSG	2e-05
CASSQVVCRPLLFGEG	2e-05
CASSQVVLQNTLYFGAG	2e-05
CASSQVWGDYEQYFGPG	2e-05
CASSQVWGGAGTQYFGPG	2e-05
CASSQVWGNYAEQFFGPG	4e-05
CASSQWDRGYAEQFFGPG	2e-05
CASSQWDWGHYAEQFFGPG	2e-05
CASSQWGAGEQYFGPG	4e-05
CASSQWGEGDTQYFGPG	2e-05
CASSQWGGEGEQFFGPG	2e-05
CASSQWGGGYAEQFFGPG	4e-05
CASSQWGVQNTLYFGAG	2e-05
CASSQWLGGTLYFGAG	2e-05
CASSQWTEVFFGKG	2e-05
CASSQWTGGFSQNTLYFGAG	2e-05
CASSQWTGGYEQYFGPG	4e-05
CASSQWTGPNERLFFGHG	2e-05
CASSQYDTLYFGAG	4e-05
CASSQYNYAEQFFGPG	2e-05
CASSQYRGGSDYTFGSG	2e-05
CASSQYRGQNTLYFGAG	2e-05
CASSQYRIANTGQLYFGEG	2e-05
CASSQYRNSDYTFGSG	2e-05
CASSQYRVNQDTQYFGPG	2e-05
CASSQYTANTEVFFGKG	2e-05
CASSQYTSSQNTLYFGAG	2e-05
CASSQYWNQNTLYFGAG	2e-05
CASSRADRGSYEQYFGPG	2e-05
CASSRADSPLYFGEG	2e-05
CASSRADSSYEQYFGPG	2e-05
CASSRADTGQLYFGEG	2e-05
CASSRADTYEQYFGPG	2e-05
CASSRAEPMFFGKG	2e-05
CASSRAERLFFGHG	2e-05
CASSRAFNYAEQFFGPG	2e-05
CASSRAGAEVFFGKG	2e-05
CASSRAGAGNTLYFGEG	2e-05
CASSRAGAQANERLFFGHG	2e-05
CASSRAGAYEQYFGPG	2e-05
CASSRAGDRSGNTLYFGEG	2e-05
CASSRAGGETLYFGSG	2e-05
CASSRAGGGQNTLYFGAG	2e-05
CASSRAGGNQDTQYFGPG	2e-05
CASSRAGGQYFGPG	2e-05
CASSRAGKNTLYFGAG	2e-05
CASSRAGLGQTLYFGSG	2e-05
CASSRAGLGVYEQYFGPG	2e-05
CASSRAGNTLYFGAG	2e-05
CASSRAGQANTEVFFGKG	2e-05
CASSRAGQGYEQYFGPG	2e-05
CASSRAGQSYNSPLYFGEG	2e-05
CASSRAGRTGIFSFGSG	2e-05
CASSRAGSDTQYFGPG	2e-05
CASSRAGSDYTFGSG	2e-05
CASSRAGTAETLYFGSG	2e-05
CASSRAGTGGETLYFGSG	2e-05
CASSRAGVDTQYFGPG	2e-05
CASSRAGYYAEQFFGPG	2e-05
CASSRAIQDTQYFGPG	4e-05
CASSRAIYEQYFGPG	2e-05
CASSRALSGNTLYFGEG	2e-05
CASSRALTNTGQLYFGEG	2e-05
CASSRANQAPLFGEG	2e-05
CASSRANSDYTFGSG	2e-05
CASSRAPNYAEQFFGPG	2e-05
CASSRAREAHERLFFGHG	2e-05
CASSRARENTEVFFGKG	2e-05
CASSRARGGAETLYFGSG	2e-05
CASSRARGQAPLFGEG	2e-05
CASSRARGRTGQLYFGEG	2e-05
CASSRARQDPQYFGPG	2e-05
CASSRARSDYTFGSG	2e-05
CASSRASTQYFGPG	2e-05
CASSRATGDQDTQYFGPG	2e-05
CASSRATGTAETLYFGSG	2e-05
CASSRAWDAEQFFGPG	2e-05
CASSRAWGSAETLYFGSG	2e-05
CASSRAWPQNTLYFGAG	2e-05
CASSRAYAEQFFGPG	2e-05
CASSRDAAAKNGPLYFGEG	2e-05
CASSRDADTYEQYFGPG	2e-05
CASSRDAGWEQYFGPG	2e-05
CASSRDANQAPLFGEG	2e-05
CASSRDARNTEVFFGKG	2e-05
CASSRDAWGASPLYFGAG	2e-05
CASSRDAWGGDEQYFGPG	2e-05
CASSRDCRPNTGQLYFGEG	2e-05
CASSRDCTGQLYFGEG	2e-05
CASSRDDSDYTFGSG	2e-05
CASSRDDWGYEQYFGPG	2e-05
CASSRDEDTQYFGPG	2e-05
CASSRDEGLDYEQYFGPG	2e-05
CASSRDERLFFGHG	2e-05
CASSRDETASQNTLYFGAG	2e-05
CASSRDETLYFGSG	4e-05
CASSRDFNTLYFGAG	2e-05
CASSRDFQNTLYFGAG	2e-05
CASSRDFRGLETLYFGSG	2e-05
CASSRDFSAEQFFGPG	2e-05
CASSRDFSQNTLYFGAG	2e-05
CASSRDFWNQDTQYFGPG	2e-05
CASSRDFYQAPLFGEG	2e-05
CASSRDGGGHAEQFFGPG	2e-05
CASSRDGGGTSQNTLYFGAG	2e-05
CASSRDGGHTEVFFGKG	2e-05
CASSRDGGPGAFFGKG	2e-05
CASSRDGGRKDTQYFGPG	2e-05
CASSRDGGTGQLYFGEG	2e-05
CASSRDGGYAEQFFGPG	4e-05
CASSRDGHSEQYFGPG	2e-05
CASSRDGLYAEQFFGPG	2e-05
CASSRDGNAEQFFGPG	2e-05
CASSRDGNSAETLYFGSG	2e-05
CASSRDGNSPLYFGEG	2e-05
CASSRDGNTGQLYFGEG	2e-05
CASSRDGQAPLFGEG	2e-05
CASSRDGRANSDYTFGSG	2e-05
CASSRDGRRAETLYFGSG	2e-05
CASSRDGTGDDTQYFGPG	2e-05
CASSRDHGYEQYFGPG	2e-05
CASSRDHNQAPLFGEG	2e-05
CASSRDHNTEVFFGKG	2e-05
CASSRDHQDTQYFGPG	2e-05
CASSRDHTEVFFGKG	2e-05
CASSRDIANSDYTFGSG	2e-05
CASSRDIGNTLYFGEG	2e-05
CASSRDIHTEVFFGKG	2e-05
CASSRDIKNTGQLYFGEG	2e-05
CASSRDIKYEQYFGPG	2e-05
CASSRDINSPLYFGEG	2e-05
CASSRDIQDTQYFGPG	2e-05
CASSRDISQAPLFGEG	2e-05
CASSRDITNSDYTFGSG	2e-05
CASSRDIYNSPLYFGEG	2e-05
CASSRDKCQHTLVFGKG	2e-05
CASSRDKHERLFFGHG	2e-05
CASSRDKKDTQYFGPG	2e-05
CASSRDKNNYAEQFFGPG	4e-05
CASSRDKNPSNERLFFGHG	2e-05
CASSRDKPYEQYFGPG	2e-05
CASSRDKQDTQYFGPG	2e-05
CASSRDKSNTEVFFGKG	2e-05
CASSRDKTNERLFFGHG	2e-05
CASSRDLANSDYTFGSG	2e-05
CASSRDLGGQNTLYFGAG	2e-05
CASSRDLGGSAETLYFGSG	2e-05
CASSRDLGGSQNTLYFGAG	2e-05
CASSRDLGRYEQYFGPG	2e-05
CASSRDLGSAETLYFGSG	2e-05
CASSRDLGVDTQYFGPG	2e-05
CASSRDLGVTEVFFGKG	2e-05
CASSRDLLGEQYFGPG	2e-05
CASSRDLMGVQNTLYFGAG	2e-05
CASSRDLQDTQYFGPG	2e-05
CASSRDLRSQNTLYFGAG	2e-05
CASSRDLSAETLYFGSG	2e-05
CASSRDLYAEQFFGPG	2e-05
CASSRDLYFGAG	2e-05
CASSRDMANERLFFGHG	2e-05
CASSRDMDTEVFFGKG	2e-05
CASSRDMGKNQNTLYFGAG	2e-05
CASSRDNDYTFGSG	2e-05
CASSRDNEQYFGPG	2e-05
CASSRDNGGEDTQYFGPG	4e-05
CASSRDNGNTLYFGEG	4e-05
CASSRDNNNQAPLFGEG	2e-05
CASSRDNNQNTLYFGAG	2e-05
CASSRDNNTEVFFGKG	2e-05
CASSRDNRGRSPLYFGEG	2e-05
CASSRDNRNTGQLYFGEG	2e-05
CASSRDNSDYTFGSG	2e-05
CASSRDNSETLYFGSG	2e-05
CASSRDNSNTEVFFGKG	2e-05
CASSRDNTNSDYTFGSG	4e-05
CASSRDNWGDYAEQFFGPG	2e-05
CASSRDPDNYAEQFFGPG	2e-05
CASSRDPGAEDTQYFGPG	2e-05
CASSRDPGGDEQYFGPG	2e-05
CASSRDPGNSDYTFGSG	2e-05
CASSRDPGQGAYNYAEQFFGPG	2e-05
CASSRDPGQTNTEVFFGKG	2e-05
CASSRDPGVGAETLYFGSG	2e-05
CASSRDPLGYEQYFGPG	2e-05
CASSRDPLLGSAETLYFGSG	2e-05
CASSRDPNYAEQFFGPG	2e-05
CASSRDPPRGDTQYFGPG	2e-05
CASSRDPQEQYFGPG	4e-05
CASSRDPQNTLYFGAG	2e-05
CASSRDPSGSEQYFGPG	2e-05
CASSRDPSNERLFFGHG	2e-05
CASSRDPTGGDEQYFGPG	2e-05
CASSRDPWGENTLYFGAG	2e-05
CASSRDQGADSDYTFGSG	2e-05
CASSRDQTGGYAEQFFGPG	2e-05
CASSRDRAEAEQFFGPG	4e-05
CASSRDRAGERLFFGHG	2e-05
CASSRDRANQAPLFGEG	2e-05
CASSRDRAPSAETLYFGSG	2e-05
CASSRDRATEVFFGKG	2e-05
CASSRDRAYEQYFGPG	2e-05
CASSRDRCYHSPLYFGEG	4e-05
CASSRDRDAETLYFGSG	4e-05
CASSRDRDEQYFGPG	2e-05
CASSRDRDNAEQFFGPG	2e-05
CASSRDRDNNQAPLFGEG	4e-05
CASSRDRDNQAPLFGEG	2e-05
CASSRDRDPEVFFGKG	2e-05
CASSRDRDRDTQYFGPG	2e-05
CASSRDRDTEVFFGKG	2e-05
CASSRDRDTLYFGAG	2e-05
CASSRDRDWGPCQNTLYFGAG	2e-05
CASSRDREASDYTFGSG	2e-05
CASSRDREDEQYFGPG	2e-05
CASSRDREDSDYTFGSG	2e-05
CASSRDREGEQFFGPG	2e-05
CASSRDRELEVFFGKG	2e-05
CASSRDRENERLFFGHG	2e-05
CASSRDRENSDYTFGSG	2e-05
CASSRDRENTLYFGAG	2e-05
CASSRDRENTQYFGPG	2e-05
CASSRDRESTEVFFGKG	2e-05
CASSRDRGAEVFFGKG	2e-05
CASSRDRGANERLFFGHG	2e-05
CASSRDRGDERLFFGHG	2e-05
CASSRDRGDNYAEQFFGPG	2e-05
CASSRDRGDQAPLFGEG	2e-05
CASSRDRGDSPLYFGEG	2e-05
CASSRDRGDTLYFGAG	2e-05
CASSRDRGEQYFGPG	2e-05
CASSRDRGGGTEVFFGKG	2e-05
CASSRDRGGPEVFFGKG	2e-05
CASSRDRGGSPYEQYFGPG	2e-05
CASSRDRGGSSYEQYFGPG	2e-05
CASSRDRGGSYEQYFGPG	2e-05
CASSRDRGGTLYFGSG	2e-05
CASSRDRGGYTEVFFGKG	2e-05
CASSRDRGIQNTLYFGAG	2e-05
CASSRDRGKANTEVFFGKG	2e-05
CASSRDRGKAPLFGEG	2e-05
CASSRDRGPEVFFGKG	2e-05
CASSRDRGPTEVFFGKG	2e-05
CASSRDRGQAPLFGEG	2e-05
CASSRDRGQVFFGKG	2e-05
CASSRDRGRAPLFGEG	2e-05
CASSRDRGRQNTLYFGAG	2e-05
CASSRDRGRTEVFFGKG	2e-05
CASSRDRGRYEQYFGPG	2e-05
CASSRDRGSNERLFFGHG	2e-05
CASSRDRGSNTEVFFGKG	2e-05
CASSRDRGYNYAEQFFGPG	2e-05
CASSRDRGYTEVFFGKG	2e-05
CASSRDRGYTLYFGAG	2e-05
CASSRDRHAEQFFGPG	2e-05
CASSRDRHTEVFFGKG	2e-05
CASSRDRKEVFFGKG	2e-05
CASSRDRLGGFEQYFGPG	2e-05
CASSRDRLGGHNTLYFGAG	2e-05
CASSRDRLGGPNTLYFGAG	2e-05
CASSRDRNNQAPLFGEG	2e-05
CASSRDRNSNERLFFGHG	2e-05
CASSRDRNSYEQYFGPG	2e-05
CASSRDRNYAEQFFGPG	2e-05
CASSRDRPRQNTLYFGAG	2e-05
CASSRDRPSGNTLYFGEG	2e-05
CASSRDRPSRDTQYFGPG	2e-05
CASSRDRQGAGGTDFGPG	2e-05
CASSRDRQGANTGQLYFGEG	2e-05
CASSRDRRAGTLYFGSG	2e-05
CASSRDRRATEVFFGKG	2e-05
CASSRDRRDTEVFFGKG	2e-05
CASSRDRRGTEVFFGKG	2e-05
CASSRDRRLFFGHG	2e-05
CASSRDRSEQYFGPG	2e-05
CASSRDRSNSDYTFGSG	2e-05
CASSRDRSQAPLFGEG	2e-05
CASSRDRSSAETLYFGSG	2e-05
CASSRDRTGNTGQLYFGEG	2e-05
CASSRDRTGNTLYFGEG	2e-05
CASSRDRTGYEQYFGPG	2e-05
CASSRDRTNERLFFGHG	2e-05
CASSRDRVAEQFFGPG	2e-05
CASSRDRVEAPLFGEG	2e-05
CASSRDRVGEQYFGPG	2e-05
CASSRDRVNGQLYFGEG	2e-05
CASSRDRVNQDTQYFGPG	2e-05
CASSRDRVNYAEQFFGPG	2e-05
CASSRDRVVTEVFFGKG	2e-05
CASSRDRYNNQAPLFGEG	2e-05
CASSRDSAEQFFGPG	2e-05
CASSRDSANTGQLYFGEG	2e-05
CASSRDSDERLFFGHG	2e-05
CASSRDSEDTQYFGPG	2e-05
CASSRDSGGASAETLYFGSG	2e-05
CASSRDSGYYAEQFFGPG	2e-05
CASSRDSHTLYFGAG	2e-05
CASSRDSKDTQYFGPG	2e-05
CASSRDSLGVYEQYFGPG	2e-05
CASSRDSLNERLFFGHG	2e-05
CASSRDSNSAETLYFGSG	2e-05
CASSRDSPGQNTLYFGAG	2e-05
CASSRDSRAETLYFGSG	2e-05
CASSRDSRGERLFFGHG	2e-05
CASSRDSSYISPLYFGEG	2e-05
CASSRDSTGQLYFGEG	2e-05
CASSRDSTRAPLFGEG	2e-05
CASSRDSVGQNTLYFGAG	2e-05
CASSRDSVNQDTQYFGPG	2e-05
CASSRDSWGGYEQYFGPG	2e-05
CASSRDSYNSPLYFGEG	4e-05
CASSRDTAETLYFGSG	2e-05
CASSRDTANSDYTFGSG	2e-05
CASSRDTFHWGANTGQLYFGEG	2e-05
CASSRDTKDTQYFGPG	2e-05
CASSRDTKSPLYFGEG	2e-05
CASSRDTNTEVFFGKG	2e-05
CASSRDTNYAEQFFGPG	2e-05
CASSRDTRQNTLYFGAG	2e-05
CASSRDTTEVFFGKG	2e-05
CASSRDTTNERLFFGHG	2e-05
CASSRDTYQDTQYFGPG	4e-05
CASSRDVEGGAETLYFGSG	2e-05
CASSRDVQNTLYFGAG	2e-05
CASSRDVSSYEQYFGPG	2e-05
CASSRDWAAETLYFGSG	2e-05
CASSRDWAEQFFGPG	2e-05
CASSRDWAGQDTQYFGPG	2e-05
CASSRDWAQNTLYFGAG	6.000000000000001e-05
CASSRDWASAETLYFGSG	2e-05
CASSRDWASSYEQYFGPG	2e-05
CASSRDWAYAEQFFGPG	2e-05
CASSRDWDQNTLYFGAG	2e-05
CASSRDWDSYEQYFGPG	2e-05
CASSRDWEGDTQYFGPG	2e-05
CASSRDWEGQDTQYFGPG	2e-05
CASSRDWEQDTQYFGPG	2e-05
CASSRDWESAETLYFGSG	2e-05
CASSRDWESQNTLYFGAG	2e-05
CASSRDWETQNTLYFGAG	2e-05
CASSRDWEYEQYFGPG	2e-05
CASSRDWGAHYAEQFFGPG	2e-05
CASSRDWGAYAEQFFGPG	2e-05
CASSRDWGDAETLYFGSG	4e-05
CASSRDWGDDAEQFFGPG	2e-05
CASSRDWGDDTQYFGPG	2e-05
CASSRDWGDQNTLYFGAG	2e-05
CASSRDWGEQNTLYFGAG	2e-05
CASSRDWGFNQDTQYFGPG	2e-05
CASSRDWGFQDTQYFGPG	2e-05
CASSRDWGGAAEQFFGPG	2e-05
CASSRDWGGAETLYFGSG	2e-05
CASSRDWGGAISTLYFGAG	2e-05
CASSRDWGGANAEQFFGPG	2e-05
CASSRDWGGANYAEQFFGPG	2e-05
CASSRDWGGAPNTLYFGAG	2e-05
CASSRDWGGATLYFGSG	2e-05
CASSRDWGGEAEQFFGPG	2e-05
CASSRDWGGEDTQYFGPG	2e-05
CASSRDWGGEGEQFFGPG	2e-05
CASSRDWGGEGQYFGPG	2e-05
CASSRDWGGENTLYFGAG	2e-05
CASSRDWGGGAPQYFGPG	2e-05
CASSRDWGGGYAEQFFGPG	2e-05
CASSRDWGGMEQYFGPG	2e-05
CASSRDWGGNTLYFGAG	2e-05
CASSRDWGGPQNTLYFGAG	4e-05
CASSRDWGGRDTQYFGPG	2e-05
CASSRDWGGSYEQYFGPG	2e-05
CASSRDWGGTGQLYFGEG	2e-05
CASSRDWGIQDTQYFGPG	2e-05
CASSRDWGKDTLYFGAG	4e-05
CASSRDWGKRNTLYFGAG	2e-05
CASSRDWGLDTQYFGPG	2e-05
CASSRDWGLSQNTLYFGAG	2e-05
CASSRDWGLYAEQFFGPG	2e-05
CASSRDWGNAETLYFGSG	2e-05
CASSRDWGNPEQFFGPG	4e-05
CASSRDWGRAETLYFGSG	2e-05
CASSRDWGRTEQFFGPG	2e-05
CASSRDWGSNPWDFGPG	2e-05
CASSRDWGSSAETLYFGSG	2e-05
CASSRDWGSYEQYFGPG	2e-05
CASSRDWGTQYFGPG	2e-05
CASSRDWGVNQDTQYFGPG	4e-05
CASSRDWGYNQDTQYFGPG	2e-05
CASSRDWGYQNTLYFGAG	2e-05
CASSRDWKYAEQFFGPG	2e-05
CASSRDWLRAEQFFGPG	2e-05
CASSRDWNTGQLYFGEG	2e-05
CASSRDWRCEQYFGPG	2e-05
CASSRDWSYAEQFFGPG	2e-05
CASSRDWVGGGWVFFGEG	2e-05
CASSRDWVSAETLYFGSG	2e-05
CASSRDWVSYEQYFGPG	2e-05
CASSRDWYAEQFFGPG	2e-05
CASSRDYETGQLYFGEG	2e-05
CASSRDYGNTLYFGAG	2e-05
CASSRDYISPLYFGEG	2e-05
CASSRDYRAETLYFGSG	2e-05
CASSRDYTEVFFGKG	2e-05
CASSREAEQFFGPG	2e-05
CASSREANSDYTFGSG	2e-05
CASSREAYEQYFGPG	2e-05
CASSREDQAPLFGEG	2e-05
CASSREDRGAAETLYFGSG	2e-05
CASSREDTEVFFGKG	2e-05
CASSREDTGQLYFGEG	2e-05
CASSREDTLYFGAG	2e-05
CASSREDWGGDTQYFGPG	2e-05
CASSREEAETLYFGSG	2e-05
CASSREEGNSDYTFGSG	2e-05
CASSREESAETLYFGSG	2e-05
CASSREGASYEQYFGPG	2e-05
CASSREGDTEVFFGKG	2e-05
CASSREGEQYFGPG	2e-05
CASSREGFSGNTLYFGEG	2e-05
CASSREGGDTQYFGPG	2e-05
CASSREGGLGQNTLYFGAG	2e-05
CASSREGGNTGQLYFGEG	2e-05
CASSREGGSRDTQYFGPG	2e-05
CASSREGNERLFFGHG	2e-05
CASSREGQANTEVFFGKG	2e-05
CASSREGQGNTEVFFGKG	2e-05
CASSREGRGTEVFFGKG	2e-05
CASSREGRRDTQYFGPG	2e-05
CASSREGTGPETLYFGSG	2e-05
CASSREGTGQLYFGEG	2e-05
CASSREGTNYAEQFFGPG	2e-05
CASSREGTSAETLYFGSG	2e-05
CASSREHAEQFFGPG	4e-05
CASSREIYNSPLYFGEG	2e-05
CASSRELGGGPSTLYFGAG	2e-05
CASSRELGGGQNTLYFGAG	2e-05
CASSRELGGRDQNTLYFGAG	2e-05
CASSREMDSTQYFGPG	4e-05
CASSREMYSTQYFGPG	2e-05
CASSRENAETLYFGSG	2e-05
CASSRENTGQLYFGEG	4e-05
CASSRENWGAYAEQFFGPG	2e-05
CASSRENWGQDTQYFGPG	2e-05
CASSREPGGNYAEQFFGPG	2e-05
CASSREPWGVNYAEQFFGPG	2e-05
CASSREPYEQYFGPG	2e-05
CASSREQGAERLFFGHG	2e-05
CASSREQGATEVFFGKG	2e-05
CASSREQNTEVFFGKG	2e-05
CASSREQQDTQYFGPG	2e-05
CASSREQTNTGQLYFGEG	2e-05
CASSRERDTTEVFFGKG	2e-05
CASSREREANERLFFGHG	2e-05
CASSRERGNTEVFFGKG	2e-05
CASSRERGNTGQLYFGEG	2e-05
CASSRERNYAEQFFGPG	2e-05
CASSRERQNTLYFGAG	2e-05
CASSRESSGNTLYFGEG	2e-05
CASSRESYAEQFFGPG	2e-05
CASSRETDYTFGSG	2e-05
CASSRETGGARNTLYFGAG	2e-05
CASSRETGGKYAEQFFGPG	2e-05
CASSRETLYFGSG	2e-05
CASSRETTNTEVFFGKG	2e-05
CASSREWDTQYFGPG	2e-05
CASSREYQDTQYFGPG	2e-05
CASSRFFFGKG	2e-05
CASSRFGDSHSGNTLYFGEG	2e-05
CASSRFGGNQDTQYFGPG	2e-05
CASSRFRDSHSGNTLYFGEG	2e-05
CASSRFRLDQDTQYFGPG	2e-05
CASSRFSDYTFGSG	2e-05
CASSRFWGPNQDTQYFGPG	2e-05
CASSRFYNNQAPLFGEG	2e-05
CASSRGAAGNTLYFGAG	2e-05
CASSRGADTEVFFGKG	2e-05
CASSRGADYAEQFFGPG	2e-05
CASSRGAEQFFGPG	2e-05
CASSRGAGAETLYFGSG	2e-05
CASSRGAGTEVFFGKG	2e-05
CASSRGALDTQYFGPG	2e-05
CASSRGANSDYTFGSG	2e-05
CASSRGANTLYFGAG	2e-05
CASSRGAQDTGQLYFGEG	2e-05
CASSRGAREQYFGPG	2e-05
CASSRGASAETLYFGSG	2e-05
CASSRGASYEQYFGPG	2e-05
CASSRGATGQLYFGEG	2e-05
CASSRGAVVAPSFGSG	2e-05
CASSRGDDTQYFGPG	4e-05
CASSRGDERLFFGHG	2e-05
CASSRGDKNTGQLYFGEG	2e-05
CASSRGDKYEQYFGPG	2e-05
CASSRGDLSYEQYFGPG	2e-05
CASSRGDNYEQYFGPG	2e-05
CASSRGDRGADTQYFGPG	2e-05
CASSRGDRVYAEQFFGPG	2e-05
CASSRGDWGNAEQFFGPG	2e-05
CASSRGDWGQEQYFGPG	2e-05
CASSRGEGAETLYFGSG	2e-05
CASSRGEGPHYTFGSG	2e-05
CASSRGEGTGQLYFGEG	2e-05
CASSRGEISGNTLYFGEG	2e-05
CASSRGEQYFGPG	2e-05
CASSRGERDSDYTFGSG	2e-05
CASSRGESTLYFGAG	2e-05
CASSRGFNERLFFGHG	2e-05
CASSRGFQAPLFGEG	2e-05
CASSRGGADTEVFFGKG	2e-05
CASSRGGAGQLYFGEG	2e-05
CASSRGGAHTEVFFGKG	2e-05
CASSRGGALEQYFGPG	2e-05
CASSRGGANTEVFFGKG	2e-05
CASSRGGCDYTFGSG	2e-05
CASSRGGDTEVFFGKG	2e-05
CASSRGGDTLYFGAG	2e-05
CASSRGGEAETLYFGSG	2e-05
CASSRGGEEQDTQYFGPG	2e-05
CASSRGGEKTETLYFGSG	2e-05
CASSRGGERTNERLFFGHG	2e-05
CASSRGGFAETLYFGSG	2e-05
CASSRGGFTEVFFGKG	2e-05
CASSRGGGADTQYFGPG	2e-05
CASSRGGGASAETLYFGSG	2e-05
CASSRGGGASYEQYFGPG	2e-05
CASSRGGGDTGQLYFGEG	2e-05
CASSRGGGGGETLYFGSG	2e-05
CASSRGGGGTQYFGPG	2e-05
CASSRGGGLEQYFGPG	2e-05
CASSRGGGLYEQYFGPG	2e-05
CASSRGGGNEQYFGPG	2e-05
CASSRGGGNTQYFGPG	2e-05
CASSRGGGQNTLYFGAG	4e-05
CASSRGGGREQYFGPG	2e-05
CASSRGGGTLYFGAG	2e-05
CASSRGGGYAEQFFGPG	4e-05
CASSRGGGYEQYFGPG	2e-05
CASSRGGGYYAEQFFGPG	2e-05
CASSRGGINYAEQFFGPG	2e-05
CASSRGGKAMLYFGSG	2e-05
CASSRGGKETLYFGSG	2e-05
CASSRGGLFGHG	2e-05
CASSRGGLSYEQYFGPG	2e-05
CASSRGGNQAPLFGEG	2e-05
CASSRGGNTLYFGAG	2e-05
CASSRGGPETLYFGSG	2e-05
CASSRGGPKTLYFGAG	2e-05
CASSRGGPREQYFGPG	2e-05
CASSRGGQSYAEQFFGPG	2e-05
CASSRGGREFEQYFGPG	2e-05
CASSRGGRGDTQYFGPG	2e-05
CASSRGGRGNTLYFGAG	2e-05
CASSRGGRGTEVFFGKG	2e-05
CASSRGGRNTLYFGAG	2e-05
CASSRGGRRAETLYFGSG	2e-05
CASSRGGSGNTLYFGEG	2e-05
CASSRGGSTEVFFGKG	2e-05
CASSRGGTGREQYFGPG	2e-05
CASSRGGTNERLFFGHG	2e-05
CASSRGGVGAETLYFGSG	2e-05
CASSRGGYEQYFGPG	2e-05
CASSRGHAEQFFGPG	4e-05
CASSRGHPETLYFGSG	2e-05
CASSRGHSDYTFGSG	2e-05
CASSRGHSEVFFGKG	2e-05
CASSRGHSSYEQYFGPG	2e-05
CASSRGIGNTLYFGEG	2e-05
CASSRGINTGQLYFGEG	2e-05
CASSRGIQDTQYFGPG	2e-05
CASSRGISYEQYFGPG	2e-05
CASSRGKDPLYFGAG	2e-05
CASSRGKNYAEQFFGPG	2e-05
CASSRGLASSYEQYFGPG	2e-05
CASSRGLASYEQYFGPG	2e-05
CASSRGLFSYEQYFGPG	2e-05
CASSRGLGGGYEQYFGPG	2e-05
CASSRGLGGHAEQFFGPG	4e-05
CASSRGLGGNEQYFGPG	2e-05
CASSRGLGGNQDTQYFGPG	2e-05
CASSRGLGGRGQNTLYFGAG	2e-05
CASSRGLGGSEQYFGPG	2e-05
CASSRGLGGSSYEQYFGPG	2e-05
CASSRGLGGYEQYFGPG	2e-05
CASSRGLGGYNTLYFGAG	2e-05
CASSRGLGLETLYFGSG	4e-05
CASSRGLGLSYEQYFGPG	2e-05
CASSRGLGNQDTQYFGPG	2e-05
CASSRGLGNYAEQFFGPG	2e-05
CASSRGLGPQNTLYFGAG	2e-05
CASSRGLGSNTGQLYFGEG	2e-05
CASSRGLGTTGQLYFGEG	4e-05
CASSRGLGVPALYFGSG	2e-05
CASSRGLGVYEQYFGPG	2e-05
CASSRGLGYAEQFFGPG	2e-05
CASSRGLNTLYFGAG	2e-05
CASSRGLRAETLYFGSG	2e-05
CASSRGLRAQDTQYFGPG	2e-05
CASSRGLTYAEQFFGPG	2e-05
CASSRGLVYAEQFFGPG	2e-05
CASSRGNERLFFGHG	2e-05
CASSRGNSDYTFGSG	2e-05
CASSRGNSYNSPLYFGEG	4e-05
CASSRGNTEVFFGKG	2e-05
CASSRGNTGQLYFGEG	4e-05
CASSRGNTLYFGEG	2e-05
CASSRGNWGYQNTLYFGAG	2e-05
CASSRGPAETLYFGSG	2e-05
CASSRGPESGNTLYFGEG	4e-05
CASSRGPGRDTQYFGPG	2e-05
CASSRGPLDTQYFGPG	4e-05
CASSRGPPSNERLFFGHG	2e-05
CASSRGPSAETLYFGSG	2e-05
CASSRGPTETLYFGSG	2e-05
CASSRGPYEQYFGPG	4e-05
CASSRGQANTGQLYFGEG	2e-05
CASSRGQDNSPLYFGEG	2e-05
CASSRGQFSGNTLYFGEG	2e-05
CASSRGQGAETLYFGSG	2e-05
CASSRGQGAHQNTLYFGAG	2e-05
CASSRGQGAPGNTLYFGEG	2e-05
CASSRGQGAWEQYFGPG	2e-05
CASSRGQGCSDYTFGSG	2e-05
CASSRGQGDSDYTFGSG	4e-05
CASSRGQGGAEQFFGPG	2e-05
CASSRGQGGGAETLYFGSG	4e-05
CASSRGQGGPGNTLYFGEG	2e-05
CASSRGQGNGNTLYFGEG	2e-05
CASSRGQGNSGNTLYFGEG	2e-05
CASSRGQGNTEVFFGKG	2e-05
CASSRGQGRDTLYFGAG	2e-05
CASSRGQGTEQFFGPG	2e-05
CASSRGQGTEVFFGKG	2e-05
CASSRGQGYAEQFFGPG	2e-05
CASSRGQHSAETLYFGSG	2e-05
CASSRGQINNQAPLFGEG	2e-05
CASSRGQISGNTLYFGEG	2e-05
CASSRGQMNSDYTFGSG	2e-05
CASSRGQNQAPLFGEG	2e-05
CASSRGQRQNTLYFGAG	2e-05
CASSRGQSNSDYTFGSG	2e-05
CASSRGQSYEQYFGPG	2e-05
CASSRGQTEVFFGKG	2e-05
CASSRGQTFSNERLFFGHG	4e-05
CASSRGQTQNTLYFGAG	2e-05
CASSRGRAERLFFGHG	2e-05
CASSRGRANERLFFGHG	2e-05
CASSRGRDNRQNTLYFGAG	2e-05
CASSRGRDSPLYFGEG	2e-05
CASSRGRDTEVFFGKG	4e-05
CASSRGRDTLYFGAG	2e-05
CASSRGRDTYAEQFFGPG	2e-05
CASSRGRGAEQYFGPG	2e-05
CASSRGRGAFFGKG	2e-05
CASSRGRGDQRLFFGHG	2e-05
CASSRGRGGGQYFGPG	2e-05
CASSRGRGNTLYFGEG	2e-05
CASSRGRGPRQNTLYFGAG	4e-05
CASSRGRGSRKLFFGHG	2e-05
CASSRGRGYNSPLYFGEG	2e-05
CASSRGRQNTLYFGAG	2e-05
CASSRGRREVFFGKG	2e-05
CASSRGRSPYEQYFGPG	2e-05
CASSRGRTNTEVFFGKG	2e-05
CASSRGSEVFFGKG	2e-05
CASSRGSYHSPLYFGEG	2e-05
CASSRGSYNFPPYFGEG	2e-05
CASSRGTANSDYTFGSG	2e-05
CASSRGTANTEVFFGKG	2e-05
CASSRGTDSQNTLYFGAG	2e-05
CASSRGTGANSDYTFGSG	2e-05
CASSRGTGASDYTFGSG	2e-05
CASSRGTGDAEQFFGPG	2e-05
CASSRGTGDERLFFGHG	4e-05
CASSRGTGENSDYTFGSG	2e-05
CASSRGTGETLYFGSG	2e-05
CASSRGTGGAETLYFGSG	2e-05
CASSRGTGGAPYEQYFGPG	2e-05
CASSRGTGGDERLFFGHG	4e-05
CASSRGTGGDSDYTFGSG	2e-05
CASSRGTGGGQNTLYFGAG	2e-05
CASSRGTGGNTLYFGEG	2e-05
CASSRGTGGYAEQFFGPG	2e-05
CASSRGTGLSYEQYFGPG	2e-05
CASSRGTGPGEVFFGKG	2e-05
CASSRGTGSNTGQLYFGEG	4e-05
CASSRGTGTYEQYFGPG	2e-05
CASSRGTGVNTLYFGAG	2e-05
CASSRGTGVVFFGKG	2e-05
CASSRGTGVYEQYFGPG	2e-05
CASSRGTGWAETLYFGSG	2e-05
CASSRGTHSAETLYFGSG	2e-05
CASSRGTLYEQYFGPG	2e-05
CASSRGTNQDTQYFGPG	2e-05
CASSRGTNSGNTLYFGEG	2e-05
CASSRGTNTGQLYFGEG	2e-05
CASSRGTPNNQAPLFGEG	4e-05
CASSRGTQNNQAPLFGEG	2e-05
CASSRGTSGNTLYFGEG	4e-05
CASSRGTSNERLFFGHG	2e-05
CASSRGTTNERLFFGHG	2e-05
CASSRGTTNTEVFFGKG	2e-05
CASSRGTTNTGQLYFGEG	2e-05
CASSRGTTSAETLYFGSG	2e-05
CASSRGVAEQFFGPG	2e-05
CASSRGVAETLYFGSG	2e-05
CASSRGVGDAETLYFGSG	2e-05
CASSRGVNTGQLYFGEG	2e-05
CASSRGVNTLYFGAG	2e-05
CASSRGVRDTQYFGPG	2e-05
CASSRGVYEQYFGPG	2e-05
CASSRGWANYAEQFFGPG	2e-05
CASSRGWAQDTQYFGPG	2e-05
CASSRGWEQYFGPG	2e-05
CASSRGWGAETLYFGSG	2e-05
CASSRGWGGYAEQFFGPG	2e-05
CASSRGWGRAETLYFGSG	2e-05
CASSRGWGTAETLYFGSG	2e-05
CASSRGWINQDTQYFGPG	2e-05
CASSRGWNQAPLFGEG	2e-05
CASSRGYEQYFGPG	2e-05
CASSRGYQDTQYFGPG	2e-05
CASSRGYTEVFFGKG	2e-05
CASSRHANTGQLYFGEG	2e-05
CASSRHGANTEVFFGKG	2e-05
CASSRHGTEVFFGKG	2e-05
CASSRHGTLYFGAG	2e-05
CASSRHHPEVFFGKG	2e-05
CASSRHNSPLYFGEG	4e-05
CASSRHRAEQFFGPG	2e-05
CASSRHRGQNTLYFGAG	2e-05
CASSRHSNSDYTFGSG	2e-05
CASSRHTANTEVFFGKG	2e-05
CASSRHVPLYFGAG	2e-05
CASSRHWDEQYFGPG	2e-05
CASSRHWGGYAETLYFGSG	2e-05
CASSRIQRSSYEQYFGPG	2e-05
CASSRIRDTEVFFGKG	2e-05
CASSRISQNTLYFGAG	2e-05
CASSRKANTEVFFGKG	2e-05
CASSRKDRPFFGPG	2e-05
CASSRKGAEVFFGKG	2e-05
CASSRKGGEQYFGPG	2e-05
CASSRKGGERLFFGHG	2e-05
CASSRKGIEQYFGPG	2e-05
CASSRKGNTQYFGPG	2e-05
CASSRKGVQYFGPG	2e-05
CASSRKLAPSAETLYFGSG	2e-05
CASSRKMGAETLYFGSG	2e-05
CASSRKNSDYTFGSG	2e-05
CASSRKRDAEQFFGPG	2e-05
CASSRKRKNEQYFGPG	4e-05
CASSRKSTEVFFGKG	2e-05
CASSRKTEVFFGKG	2e-05
CASSRKVLYEQYFGPG	2e-05
CASSRKVYEQYFGPG	2e-05
CASSRKYAEQFFGPG	2e-05
CASSRLAGSQNTLYFGAG	2e-05
CASSRLDGEQYFGPG	2e-05
CASSRLDLQDTQYFGPG	2e-05
CASSRLDNYAEQFFGPG	4e-05
CASSRLDQNTLYFGAG	2e-05
CASSRLDRDGQNTLYFGAG	2e-05
CASSRLDRKNTLYFGAG	2e-05
CASSRLDSQNTLYFGAG	2e-05
CASSRLDWDTQYFGPG	2e-05
CASSRLDWGGGTQYFGPG	4e-05
CASSRLEGDTQYFGPG	2e-05
CASSRLENTGQLYFGEG	2e-05
CASSRLGAAETLYFGSG	2e-05
CASSRLGAGYEQYFGPG	2e-05
CASSRLGAKHTQYFGPG	2e-05
CASSRLGANTLYFGAG	2e-05
CASSRLGASAETLYFGSG	2e-05
CASSRLGDEQYFGPG	4e-05
CASSRLGDNYAEQFFGPG	2e-05
CASSRLGDYEQYFGPG	2e-05
CASSRLGEEQYFGPG	2e-05
CASSRLGEGEQYFGPG	2e-05
CASSRLGENTLYFGAG	2e-05
CASSRLGEYFGPG	2e-05
CASSRLGFNYAEQFFGPG	2e-05
CASSRLGGAGAEQFFGPG	2e-05
CASSRLGGAPTGQLYFGEG	2e-05
CASSRLGGATAETLYFGSG	2e-05
CASSRLGGEATQYFGPG	2e-05
CASSRLGGENTLYFGAG	2e-05
CASSRLGGFPQYFGPG	2e-05
CASSRLGGGEQYFGPG	2e-05
CASSRLGGGGTLYFGSG	4e-05
CASSRLGGGQDTQYFGPG	2e-05
CASSRLGGGQNTLYFGAG	2e-05
CASSRLGGGTGQLYFGEG	2e-05
CASSRLGGHNYAEQFFGPG	2e-05
CASSRLGGKDTQYFGPG	2e-05
CASSRLGGLAEQFFGPG	2e-05
CASSRLGGLGTGQLYFGEG	2e-05
CASSRLGGMGAETLYFGSG	2e-05
CASSRLGGNYAEQFFGPG	2e-05
CASSRLGGREDTQYFGPG	4e-05
CASSRLGGRENTLYFGAG	2e-05
CASSRLGGREQNTLYFGAG	2e-05
CASSRLGGRFTLYFGAG	2e-05
CASSRLGGRNPQYFGPG	2e-05
CASSRLGGRVGQLYFGEG	2e-05
CASSRLGGRWYAEQFFGPG	2e-05
CASSRLGGRYEQYFGPG	2e-05
CASSRLGGSETLYFGSG	2e-05
CASSRLGGSGEQYFGPG	2e-05
CASSRLGGSTGQLYFGEG	2e-05
CASSRLGGTLYFGSG	2e-05
CASSRLGGVNQDTQYFGPG	2e-05
CASSRLGGYAEQFFGPG	2e-05
CASSRLGGYYEQYFGPG	2e-05
CASSRLGIEQYFGPG	2e-05
CASSRLGINQDTQYFGPG	2e-05
CASSRLGISQNTLYFGAG	2e-05
CASSRLGKDTQYFGPG	2e-05
CASSRLGLQDTQYFGPG	2e-05
CASSRLGLQNTLYFGAG	2e-05
CASSRLGLYTGQLYFGEG	2e-05
CASSRLGNTGQLYFGEG	2e-05
CASSRLGPSAETLYFGSG	2e-05
CASSRLGPSYEQYFGPG	4e-05
CASSRLGPYAEQFFGPG	2e-05
CASSRLGQGAETLYFGSG	2e-05
CASSRLGQLYFGEG	2e-05
CASSRLGRGAETLYFGSG	2e-05
CASSRLGSAETLYFGSG	2e-05
CASSRLGSSQNTLYFGAG	2e-05
CASSRLGTGGGEQYFGPG	2e-05
CASSRLGTRGQNTLYFGAG	2e-05
CASSRLGVDTQYFGPG	2e-05
CASSRLGVNTLYFGAG	2e-05
CASSRLGYHYAEQFFGPG	2e-05
CASSRLGYNQDTQYFGPG	2e-05
CASSRLGYQDTQYFGPG	2e-05
CASSRLKDTQYFGPG	2e-05
CASSRLLYEQYFGPG	2e-05
CASSRLNSDYTFGSG	2e-05
CASSRLQCSFGAG	2e-05
CASSRLRAQNTLYFGAG	2e-05
CASSRLRDTQYFGPG	4e-05
CASSRLRNQAPLFGEG	2e-05
CASSRLRNTLYFGAG	2e-05
CASSRLRQDTQYFGPG	2e-05
CASSRLRYEQYFGPG	4e-05
CASSRLSQNTLYFGAG	2e-05
CASSRLSYEQYFGPG	2e-05
CASSRLVSQNTLYFGAG	2e-05
CASSRLWAQGSDYTFGSG	2e-05
CASSRLWASYEQYFGPG	2e-05
CASSRMGSQNTLYFGAG	2e-05
CASSRMNNQAPLFGEG	2e-05
CASSRMSQNTLYFGAG	4e-05
CASSRMVRQNTLYFGAG	2e-05
CASSRMYEQYFGPG	2e-05
CASSRNDKYEQYFGPG	2e-05
CASSRNEQYFGPG	2e-05
CASSRNGDIANTEVFFGKG	2e-05
CASSRNGHHQAPLFGEG	4e-05
CASSRNISNERLFFGHG	2e-05
CASSRNLGNQDTQYFGPG	2e-05
CASSRNLLSYNSPLYFGEG	2e-05
CASSRNNQDTQYFGPG	2e-05
CASSRNNYAEQFFGPG	2e-05
CASSRNPGAEQYFGPG	2e-05
CASSRNPSAETLYFGSG	2e-05
CASSRNQNTLYFGAG	2e-05
CASSRNRDSDYTFGSG	4e-05
CASSRNREAATLYFGSG	2e-05
CASSRNRQGLNFGPG	2e-05
CASSRNSPLYFGEG	2e-05
CASSRNSYNSPLYFGEG	2e-05
CASSRNTLYFGAG	2e-05
CASSRNTLYFGEG	2e-05
CASSRNVSPPKSYAVFFGKG	2e-05
CASSRNVTPHNSYEQYFGPG	2e-05
CASSRNVTPLKSYAVFFGKG	2e-05
CASSRNVTPNTGQLYFGEG	2e-05
CASSRNVTPPKSHAVFFGKG	2e-05
CASSRNVTPPQTYAVFFGKG	2e-05
CASSRNVTPQKSYDVFFGKG	2e-05
CASSRNVTSPKSFAVFFGKG	2e-05
CASSRNWGREQYFGPG	2e-05
CASSRNWGRGQYFGPG	2e-05
CASSRNYNNQAPLFGEG	2e-05
CASSRPAGQLYFGEG	4e-05
CASSRPDNYEQYFGPG	2e-05
CASSRPDSAETLYFGSG	2e-05
CASSRPDWGGHYAEQFFGPG	2e-05
CASSRPFYEQYFGPG	2e-05
CASSRPGARQDTQYFGPG	2e-05
CASSRPGDAETLYFGSG	2e-05
CASSRPGEETLYFGSG	2e-05
CASSRPGGDTQYFGPG	2e-05
CASSRPGGEQYFGPG	2e-05
CASSRPGGGNTLYFGAG	2e-05
CASSRPGGNTGQLYFGEG	2e-05
CASSRPGGPDYTFGSG	4e-05
CASSRPGGPQDTQYFGPG	2e-05
CASSRPGGRKDTQYFGPG	2e-05
CASSRPGGRPDTQYFGPG	4e-05
CASSRPGHHTEVFFGKG	4e-05
CASSRPGHSEVFFGKG	2e-05
CASSRPGLGGINQDTQYFGPG	2e-05
CASSRPGQADYTFGSG	2e-05
CASSRPGQEDSDYTFGSG	2e-05
CASSRPGQEGDERLFFGHG	2e-05
CASSRPGQFSNERLFFGHG	2e-05
CASSRPGQGAETLYFGSG	2e-05
CASSRPGQGQNTLYFGAG	2e-05
CASSRPGQKNSDYTFGSG	2e-05
CASSRPGQSSNERLFFGHG	2e-05
CASSRPGQTNSDYTFGSG	2e-05
CASSRPGRDTQYFGPG	2e-05
CASSRPGTDSGNTLYFGEG	4e-05
CASSRPGTGAGNTLYFGEG	2e-05
CASSRPGTNTGQLYFGEG	2e-05
CASSRPGWAETLYFGSG	2e-05
CASSRPHGPYFGPG	2e-05
CASSRPPNSDYTFGSG	2e-05
CASSRPQKNAETLYFGSG	2e-05
CASSRPRGISNERLFFGHG	2e-05
CASSRPRGNSDYTFGSG	2e-05
CASSRPRYQDTQYFGPG	2e-05
CASSRPTGGPNTGQLYFGEG	2e-05
CASSRPWGPYAEQFFGPG	2e-05
CASSRQAAPDYTFGSG	2e-05
CASSRQAPLFGEG	2e-05
CASSRQAPNSDYTFGSG	2e-05
CASSRQAQDTQYFGPG	2e-05
CASSRQASDYTFGSG	2e-05
CASSRQATPETLYFGSG	2e-05
CASSRQDQNTLYFGAG	2e-05
CASSRQDRQTNSDYTFGSG	2e-05
CASSRQDSYEQYFGPG	2e-05
CASSRQDTDYTFGSG	2e-05
CASSRQDTEVFFGKG	2e-05
CASSRQEANTEVFFGKG	2e-05
CASSRQEGDTQYFGPG	2e-05
CASSRQENTEVFFGKG	2e-05
CASSRQEPSAETLYFGSG	2e-05
CASSRQEQDTQYFGPG	2e-05
CASSRQERDTQYFGPG	2e-05
CASSRQGAAAEQFFGPG	2e-05
CASSRQGAAEQYFGPG	2e-05
CASSRQGAEVFFGKG	4e-05
CASSRQGAGAETLYFGSG	2e-05
CASSRQGAGDTQYFGPG	2e-05
CASSRQGAGPEVFFGKG	2e-05
CASSRQGAMEQYFGPG	2e-05
CASSRQGAQDTQYFGPG	2e-05
CASSRQGAQNTLYFGAG	2e-05
CASSRQGARDTQYFGPG	4e-05
CASSRQGASSDYTFGSG	2e-05
CASSRQGATQYFGPG	2e-05
CASSRQGAVFFGKG	4e-05
CASSRQGDEQFFGPG	2e-05
CASSRQGDERLFFGHG	2e-05
CASSRQGDKTGQLYFGEG	4e-05
CASSRQGDQDTQYFGPG	2e-05
CASSRQGEQNTLYFGAG	2e-05
CASSRQGGAEQFFGPG	2e-05
CASSRQGGDNQAPLFGEG	2e-05
CASSRQGGEAEQFFGPG	2e-05
CASSRQGGETLYFGSG	2e-05
CASSRQGGGQAPLFGEG	2e-05
CASSRQGGGTLYFGAG	2e-05
CASSRQGGNNQAPLFGEG	2e-05
CASSRQGGPEVFFGKG	2e-05
CASSRQGGQNTLYFGAG	2e-05
CASSRQGGRQAPLFGEG	2e-05
CASSRQGGSPPYFGEG	2e-05
CASSRQGGSSQNTLYFGAG	2e-05
CASSRQGIAEQFFGPG	2e-05
CASSRQGLAGAEVFFGKG	2e-05
CASSRQGLDTEVFFGKG	2e-05
CASSRQGLDTQYFGPG	2e-05
CASSRQGLEQYFGPG	2e-05
CASSRQGLVFFGKG	2e-05
CASSRQGMDSPLYFGEG	2e-05
CASSRQGPEVFFGKG	2e-05
CASSRQGPSQNTLYFGAG	2e-05
CASSRQGQTEVFFGKG	2e-05
CASSRQGRAGNTLYFGEG	2e-05
CASSRQGRDTLYFGAG	2e-05
CASSRQGRETLYFGSG	2e-05
CASSRQGREVFFGKG	2e-05
CASSRQGRGNSDYTFGSG	2e-05
CASSRQGRHSPLYFGEG	4e-05
CASSRQGRNAEQFFGPG	2e-05
CASSRQGRSAETLYFGSG	2e-05
CASSRQGRTEQFFGPG	2e-05
CASSRQGRTGQLYFGEG	2e-05
CASSRQGRTYEQYFGPG	2e-05
CASSRQGSAPLFGEG	2e-05
CASSRQGSDYTFGSG	2e-05
CASSRQGSNSPLYFGEG	4e-05
CASSRQGSPYEQYFGPG	2e-05
CASSRQGTDYTFGSG	2e-05
CASSRQGTNSDYTFGSG	2e-05
CASSRQGTSDYTFGSG	2e-05
CASSRQGTTGQLYFGEG	2e-05
CASSRQGTYAEQFFGPG	2e-05
CASSRQGTYEQYFGPG	2e-05
CASSRQGVDTQYFGPG	4e-05
CASSRQGVGQYFGPG	2e-05
CASSRQGVGSDYTFGSG	4e-05
CASSRQGVNTEVFFGKG	2e-05
CASSRQGWEQYFGPG	2e-05
CASSRQGYNSPLYFGEG	2e-05
CASSRQGYNYAEQFFGPG	2e-05
CASSRQGYTLYFGAG	2e-05
CASSRQHNSPLYFGEG	2e-05
CASSRQHTGQLYFGEG	2e-05
CASSRQISGNTLYFGEG	2e-05
CASSRQIYEQYFGPG	2e-05
CASSRQKDTQYFGPG	2e-05
CASSRQKQFFGPG	2e-05
CASSRQLSAEQFFGPG	2e-05
CASSRQLYEQYFGPG	2e-05
CASSRQLYFGEG	2e-05
CASSRQNTEVFFGKG	2e-05
CASSRQPDTQYFGPG	2e-05
CASSRQPSDYTFGSG	2e-05
CASSRQRAERLFFGHG	4e-05
CASSRQRDTQYFGPG	2e-05
CASSRQRGNTLYFGEG	2e-05
CASSRQRPLYFGEG	2e-05
CASSRQRYEQYFGPG	2e-05
CASSRQSAPDYTFGSG	2e-05
CASSRQSDYTFGSG	2e-05
CASSRQSNTGQLYFGEG	2e-05
CASSRQSNTLYFGAG	2e-05
CASSRQSYAEQFFGPG	2e-05
CASSRQSYEQYFGPG	2e-05
CASSRQTEQFFGPG	2e-05
CASSRQTGVSDYTFGSG	2e-05
CASSRQTNERLFFGHG	4e-05
CASSRQTNTGQLYFGEG	2e-05
CASSRQTTEVFFGKG	2e-05
CASSRQTTLYFGAG	2e-05
CASSRQVSNERLFFGHG	4e-05
CASSRQVSSYEQYFGPG	2e-05
CASSRQWGGSYEQYFGPG	2e-05
CASSRQYNSPPYFGEG	2e-05
CASSRQYYAEQFFGPG	2e-05
CASSRRADHGQLYFGEG	2e-05
CASSRRAETLYFGSG	2e-05
CASSRRAWGVEQYFGPG	2e-05
CASSRRDGNTLYFGAG	2e-05
CASSRRDINTGQLYFGEG	4e-05
CASSRRDIQDTQYFGPG	2e-05
CASSRRDKNYAEQFFGPG	2e-05
CASSRRDKPNTEVFFGKG	2e-05
CASSRRDKYEQYFGPG	2e-05
CASSRRDNSAETLYFGSG	2e-05
CASSRRDNSYEQYFGPG	2e-05
CASSRRDNYEQYFGPG	2e-05
CASSRRDQDTQYFGPG	2e-05
CASSRRDRGAETLYFGSG	2e-05
CASSRRDRGRAEQFFGPG	2e-05
CASSRRDRGYNSPLYFGEG	2e-05
CASSRRDRVTEVFFGKG	2e-05
CASSRRDSAETLYFGSG	2e-05
CASSRRDSNTEVFFGKG	2e-05
CASSRRDSQQYFGPG	2e-05
CASSRRDSYEQYFGPG	2e-05
CASSRRDTNYAEQFFGPG	2e-05
CASSRRDTSNTGQLYFGEG	2e-05
CASSRRDWGNEQYFGPG	2e-05
CASSRRDWSQDTQYFGPG	2e-05
CASSRRDWSYEQYFGPG	2e-05
CASSRRERNSDYTFGSG	2e-05
CASSRRESNSDYTFGSG	2e-05
CASSRRFANTEVFFGKG	2e-05
CASSRRFTQDTQYFGPG	2e-05
CASSRRGAETLYFGSG	2e-05
CASSRRGAGDTQYFGPG	2e-05
CASSRRGDTGQLYFGEG	2e-05
CASSRRGESDYTFGSG	2e-05
CASSRRGEVFFGKG	2e-05
CASSRRGGNTGQLYFGEG	2e-05
CASSRRGGNTLYFGEG	2e-05
CASSRRGGSAETLYFGSG	2e-05
CASSRRGGSSTETLYFGSG	2e-05
CASSRRGISNERLFFGHG	2e-05
CASSRRGLFAEQFFGPG	2e-05
CASSRRGMEVFFGKG	2e-05
CASSRRGMNTEVFFGKG	2e-05
CASSRRGNSGNTLYFGEG	2e-05
CASSRRGNYAEQFFGPG	2e-05
CASSRRGPNERLFFGHG	2e-05
CASSRRGQNTLYFGAG	2e-05
CASSRRGREAEQFFGPG	2e-05
CASSRRGRLFFGHG	2e-05
CASSRRGRQDTQYFGPG	2e-05
CASSRRGSGNTLYFGEG	2e-05
CASSRRGTGNTLYFGEG	2e-05
CASSRRGYAEQFFGPG	2e-05
CASSRRGYNNQAPLFGEG	2e-05
CASSRRGYTEVFFGKG	6.000000000000001e-05
CASSRRHAETLYFGSG	2e-05
CASSRRHEEVFFGKG	2e-05
CASSRRHLYEQYFGPG	4e-05
CASSRRIQDTQYFGPG	2e-05
CASSRRISNERLFFGHG	2e-05
CASSRRLFFGHG	2e-05
CASSRRLGGNYAEQFFGPG	2e-05
CASSRRLGLSQNTLYFGAG	2e-05
CASSRRLGSSQNTLYFGAG	2e-05
CASSRRMGGNGQLYFGEG	2e-05
CASSRRNSAETLYFGSG	2e-05
CASSRRNSGNTLYFGEG	2e-05
CASSRRNYAEQFFGPG	2e-05
CASSRRPRGSQNTLYFGAG	2e-05
CASSRRQGAAETLYFGSG	2e-05
CASSRRQGADEQYFGPG	2e-05
CASSRRQGEDTGQLYFGEG	2e-05
CASSRRQGFGAG	2e-05
CASSRRQGNSDYTFGSG	2e-05
CASSRRQGPNTEVFFGKG	4e-05
CASSRRQGREVFFGKG	2e-05
CASSRRQVFFGKG	2e-05
CASSRRRANTEVFFGKG	2e-05
CASSRRRWGSNTGQLYFGEG	2e-05
CASSRRSNERLFFGHG	2e-05
CASSRRSSDYTFGSG	2e-05
CASSRRTDSGNTLYFGEG	2e-05
CASSRRTGANTEVFFGKG	2e-05
CASSRRTGGDNYAEQFFGPG	2e-05
CASSRRTGGKKNTLYFGAG	2e-05
CASSRRTGGSYAEQFFGPG	2e-05
CASSRRTGGSYEQYFGPG	2e-05
CASSRRTGGVQYTFGSG	2e-05
CASSRRTGGYEQYFGPG	2e-05
CASSRRTGKDTQYFGPG	2e-05
CASSRRTGQLYFGEG	2e-05
CASSRRTGTNERLFFGHG	2e-05
CASSRRTGWSSYEQYFGPG	2e-05
CASSRRTVEQYFGPG	2e-05
CASSRRVGEQYFGPG	2e-05
CASSRRVPGQLYFGEG	2e-05
CASSRRVSGNTLYFGEG	6.000000000000001e-05
CASSRRVSNERLFFGHG	2e-05
CASSRRVSYCGNTLYFGEG	2e-05
CASSRRWGNQDTQYFGPG	2e-05
CASSRRWQQYFGPG	2e-05
CASSRRYSDYTFGSG	2e-05
CASSRSAEQFFGPG	2e-05
CASSRSANSDYTFGSG	2e-05
CASSRSDWGADYAEQFFGPG	2e-05
CASSRSFSNERLFFGHG	2e-05
CASSRSGAGTEVFFGKG	2e-05
CASSRSGDANSDYTFGSG	2e-05
CASSRSGGPETLYFGSG	2e-05
CASSRSGLGGRDEQYFGPG	4e-05
CASSRSGPETLYFGSG	2e-05
CASSRSGTDAEQFFGPG	2e-05
CASSRSGTYEQYFGPG	2e-05
CASSRSGVSAETLYFGSG	2e-05
CASSRSGYNYAEQFFGPG	2e-05
CASSRSLDNQDTQYFGPG	2e-05
CASSRSLGDEQYFGPG	2e-05
CASSRSNQAPLFGEG	2e-05
CASSRSNTEVFFGKG	2e-05
CASSRSNTLYFGAG	2e-05
CASSRSPQDTQYFGPG	4e-05
CASSRSPYEQYFGPG	2e-05
CASSRSQGGSDYTFGSG	2e-05
CASSRSQNTLYFGAG	2e-05
CASSRSREGRNTLYFGEG	2e-05
CASSRSRGLPAEQFFGPG	2e-05
CASSRSSNTEVFFGKG	2e-05
CASSRSTGSSAETLYFGSG	2e-05
CASSRSTSAETLYFGSG	2e-05
CASSRSWGGAGAETLYFGSG	2e-05
CASSRSYTEVFFGKG	2e-05
CASSRTAEQYFGPG	4e-05
CASSRTAMTEQFFGPG	2e-05
CASSRTANTGQLYFGEG	2e-05
CASSRTANYAEQFFGPG	2e-05
CASSRTAPNTLYFGAG	2e-05
CASSRTARAETLYFGSG	2e-05
CASSRTASNERLFFGHG	2e-05
CASSRTATEVFFGKG	2e-05
CASSRTATNERLFFGHG	2e-05
CASSRTCQNTLYFGAG	2e-05
CASSRTDAETLYFGSG	2e-05
CASSRTDANTEVFFGKG	2e-05
CASSRTDENTEVFFGKG	2e-05
CASSRTDYNSPLYFGEG	2e-05
CASSRTEAYEQYFGPG	2e-05
CASSRTEDTQYFGPG	4e-05
CASSRTEGARTLYFGSG	2e-05
CASSRTEGGNTEVFFGKG	2e-05
CASSRTEGISGNTLYFGEG	2e-05
CASSRTEKVFFGKG	2e-05
CASSRTENTEVFFGKG	2e-05
CASSRTFQDTQYFGPG	2e-05
CASSRTFSQNTLYFGAG	2e-05
CASSRTGADTEVFFGKG	2e-05
CASSRTGAETLYFGSG	2e-05
CASSRTGAGAEQFFGPG	2e-05
CASSRTGALEQYFGPG	2e-05
CASSRTGALQNTLYFGAG	2e-05
CASSRTGANERLFFGHG	2e-05
CASSRTGANPQYFGPG	2e-05
CASSRTGANYAEQFFGPG	2e-05
CASSRTGAQNTLYFGAG	2e-05
CASSRTGDGNTLYFGEG	2e-05
CASSRTGDNERLFFGHG	2e-05
CASSRTGDNTLYFGAG	2e-05
CASSRTGDSDYTFGSG	2e-05
CASSRTGDYAEQFFGPG	2e-05
CASSRTGEDTQYFGPG	4e-05
CASSRTGEERLFFGHG	2e-05
CASSRTGEGERLFFGHG	2e-05
CASSRTGENSDYTFGSG	2e-05
CASSRTGENSPLYFGEG	2e-05
CASSRTGETLYFGSG	2e-05
CASSRTGFSYEQYFGPG	2e-05
CASSRTGGAETLYFGSG	2e-05
CASSRTGGAEVFFGKG	2e-05
CASSRTGGAGNTLYFGEG	2e-05
CASSRTGGAGQLYFGEG	2e-05
CASSRTGGAHEQYFGPG	2e-05
CASSRTGGANYAEQFFGPG	2e-05
CASSRTGGARETLYFGSG	2e-05
CASSRTGGARTLYFGSG	2e-05
CASSRTGGASQDTQYFGPG	2e-05
CASSRTGGASYEQYFGPG	2e-05
CASSRTGGAYTQYFGPG	2e-05
CASSRTGGDAEQFFGPG	4e-05
CASSRTGGDDTGQLYFGEG	2e-05
CASSRTGGDSQNTLYFGAG	2e-05
CASSRTGGDTQYFGPG	2e-05
CASSRTGGENTLYFGAG	2e-05
CASSRTGGETLYFGAG	2e-05
CASSRTGGEVQNTLYFGAG	2e-05
CASSRTGGFQNTLYFGAG	2e-05
CASSRTGGFTLYFGAG	2e-05
CASSRTGGGAEQFFGPG	2e-05
CASSRTGGGAETLYFGSG	2e-05
CASSRTGGGDTQYFGPG	2e-05
CASSRTGGGTEDFGPG	2e-05
CASSRTGGHEQYFGPG	2e-05
CASSRTGGIAETLYFGSG	4e-05
CASSRTGGIGWFFFGEG	2e-05
CASSRTGGLSAETLYFGSG	2e-05
CASSRTGGNQNTLYFGAG	2e-05
CASSRTGGNTEVFFGKG	2e-05
CASSRTGGNTLYFGAG	2e-05
CASSRTGGNTQYFGPG	2e-05
CASSRTGGPSQNTLYFGAG	2e-05
CASSRTGGQDTQYFGPG	2e-05
CASSRTGGRQDTQYFGPG	2e-05
CASSRTGGRQNTLYFGAG	2e-05
CASSRTGGRSYEQYFGPG	2e-05
CASSRTGGSGNTLYFGEG	2e-05
CASSRTGGSQDTQYFGPG	2e-05
CASSRTGGSTEVFFGKG	2e-05
CASSRTGGSYAEQFFGPG	2e-05
CASSRTGGTLYFGSG	2e-05
CASSRTGGTNTGQLYFGEG	2e-05
CASSRTGGTQYFGPG	2e-05
CASSRTGGTTYAEQFFGPG	2e-05
CASSRTGGTYAEQFFGPG	4e-05
CASSRTGGYNYAEQFFGPG	2e-05
CASSRTGGYYEQYFGPG	2e-05
CASSRTGHERLFFGHG	2e-05
CASSRTGIGERLFFGHG	2e-05
CASSRTGKAETLYFGSG	4e-05
CASSRTGLNQDTQYFGPG	2e-05
CASSRTGLSGNTLYFGEG	2e-05
CASSRTGLYEQYFGPG	2e-05
CASSRTGMNSPLYFGEG	2e-05
CASSRTGNAETLYFGSG	2e-05
CASSRTGNNSPLYFGEG	2e-05
CASSRTGNQAPLFGEG	2e-05
CASSRTGNQDTQYFGPG	2e-05
CASSRTGNTLYFGAG	2e-05
CASSRTGNYGNTLYFGEG	2e-05
CASSRTGPAYEQYFGPG	2e-05
CASSRTGPETLYFGSG	2e-05
CASSRTGPNTEVFFGKG	2e-05
CASSRTGPNTGQLYFGEG	2e-05
CASSRTGPTEVFFGKG	4e-05
CASSRTGQDTQYFGPG	2e-05
CASSRTGRAEQFFGPG	2e-05
CASSRTGRDPLYFGAG	2e-05
CASSRTGRETLYFGSG	2e-05
CASSRTGREVFFGKG	4e-05
CASSRTGRGEQYFGPG	2e-05
CASSRTGRGYAEQFFGPG	2e-05
CASSRTGRISNERLFFGHG	2e-05
CASSRTGRIYEQYFGPG	2e-05
CASSRTGRQDTQYFGPG	2e-05
CASSRTGRQNTLYFGAG	2e-05
CASSRTGRSSDYTFGSG	2e-05
CASSRTGSNTGQLYFGEG	2e-05
CASSRTGSSAETLYFGSG	2e-05
CASSRTGSSGNTLYFGEG	2e-05
CASSRTGSSSAETLYFGSG	2e-05
CASSRTGTAEVFFGKG	2e-05
CASSRTGTEVFFGKG	2e-05
CASSRTGTKNTEVFFGKG	2e-05
CASSRTGTNERLFFGHG	2e-05
CASSRTGTYAEQFFGPG	2e-05
CASSRTGVEQYFGPG	2e-05
CASSRTGVSAETLYFGSG	2e-05
CASSRTGVYEQYFGPG	4e-05
CASSRTHNERLFFGHG	2e-05
CASSRTISNERLFFGHG	4e-05
CASSRTISYNSPLYFGEG	2e-05
CASSRTLNSGNTLYFGEG	2e-05
CASSRTLSAETLYFGSG	2e-05
CASSRTLSGNTLYFGEG	2e-05
CASSRTLWGGEGQNTLYFGAG	4e-05
CASSRTNSNTEVFFGKG	4e-05
CASSRTPQFFGPG	2e-05
CASSRTPTYEQYFGPG	2e-05
CASSRTPYEQYFGPG	2e-05
CASSRTQNYAEQFFGPG	2e-05
CASSRTRANERLFFGHG	2e-05
CASSRTREQYFGPG	2e-05
CASSRTRGANERLFFGHG	2e-05
CASSRTRGSQNTLYFGAG	2e-05
CASSRTRNYAEQFFGPG	2e-05
CASSRTSAETLYFGSG	2e-05
CASSRTSSAETLYFGSG	4e-05
CASSRTSSQNTLYFGAG	2e-05
CASSRTSSSYEQYFGPG	2e-05
CASSRTTQDTQYFGPG	2e-05
CASSRTVANTEVFFGKG	2e-05
CASSRTVYAEQFFGPG	2e-05
CASSRTVYNYAEQFFGPG	2e-05
CASSRTWAETLYFGSG	2e-05
CASSRTWGYAETLYFGSG	2e-05
CASSRTYQDTQYFGPG	2e-05
CASSRTYQNTLYFGAG	2e-05
CASSRTYRAETLYFGSG	2e-05
CASSRVAEVFFGKG	2e-05
CASSRVCGYTFGSG	2e-05
CASSRVDAETLYFGSG	2e-05
CASSRVESDYTFGSG	2e-05
CASSRVFGKG	2e-05
CASSRVFSQNTLYFGAG	2e-05
CASSRVGAAEQFFGPG	2e-05
CASSRVGDYAEQFFGPG	2e-05
CASSRVGGADTQYFGPG	2e-05
CASSRVGGAYEQYFGPG	2e-05
CASSRVGGRRQNTLYFGAG	2e-05
CASSRVGKSGNTLYFGEG	2e-05
CASSRVGLGGDEQYFGPG	2e-05
CASSRVGPALYFGAG	2e-05
CASSRVGPYHTFGSG	2e-05
CASSRVGQDTQYFGPG	2e-05
CASSRVGRNTGQLYFGEG	2e-05
CASSRVGSGCTFGSG	2e-05
CASSRVGSTYTFGSG	2e-05
CASSRVGSYEQYFGPG	2e-05
CASSRVGVRDAETLYFGSG	2e-05
CASSRVGVSETLYFGSG	2e-05
CASSRVISNERLFFGHG	2e-05
CASSRVKDTQYFGPG	2e-05
CASSRVLAKEETLYFGSG	2e-05
CASSRVPGGYAEQFFGPG	2e-05
CASSRVPGPNSDYTFGSG	2e-05
CASSRVPGQQDTQYFGPG	2e-05
CASSRVPGWAETLYFGSG	2e-05
CASSRVPQDTQYFGPG	2e-05
CASSRVRDNSQNTLYFGAG	2e-05
CASSRVRGNTEVFFGKG	2e-05
CASSRVRGYYAEQFFGPG	2e-05
CASSRVRRSTQYFGPG	2e-05
CASSRVSQNTLYFGAG	2e-05
CASSRVSSAETLYFGSG	2e-05
CASSRVTQDTQYFGPG	2e-05
CASSRVWGGLNQDTQYFGPG	2e-05
CASSRWAETLYFGSG	2e-05
CASSRWASAETLYFGSG	2e-05
CASSRWDGAETLYFGSG	2e-05
CASSRWDWGDTQYFGPG	2e-05
CASSRWDWGGDYAEQFFGPG	2e-05
CASSRWGARAETLYFGSG	2e-05
CASSRWGAYAEQFFGPG	2e-05
CASSRWGDEQYFGPG	2e-05
CASSRWGEEQYFGPG	2e-05
CASSRWGGLYEQYFGPG	2e-05
CASSRWGQGGERLFFGHG	2e-05
CASSRWGSQNTLYFGAG	2e-05
CASSRWGSSDYTFGSG	4e-05
CASSRWGSSYEQYFGPG	2e-05
CASSRWGTYEQYFGPG	2e-05
CASSRWGVEQYFGPG	2e-05
CASSRWNTEVFFGKG	2e-05
CASSRWTANERLFFGHG	2e-05
CASSRWTGAETLYFGSG	2e-05
CASSRWWGSAETLYFGSG	2e-05
CASSRYLANQDTQYFGPG	2e-05
CASSRYSANSDYTFGSG	2e-05
CASSRYSQNTLYFGAG	2e-05
CASSRYTGQLYFGEG	2e-05
CASSRYWGSYEQYFGPG	2e-05
CASSRYWGVQNTLYFGAG	2e-05
CASSRYWQNTLYFGAG	4e-05
CASSSAAETLYFGSG	2e-05
CASSSAAKKKVFFGKG	2e-05
CASSSAASAETLYFGSG	2e-05
CASSSAASQNTLYFGAG	4e-05
CASSSAATTEVFFGKG	2e-05
CASSSADTYEQYFGPG	2e-05
CASSSAENTLYFGAG	2e-05
CASSSAETLYFGSG	2e-05
CASSSAFAETLYFGSG	2e-05
CASSSAGAHRQLYFGEG	2e-05
CASSSAGDNTEVFFGKG	2e-05
CASSSAGDTGQLYFGEG	2e-05
CASSSAGEGDTQYFGPG	2e-05
CASSSAGGKDTQYFGPG	2e-05
CASSSAGGPYEQYFGPG	2e-05
CASSSAGGSTGQLYFGEG	2e-05
CASSSAGHQNTLYFGAG	2e-05
CASSSAGHSGNTLYFGEG	2e-05
CASSSAGNAEQFFGPG	4e-05
CASSSAGNQDTQYFGPG	2e-05
CASSSAGNSGNTLYFGEG	2e-05
CASSSAGPNERLFFGHG	2e-05
CASSSAGRAETLYFGSG	2e-05
CASSSAGRQNTLYFGAG	2e-05
CASSSAGTANSDYTFGSG	2e-05
CASSSAGTGGGERLFFGHG	2e-05
CASSSAGYPEVFFGKG	2e-05
CASSSALGAREDTQYFGPG	2e-05
CASSSANTGQLYFGEG	2e-05
CASSSARGDSDYTFGSG	4e-05
CASSSARGNTEVFFGKG	2e-05
CASSSARGYAEQFFGPG	2e-05
CASSSARNTGQLYFGEG	2e-05
CASSSARPAPQYFGPG	2e-05
CASSSARPSQVFFGKG	2e-05
CASSSATRASDYTFGSG	2e-05
CASSSAVETLYFGSG	2e-05
CASSSAYNNQAPLFGEG	2e-05
CASSSCGRAHPQYFGPG	2e-05
CASSSCGSYEQYFGPG	2e-05
CASSSCRRNTEVFFGKG	2e-05
CASSSCTGGNTEVFFGKG	2e-05
CASSSDANSDYTFGSG	2e-05
CASSSDANTGQLYFGEG	2e-05
CASSSDAWGPNYAEQFFGPG	2e-05
CASSSDCGANYAEQFFGPG	2e-05
CASSSDDQNTLYFGAG	2e-05
CASSSDDTGQLYFGEG	2e-05
CASSSDEEVFFGKG	2e-05
CASSSDFYEQYFGPG	4e-05
CASSSDFYTGQLYFGEG	2e-05
CASSSDGDQNTLYFGAG	2e-05
CASSSDGGNTLYFGEG	2e-05
CASSSDGPEVFFGKG	2e-05
CASSSDGQAPLFGEG	2e-05
CASSSDGRAETLYFGSG	2e-05
CASSSDGREQYFGPG	2e-05
CASSSDGRGGYEQYFGPG	2e-05
CASSSDGRVFFGKG	2e-05
CASSSDGSAETLYFGSG	4e-05
CASSSDILQDTQYFGPG	2e-05
CASSSDISYEQYFGPG	2e-05
CASSSDKTSAETLYFGSG	2e-05
CASSSDLNTEVFFGKG	2e-05
CASSSDLNTGQLYFGEG	2e-05
CASSSDNNYAEQFFGPG	2e-05
CASSSDNSAETLYFGSG	2e-05
CASSSDNTAETLYFGSG	2e-05
CASSSDNTEVFFGKG	2e-05
CASSSDNTLYFGEG	2e-05
CASSSDPRDGHTLYFGAG	2e-05
CASSSDPVYEQYFGPG	2e-05
CASSSDRAGSDYTFGSG	2e-05
CASSSDRANSDYTFGSG	2e-05
CASSSDRANTEVFFGKG	4e-05
CASSSDRANTGQLYFGEG	2e-05
CASSSDRASDYTFGSG	2e-05
CASSSDREAYNSPLYFGEG	2e-05
CASSSDREQYFGPG	2e-05
CASSSDRESSDYTFGSG	2e-05
CASSSDRETLYFGSG	2e-05
CASSSDRFSNERLFFGHG	2e-05
CASSSDRGANTQYFGPG	2e-05
CASSSDRGASDYTFGSG	2e-05
CASSSDRGDNTEVFFGKG	2e-05
CASSSDRGEQYFGPG	2e-05
CASSSDRGGAETLYFGSG	2e-05
CASSSDRGGDNQAPLFGEG	2e-05
CASSSDRGKDTQYFGPG	2e-05
CASSSDRGLGVFFGKG	2e-05
CASSSDRGNQAPLFGEG	2e-05
CASSSDRGNSDYTFGSG	2e-05
CASSSDRGRNQAPLFGEG	2e-05
CASSSDRGTGNTLYFGEG	2e-05
CASSSDRGTGQLYFGEG	2e-05
CASSSDRGTLYFGSG	2e-05
CASSSDRIANTEVFFGKG	2e-05
CASSSDRNYEQYFGPG	2e-05
CASSSDRNYNSPLYFGEG	2e-05
CASSSDRRDTQYFGPG	2e-05
CASSSDRSDYTFGSG	2e-05
CASSSDRSGNTLYFGEG	2e-05
CASSSDRSNSDYTFGSG	2e-05
CASSSDRSYNSPLYFGEG	2e-05
CASSSDRVREQYFGPG	2e-05
CASSSDRYAEQFFGPG	2e-05
CASSSDSDTLYFGAG	2e-05
CASSSDSDYTFGSG	2e-05
CASSSDSEQYFGPG	2e-05
CASSSDSHAEQFFGPG	2e-05
CASSSDSIAETLYFGSG	2e-05
CASSSDSNTGQLYFGEG	2e-05
CASSSDSPDYTFGSG	2e-05
CASSSDSQNTLYFGAG	2e-05
CASSSDSRDAEQFFGPG	2e-05
CASSSDSSAETLYFGSG	2e-05
CASSSDSSSAETLYFGSG	2e-05
CASSSDSSYNSPLYFGEG	2e-05
CASSSDSYAEQFFGPG	2e-05
CASSSDTAETLYFGSG	2e-05
CASSSDTEQYFGPG	2e-05
CASSSDTNERLFFGHG	2e-05
CASSSDTNQAPLFGEG	2e-05
CASSSDTNTLYFGEG	2e-05
CASSSDTNYAEQFFGPG	2e-05
CASSSDTQNTLYFGAG	2e-05
CASSSDTRQNTLYFGAG	2e-05
CASSSDTYEQYFGPG	2e-05
CASSSDVQNTLYFGAG	2e-05
CASSSDWADTQYFGPG	2e-05
CASSSDWAEDTQYFGPG	2e-05
CASSSDWAETLYFGSG	2e-05
CASSSDWAPYEQYFGPG	2e-05
CASSSDWDQNTLYFGAG	2e-05
CASSSDWEETLYFGSG	2e-05
CASSSDWEQNTLYFGAG	2e-05
CASSSDWESYEQYFGPG	2e-05
CASSSDWFQNTLYFGAG	2e-05
CASSSDWGATLYFGSG	2e-05
CASSSDWGAWAETLYFGSG	2e-05
CASSSDWGDDQDTQYFGPG	2e-05
CASSSDWGDTQYFGPG	2e-05
CASSSDWGEDTLYFGAG	2e-05
CASSSDWGEQYFGPG	2e-05
CASSSDWGGAETLYFGSG	2e-05
CASSSDWGGANEQYFGPG	4e-05
CASSSDWGGARDYAEQFFGPG	2e-05
CASSSDWGGASEQYFGPG	2e-05
CASSSDWGGAYTQYFGPG	2e-05
CASSSDWGGDTLYFGSG	2e-05
CASSSDWGGDTQYFGPG	2e-05
CASSSDWGGEAEQFFGPG	2e-05
CASSSDWGGFFGQYFGPG	2e-05
CASSSDWGGGNTLYFGAG	2e-05
CASSSDWGGHEQYFGPG	2e-05
CASSSDWGGKNTLYFGAG	2e-05
CASSSDWGGPETLYFGSG	2e-05
CASSSDWGGRAEQFFGPG	2e-05
CASSSDWGGRDEQYFGPG	2e-05
CASSSDWGGRQNTLYFGAG	2e-05
CASSSDWGGSAEQFFGPG	2e-05
CASSSDWGGSSYEQYFGPG	2e-05
CASSSDWGGYEQYFGPG	2e-05
CASSSDWGHYAEQFFGPG	2e-05
CASSSDWGKDTQYFGPG	2e-05
CASSSDWGKYEQYFGPG	2e-05
CASSSDWGPSAETLYFGSG	2e-05
CASSSDWGQQYFGPG	2e-05
CASSSDWGSSYEQYFGPG	2e-05
CASSSDWGVNTLYFGAG	2e-05
CASSSDWGVSYEQYFGPG	2e-05
CASSSDWRKETLYFGSG	2e-05
CASSSDWSSQNTLYFGAG	2e-05
CASSSDYAEQFFGPG	6.000000000000001e-05
CASSSDYEQYFGPG	2e-05
CASSSDYTFGSG	2e-05
CASSSEAGNTLYFGEG	2e-05
CASSSEGEGQYFGPG	2e-05
CASSSEGGDAEQFFGPG	2e-05
CASSSEGGGAYEQYFGPG	2e-05
CASSSEGGHTFGSG	2e-05
CASSSEGGRNQAPLFGEG	2e-05
CASSSEGKDTQYFGPG	2e-05
CASSSEGLGVYEQYFGPG	2e-05
CASSSEGMEVFFGKG	2e-05
CASSSEGNTGQLYFGEG	2e-05
CASSSEGYAEQFFGPG	2e-05
CASSSEHQNTLYFGAG	2e-05
CASSSEHTEVFFGKG	2e-05
CASSSEISNERLFFGHG	2e-05
CASSSERLFFGHG	2e-05
CASSSESAQYFGPG	2e-05
CASSSESNSDYTFGSG	2e-05
CASSSETLYFGSG	2e-05
CASSSFINTEVFFGKG	2e-05
CASSSFLRDSSGNTLYFGEG	2e-05
CASSSFNNQAPLFGEG	2e-05
CASSSFRGDQDTQYFGPG	2e-05
CASSSFRPTQDTQYFGPG	2e-05
CASSSFSSYEQYFGPG	2e-05
CASSSFWGRGDTQYFGPG	2e-05
CASSSGAAEQFFGPG	2e-05
CASSSGADEQYFGPG	2e-05
CASSSGAEGERLFFGHG	2e-05
CASSSGAETLYFGSG	2e-05
CASSSGAGKEVFFGKG	2e-05
CASSSGAGPLYFGSG	2e-05
CASSSGANAEQFFGPG	2e-05
CASSSGANQDTQYFGPG	2e-05
CASSSGANYAEQFFGPG	2e-05
CASSSGAPDTQYFGPG	2e-05
CASSSGAPLYFGEG	2e-05
CASSSGARDTGQLYFGEG	2e-05
CASSSGARYAKEAQYFGPG	2e-05
CASSSGATEVFFGKG	2e-05
CASSSGAYEQYFGPG	2e-05
CASSSGDAEQFFGPG	2e-05
CASSSGDETLYFGSG	2e-05
CASSSGDGAETLYFGSG	2e-05
CASSSGDGQDTQYFGPG	2e-05
CASSSGDGTEVFFGKG	6.000000000000001e-05
CASSSGDGTGQLYFGEG	2e-05
CASSSGDLTNTGQLYFGEG	2e-05
CASSSGDNQAPLFGEG	2e-05
CASSSGDNSPLYFGEG	4e-05
CASSSGDRDNPQYFGPG	2e-05
CASSSGDRGDQNTLYFGAG	2e-05
CASSSGDRGLYEQYFGPG	2e-05
CASSSGDSAETLYFGSG	2e-05
CASSSGDSGNTLYFGEG	2e-05
CASSSGDSYEQYFGPG	2e-05
CASSSGDTEVFFGKG	2e-05
CASSSGDWAYEQYFGPG	2e-05
CASSSGEAGQLYFGEG	2e-05
CASSSGEAQDTQYFGPG	2e-05
CASSSGEGTQYFGPG	2e-05
CASSSGEIDYAEQFFGPG	2e-05
CASSSGENSPLYFGEG	2e-05
CASSSGEQFFGPG	2e-05
CASSSGESTEVFFGKG	2e-05
CASSSGEVFFGKG	2e-05
CASSSGFSNERLFFGHG	2e-05
CASSSGFYEQYFGPG	2e-05
CASSSGGAKTLYFGSG	2e-05
CASSSGGANTQYFGPG	2e-05
CASSSGGAPETLYFGSG	2e-05
CASSSGGAPLFGEG	2e-05
CASSSGGAREQYFGPG	2e-05
CASSSGGARVEQYFGPG	4e-05
CASSSGGASAETLYFGSG	2e-05
CASSSGGATYEQYFGPG	2e-05
CASSSGGAYAEQFFGPG	2e-05
CASSSGGAYEQYFGPG	2e-05
CASSSGGDGTQYFGPG	2e-05
CASSSGGDPGQLYFGEG	2e-05
CASSSGGDTLYFGAG	2e-05
CASSSGGDTLYFGEG	2e-05
CASSSGGDYAEQFFGPG	2e-05
CASSSGGEAPQYFGPG	2e-05
CASSSGGEETLYFGSG	2e-05
CASSSGGFYEQYFGPG	2e-05
CASSSGGGERLFFGHG	2e-05
CASSSGGGGTQYFGPG	4e-05
CASSSGGGHGQLYFGEG	2e-05
CASSSGGGPTQYFGPG	2e-05
CASSSGGGQAPLFGEG	2e-05
CASSSGGGQLYFGEG	2e-05
CASSSGGGRAEQFFGPG	2e-05
CASSSGGGRDTQYFGPG	2e-05
CASSSGGKNTLYFGAG	4e-05
CASSSGGLAEQFFGPG	2e-05
CASSSGGPHAEQFFGPG	2e-05
CASSSGGPNTGQLYFGEG	2e-05
CASSSGGPSAETLYFGSG	2e-05
CASSSGGPTTGQLYFGEG	2e-05
CASSSGGQGAFTQYFGPG	2e-05
CASSSGGQGDERLFFGHG	4e-05
CASSSGGQGNTLYFGEG	2e-05
CASSSGGQNQDTQYFGPG	2e-05
CASSSGGQQYFGPG	2e-05
CASSSGGQTNTGQLYFGEG	2e-05
CASSSGGRAGQLYFGEG	2e-05
CASSSGGRDEQYFGPG	2e-05
CASSSGGRDQAPLFGEG	2e-05
CASSSGGRHAEQFFGPG	2e-05
CASSSGGRINERLFFGHG	2e-05
CASSSGGRNTGQLYFGEG	2e-05
CASSSGGRPSTLYFGAG	2e-05
CASSSGGRQNTLYFGAG	2e-05
CASSSGGRSDTQYFGPG	2e-05
CASSSGGRSYEQYFGPG	2e-05
CASSSGGRTEVFFGKG	2e-05
CASSSGGRWRNTLYFGAG	2e-05
CASSSGGSNERLFFGHG	2e-05
CASSSGGSNNQAPLFGEG	2e-05
CASSSGGSNQAPLFGEG	2e-05
CASSSGGSNYAEQFFGPG	2e-05
CASSSGGSSAETLYFGSG	2e-05
CASSSGGSSQNTLYFGAG	2e-05
CASSSGGTAETLYFGSG	6.000000000000001e-05
CASSSGGTNTEVFFGKG	2e-05
CASSSGGTTNTEVFFGKG	2e-05
CASSSGGVNTEVFFGKG	2e-05
CASSSGGVQNTLYFGAG	4e-05
CASSSGGVYEQYFGPG	2e-05
CASSSGGWEQYFGPG	2e-05
CASSSGGYEQYFGPG	4e-05
CASSSGGYNSPLYFGEG	2e-05
CASSSGHENSDYTFGSG	2e-05
CASSSGHFYEQYFGPG	2e-05
CASSSGHISNERLFFGHG	2e-05
CASSSGHLNTLYFGAG	2e-05
CASSSGHNQAPLFGEG	2e-05
CASSSGHQDTQYFGPG	2e-05
CASSSGHQNTEVFFGKG	2e-05
CASSSGHSNSDYTFGSG	2e-05
CASSSGHSSAETLYFGSG	2e-05
CASSSGHSYNSPLYFGEG	2e-05
CASSSGHTGQLYFGEG	2e-05
CASSSGHTSGNTLYFGEG	4e-05
CASSSGHYEQYFGPG	2e-05
CASSSGIAQTGQLYFGEG	2e-05
CASSSGIEVFFGKG	2e-05
CASSSGINNQAPLFGEG	4e-05
CASSSGISQNTLYFGAG	2e-05
CASSSGKASNSPLYFGEG	2e-05
CASSSGKSGNTLYFGEG	2e-05
CASSSGKSYNSPLYFGEG	2e-05
CASSSGLASNERLFFGHG	2e-05
CASSSGLFNQDTQYFGPG	2e-05
CASSSGLFYAEQFFGPG	2e-05
CASSSGLGAEQFFGPG	2e-05
CASSSGLGAEQYFGPG	2e-05
CASSSGLGANAETLYFGSG	4e-05
CASSSGLGANTQYFGPG	2e-05
CASSSGLGANYAEQFFGPG	2e-05
CASSSGLGERLFFGHG	2e-05
CASSSGLGGAETLYFGSG	2e-05
CASSSGLGGALRQNTLYFGAG	2e-05
CASSSGLGGGEQYFGPG	4e-05
CASSSGLGGGETLYFGSG	2e-05
CASSSGLGGGRDTQYFGPG	2e-05
CASSSGLGGGYEQYFGPG	2e-05
CASSSGLGGIYAEQFFGPG	2e-05
CASSSGLGGLDTLYFGAG	2e-05
CASSSGLGGLYEQYFGPG	2e-05
CASSSGLGGNQDTQYFGPG	2e-05
CASSSGLGGPGGQYFGPG	2e-05
CASSSGLGGPQNTLYFGAG	2e-05
CASSSGLGGPSQNTLYFGAG	2e-05
CASSSGLGGPTGQLYFGEG	2e-05
CASSSGLGGQNTLYFGAG	2e-05
CASSSGLGGRENTLYFGAG	2e-05
CASSSGLGGRGAETLYFGSG	2e-05
CASSSGLGGRSYEQYFGPG	2e-05
CASSSGLGGSTGQLYFGEG	2e-05
CASSSGLGGTEQYFGPG	2e-05
CASSSGLGGTETLYFGSG	2e-05
CASSSGLGGYTQYFGPG	2e-05
CASSSGLGHEQYFGPG	2e-05
CASSSGLGLSAETLYFGSG	2e-05
CASSSGLGNTGQLYFGEG	2e-05
CASSSGLGPGAETLYFGSG	2e-05
CASSSGLGPSQNTLYFGAG	2e-05
CASSSGLGPYAEQFFGPG	2e-05
CASSSGLGQNTLYFGAG	2e-05
CASSSGLGRYEQYFGPG	2e-05
CASSSGLGSQNTLYFGAG	2e-05
CASSSGLGSSYEQYFGPG	2e-05
CASSSGLGTLYFGSG	2e-05
CASSSGLGVAETLYFGSG	2e-05
CASSSGLGVNQDTQYFGPG	4e-05
CASSSGLGVSYEQYFGPG	2e-05
CASSSGLGVTGQLYFGEG	2e-05
CASSSGLGYAEQFFGPG	2e-05
CASSSGLKDTQYFGPG	2e-05
CASSSGLLAETLYFGSG	2e-05
CASSSGLLIERLFFGHG	2e-05
CASSSGLLNERLFFGHG	2e-05
CASSSGLNQDTQYFGPG	2e-05
CASSSGLNYAEQFFGPG	2e-05
CASSSGLPSQNTLYFGAG	2e-05
CASSSGLRANTGQLYFGEG	2e-05
CASSSGLRSYEQYFGPG	2e-05
CASSSGLSYEQYFGPG	2e-05
CASSSGLYAEQFFGPG	2e-05
CASSSGNGNTLYFGEG	2e-05
CASSSGNNNQAPLFGEG	4e-05
CASSSGNNQAPLFGEG	2e-05
CASSSGNSGNTLYFGEG	2e-05
CASSSGNSYEQYFGPG	2e-05
CASSSGNTGQLYFGEG	2e-05
CASSSGPDYTFGSG	2e-05
CASSSGPGDQNTLYFGAG	2e-05
CASSSGPGETQYFGPG	2e-05
CASSSGPGGGAETLYFGSG	2e-05
CASSSGPGGWENTLYFGAG	2e-05
CASSSGPGNTLYFGAG	2e-05
CASSSGPGNTQYFGPG	2e-05
CASSSGPGPDTQYFGPG	2e-05
CASSSGPKGDTQYFGPG	2e-05
CASSSGPNTEVFFGKG	2e-05
CASSSGPSSDYTFGSG	2e-05
CASSSGPYEQYFGPG	2e-05
CASSSGQAEVFFGKG	2e-05
CASSSGQAGERLFFGHG	2e-05
CASSSGQDSYEQYFGPG	4e-05
CASSSGQDTEVFFGKG	2e-05
CASSSGQEETLYFGSG	2e-05
CASSSGQENTLYFGAG	2e-05
CASSSGQETLYFGSG	4e-05
CASSSGQGADTGQLYFGEG	4e-05
CASSSGQGAGDTQYFGPG	2e-05
CASSSGQGANTEVFFGKG	2e-05
CASSSGQGANTGQLYFGEG	2e-05
CASSSGQGAREQYFGPG	2e-05
CASSSGQGARLFGKG	2e-05
CASSSGQGATQYFGPG	4e-05
CASSSGQGATVFFGKG	2e-05
CASSSGQGDTQYFGPG	2e-05
CASSSGQGDYAEQFFGPG	2e-05
CASSSGQGFAEQFFGPG	2e-05
CASSSGQGFYEQYFGPG	2e-05
CASSSGQGGNNQAPLFGEG	2e-05
CASSSGQGGYAEQFFGPG	2e-05
CASSSGQGGYEQYFGPG	2e-05
CASSSGQGKNQAPLFGEG	2e-05
CASSSGQGNSDYTFGSG	2e-05
CASSSGQGPNERLFFGHG	4e-05
CASSSGQGRSTEVFFGKG	2e-05
CASSSGQGRVFFGKG	2e-05
CASSSGQGSQAPLFGEG	2e-05
CASSSGQGSSDYTFGSG	2e-05
CASSSGQGTNERLFFGHG	2e-05
CASSSGQGTPEVFFGKG	2e-05
CASSSGQGVTEVFFGKG	2e-05
CASSSGQGYEQYFGPG	2e-05
CASSSGQIQDTQYFGPG	2e-05
CASSSGQKEVFFGKG	2e-05
CASSSGQKNTLYFGAG	2e-05
CASSSGQKYFGPG	2e-05
CASSSGQLNERLFFGHG	2e-05
CASSSGQMYNSPLYFGEG	4e-05
CASSSGQNNNQAPLFGEG	4e-05
CASSSGQNSDYTFGSG	4e-05
CASSSGQNYEQYFGPG	2e-05
CASSSGQRGNTLYFGEG	2e-05
CASSSGQRSGNTLYFGEG	4e-05
CASSSGQSNSDYTFGSG	2e-05
CASSSGQSNTEVFFGKG	2e-05
CASSSGQSSYEQYFGPG	2e-05
CASSSGQTNSDYTFGSG	2e-05
CASSSGQTSGNTLYFGEG	2e-05
CASSSGQTSPLYFGEG	2e-05
CASSSGQYAAQYFGPG	2e-05
CASSSGQYANSDYTFGSG	2e-05
CASSSGQYNQAPLFGEG	2e-05
CASSSGRADTQYFGPG	2e-05
CASSSGRAETLYFGSG	4e-05
CASSSGRANSDYTFGSG	2e-05
CASSSGRDEQYFGPG	4e-05
CASSSGRDTQYFGPG	2e-05
CASSSGRGFAETLYFGSG	2e-05
CASSSGRGFYAEQFFGPG	2e-05
CASSSGRGGGKYFGPG	2e-05
CASSSGRGGGNTLYFGEG	2e-05
CASSSGRGGGQYFGPG	2e-05
CASSSGRGGGTQYFGPG	2e-05
CASSSGRGNTLYFGEG	2e-05
CASSSGRGSDYTFGSG	2e-05
CASSSGRGSPLYFGEG	2e-05
CASSSGRGTEVFFGKG	2e-05
CASSSGRGTPYEQYFGPG	2e-05
CASSSGRKQYFGPG	2e-05
CASSSGRRARHTQYFGPG	4e-05
CASSSGRSNTEVFFGKG	2e-05
CASSSGRSQNTLYFGAG	2e-05
CASSSGRTEVFFGKG	2e-05
CASSSGRTGQLYFGEG	2e-05
CASSSGSAETLYFGSG	2e-05
CASSSGSEDTQYFGPG	2e-05
CASSSGSERLFFGHG	2e-05
CASSSGSETLYFGSG	2e-05
CASSSGSKTLYFGSG	4e-05
CASSSGSQAPLFGEG	2e-05
CASSSGSQDTQYFGPG	2e-05
CASSSGSQNTLYFGAG	2e-05
CASSSGSVAETLYFGSG	2e-05
CASSSGSYQDTQYFGPG	2e-05
CASSSGTAAETLYFGSG	2e-05
CASSSGTAETLYFGSG	2e-05
CASSSGTAEVFFGKG	2e-05
CASSSGTAGDTQYFGPG	4e-05
CASSSGTAGQLYFGEG	2e-05
CASSSGTANTEVFFGKG	2e-05
CASSSGTAQDTQYFGPG	2e-05
CASSSGTASGNTLYFGEG	2e-05
CASSSGTAYYGQLYFGEG	2e-05
CASSSGTDEQYFGPG	2e-05
CASSSGTDNERLFFGHG	2e-05
CASSSGTDQDTQYFGPG	2e-05
CASSSGTDSPLYFGEG	2e-05
CASSSGTENSDYTFGSG	2e-05
CASSSGTETLYFGSG	2e-05
CASSSGTEYAEQFFGPG	2e-05
CASSSGTFQDTQYFGPG	2e-05
CASSSGTGAAEQFFGPG	2e-05
CASSSGTGAQDTQYFGPG	2e-05
CASSSGTGARAETLYFGSG	2e-05
CASSSGTGATGQLYFGEG	2e-05
CASSSGTGAYEQYFGPG	2e-05
CASSSGTGAYGNTLYFGEG	2e-05
CASSSGTGEEVFFGKG	2e-05
CASSSGTGEGAEQFFGPG	2e-05
CASSSGTGEGAETLYFGSG	2e-05
CASSSGTGETSPLYFGEG	2e-05
CASSSGTGEVFFGKG	2e-05
CASSSGTGEVNERLFFGHG	2e-05
CASSSGTGFTEVFFGKG	2e-05
CASSSGTGFYEQYFGPG	4e-05
CASSSGTGGAHSDYTFGSG	2e-05
CASSSGTGGAKNTLYFGAG	4e-05
CASSSGTGGANYAEQFFGPG	2e-05
CASSSGTGGARDTQYFGPG	4e-05
CASSSGTGGAREQYFGPG	6.000000000000001e-05
CASSSGTGGAYAEQFFGPG	2e-05
CASSSGTGGDEQYFGPG	2e-05
CASSSGTGGEAEQFFGPG	2e-05
CASSSGTGGEAPLFGEG	2e-05
CASSSGTGGGERLFFGHG	2e-05
CASSSGTGGGQNTLYFGAG	2e-05
CASSSGTGGGSAETLYFGSG	2e-05
CASSSGTGGGTGQLYFGEG	2e-05
CASSSGTGGGTLYFGAG	4e-05
CASSSGTGGNTLYFGAG	2e-05
CASSSGTGGNTQYFGPG	2e-05
CASSSGTGGPRFTGQLYFGEG	2e-05
CASSSGTGGRQDTQYFGPG	2e-05
CASSSGTGGSETLYFGSG	2e-05
CASSSGTGGTGQLYFGEG	2e-05
CASSSGTGGTQYFGPG	2e-05
CASSSGTGGVEQYFGPG	2e-05
CASSSGTGGVHTQYFGPG	2e-05
CASSSGTGGWTEVFFGKG	2e-05
CASSSGTGGYAEQFFGPG	2e-05
CASSSGTGGYEQYFGPG	2e-05
CASSSGTGGYNSPLYFGEG	2e-05
CASSSGTGGYSQNTLYFGAG	2e-05
CASSSGTGGYTLYFGAG	2e-05
CASSSGTGHERLFFGHG	2e-05
CASSSGTGKTEVFFGKG	2e-05
CASSSGTGLTLYFGSG	2e-05
CASSSGTGNERLFFGHG	2e-05
CASSSGTGNQAPLFGEG	4e-05
CASSSGTGNTQYFGPG	2e-05
CASSSGTGPNTEVFFGKG	2e-05
CASSSGTGPYAEQFFGPG	2e-05
CASSSGTGPYEQYFGPG	2e-05
CASSSGTGQDTEVFFGKG	2e-05
CASSSGTGRAEQFFGPG	2e-05
CASSSGTGRGNTLYFGEG	2e-05
CASSSGTGRGTLYFGAG	2e-05
CASSSGTGRHEQYFGPG	2e-05
CASSSGTGRNTLYFGAG	2e-05
CASSSGTGSERLFFGHG	2e-05
CASSSGTGSSAETLYFGSG	2e-05
CASSSGTGSSQNTLYFGAG	2e-05
CASSSGTGSSYEQYFGPG	2e-05
CASSSGTGSTEVFFGKG	2e-05
CASSSGTGTYTGQLYFGEG	2e-05
CASSSGTGVGTQYFGPG	2e-05
CASSSGTGVYAEQFFGPG	2e-05
CASSSGTGVYEQYFGPG	2e-05
CASSSGTGYTEVFFGKG	2e-05
CASSSGTHNNQAPLFGEG	2e-05
CASSSGTHSGNTLYFGEG	2e-05
CASSSGTHYAEQFFGPG	2e-05
CASSSGTKDTQYFGPG	2e-05
CASSSGTKNTGQLYFGEG	2e-05
CASSSGTNGNTEVFFGKG	2e-05
CASSSGTNQAPLFGEG	2e-05
CASSSGTNSDYTFGSG	2e-05
CASSSGTNSPLYFGEG	2e-05
CASSSGTNTGQLYFGEG	2e-05
CASSSGTPNYAEQFFGPG	2e-05
CASSSGTRFYEQYFGPG	2e-05
CASSSGTRNSDYTFGSG	2e-05
CASSSGTRNTEVFFGKG	2e-05
CASSSGTRNTLYFGAG	2e-05
CASSSGTRQNTLYFGAG	2e-05
CASSSGTSHTEVFFGKG	2e-05
CASSSGTSNTGQLYFGEG	2e-05
CASSSGTSSGNTLYFGEG	2e-05
CASSSGTTNTGQLYFGEG	2e-05
CASSSGTTYAEQFFGPG	2e-05
CASSSGTVDTLYFGAG	2e-05
CASSSGTVEQYFGPG	2e-05
CASSSGTVNSPLYFGEG	2e-05
CASSSGTVYEQYFGPG	2e-05
CASSSGTYAEQFFGPG	2e-05
CASSSGTYNERLFFGHG	2e-05
CASSSGVEVFFGKG	2e-05
CASSSGVGNTQYFGPG	2e-05
CASSSGVGVNTLYFGAG	2e-05
CASSSGVIYNYAEQFFGPG	4e-05
CASSSGVNSYNSPLYFGEG	2e-05
CASSSGVSGNTLYFGEG	2e-05
CASSSGVSQNTLYFGAG	2e-05
CASSSGVYNSPLYFGEG	2e-05
CASSSGWEQYFGPG	2e-05
CASSSGWGAETLYFGSG	2e-05
CASSSGWGASGDQFFGPG	2e-05
CASSSGWQNTLYFGAG	2e-05
CASSSGYNNQAPLFGEG	2e-05
CASSSHAEQFFGPG	2e-05
CASSSHEQYFGPG	2e-05
CASSSHGAPLYFGEG	2e-05
CASSSHGARHTLYFGAG	4e-05
CASSSHGGGSNERLFFGHG	4e-05
CASSSHGQGAYEQYFGPG	2e-05
CASSSHKHPNTEVFFGKG	4e-05
CASSSHNERLFFGHG	2e-05
CASSSHRDKSNSDYTFGSG	2e-05
CASSSHRGATQYFGPG	2e-05
CASSSHRGDAEQFFGPG	2e-05
CASSSHRPPLYFGEG	2e-05
CASSSHSAETLYFGSG	2e-05
CASSSHSDYTFGSG	2e-05
CASSSHSNQDTQYFGPG	2e-05
CASSSHSNTEVFFGKG	2e-05
CASSSHSSAETLYFGSG	2e-05
CASSSHSYAEQFFGPG	2e-05
CASSSHVSGNTLYFGEG	2e-05
CASSSHWGGYEQYFGPG	2e-05
CASSSICEQYFGPG	2e-05
CASSSIDSANTEVFFGKG	6.000000000000001e-05
CASSSIGQGTYEQYFGPG	2e-05
CASSSIINTEVFFGKG	2e-05
CASSSINQDTQYFGPG	2e-05
CASSSINTGQLYFGEG	2e-05
CASSSIPGQGNSDYTFGSG	2e-05
CASSSIRGNQDTQYFGPG	8e-05
CASSSIRGRDTQYFGPG	2e-05
CASSSISGRAEQFFGPG	2e-05
CASSSISNERLFFGHG	2e-05
CASSSISNTEVFFGKG	2e-05
CASSSIWGQDTQYFGPG	4e-05
CASSSKANSDYTFGSG	2e-05
CASSSKDKNTEVFFGKG	2e-05
CASSSKDSDYTFGSG	4e-05
CASSSKGADTQYFGPG	2e-05
CASSSKGAGTGQLYFGEG	2e-05
CASSSKGAYEQYFGPG	2e-05
CASSSKGDTEVFFGKG	2e-05
CASSSKGKDTQYFGPG	2e-05
CASSSKGLGGDTGQLYFGEG	4e-05
CASSSKGLSYEQYFGPG	2e-05
CASSSKGNSDYTFGSG	2e-05
CASSSKGSPYEQFFGPG	2e-05
CASSSKISNERLFFGHG	2e-05
CASSSKLSNERLFFGHG	4e-05
CASSSKNQAPLFGEG	2e-05
CASSSKPSQNTLYFGAG	2e-05
CASSSKQGRGNSGNTLYFGEG	2e-05
CASSSKQGTDTEVFFGKG	2e-05
CASSSKSAETLYFGSG	2e-05
CASSSLDREDTQYFGPG	2e-05
CASSSLDRIYNSPLYFGEG	2e-05
CASSSLDWGAAEQFFGPG	2e-05
CASSSLGADNTLYFGAG	2e-05
CASSSLGAPSAETLYFGSG	2e-05
CASSSLGAQDTQYFGPG	2e-05
CASSSLGASQNTLYFGAG	2e-05
CASSSLGDYEQYFGPG	2e-05
CASSSLGENTLYFGAG	2e-05
CASSSLGERDTQYFGPG	2e-05
CASSSLGFSQNTLYFGAG	2e-05
CASSSLGGANQAPLFGEG	2e-05
CASSSLGGDEQYFGPG	2e-05
CASSSLGGDQDTQYFGPG	2e-05
CASSSLGGEAEQFFGPG	2e-05
CASSSLGGGAEQFFGPG	2e-05
CASSSLGGGYEQYFGPG	4e-05
CASSSLGGKDTQYFGPG	2e-05
CASSSLGGLAETLYFGSG	2e-05
CASSSLGGLYEQYFGPG	2e-05
CASSSLGGNNSPLYFGEG	4e-05
CASSSLGGPAETLYFGSG	2e-05
CASSSLGGPETLYFGSG	2e-05
CASSSLGGQDTQYFGPG	4e-05
CASSSLGGQNTLYFGAG	2e-05
CASSSLGGREEQYFGPG	2e-05
CASSSLGGRPYEQYFGPG	2e-05
CASSSLGGRYEQYFGPG	2e-05
CASSSLGGSETLYFGSG	2e-05
CASSSLGGSQNTLYFGAG	2e-05
CASSSLGGTGQLYFGEG	2e-05
CASSSLGGVKDTQYFGPG	2e-05
CASSSLGGWYAEQFFGPG	2e-05
CASSSLGHEQYFGPG	2e-05
CASSSLGIQNTLYFGAG	2e-05
CASSSLGKNTLYFGAG	2e-05
CASSSLGKQETLYFGSG	2e-05
CASSSLGLYEQYFGPG	2e-05
CASSSLGPDTQYFGPG	4e-05
CASSSLGQGINTLYFGAG	4e-05
CASSSLGQRNTEVFFGKG	2e-05
CASSSLGRSQNTLYFGAG	4e-05
CASSSLGRYPEPLYFGAG	2e-05
CASSSLGSEQYFGPG	2e-05
CASSSLGTNTGQLYFGEG	2e-05
CASSSLGTYAEQFFGPG	2e-05
CASSSLGVEQYFGPG	2e-05
CASSSLGVEVFFGKG	2e-05
CASSSLGVNQDTQYFGPG	2e-05
CASSSLGVSYEQYFGPG	2e-05
CASSSLGWGTLYFGAG	2e-05
CASSSLGYQDTQYFGPG	2e-05
CASSSLLDRGQNTLYFGAG	2e-05
CASSSLLESSYEQYFGPG	4e-05
CASSSLLGAQDTQYFGPG	4e-05
CASSSLLGEQYFGPG	2e-05
CASSSLLGGDYAEQFFGPG	4e-05
CASSSLLGGSAETLYFGSG	2e-05
CASSSLLGSQNTLYFGAG	4e-05
CASSSLLRDNYAEQFFGPG	2e-05
CASSSLNQDTQYFGPG	2e-05
CASSSLNSDYTFGSG	2e-05
CASSSLNSQNTLYFGAG	2e-05
CASSSLNTGQLYFGEG	2e-05
CASSSLPGGQDTQYFGPG	2e-05
CASSSLPGQGYTEVFFGKG	2e-05
CASSSLQDTQYFGPG	2e-05
CASSSLQGAGNTLYFGEG	2e-05
CASSSLQGANSDYTFGSG	2e-05
CASSSLQPNTEVFFGKG	2e-05
CASSSLQRSQNTLYFGAG	2e-05
CASSSLRDISSAETLYFGSG	2e-05
CASSSLRDSYAEQFFGPG	2e-05
CASSSLRGEQYFGPG	2e-05
CASSSLRHSYEQYFGPG	2e-05
CASSSLRISNERLFFGHG	2e-05
CASSSLRPYEQYFGPG	2e-05
CASSSLRVEQYFGPG	2e-05
CASSSLSGDNYAEQFFGPG	2e-05
CASSSLSNYAEQFFGPG	2e-05
CASSSLTGDEQYFGPG	2e-05
CASSSLTGEDTQYFGPG	2e-05
CASSSLTGGAEVFFGKG	2e-05
CASSSLTLKQDTQYFGPG	2e-05
CASSSLTSNTEVFFGKG	2e-05
CASSSLTSQNTLYFGAG	2e-05
CASSSLTVNQDTQYFGPG	2e-05
CASSSLVYAEQFFGPG	2e-05
CASSSLWGATEVFFGKG	2e-05
CASSSLWGGYAEQFFGPG	2e-05
CASSSMGAETLYFGSG	2e-05
CASSSMGGQDTQYFGPG	2e-05
CASSSMGNTGQLYFGEG	2e-05
CASSSMTDTEVFFGKG	2e-05
CASSSMTGGTEVFFGKG	2e-05
CASSSMTTNSDYTFGSG	2e-05
CASSSNCQNTLYFGAG	2e-05
CASSSNGDEQYFGPG	2e-05
CASSSNGPSQNTLYFGAG	2e-05
CASSSNLYEQYFGPG	2e-05
CASSSNNQAPLFGEG	2e-05
CASSSNPPEVFFGKG	2e-05
CASSSNRDEQYFGPG	2e-05
CASSSNRGWAEQFFGPG	2e-05
CASSSNRNTEVFFGKG	2e-05
CASSSNRVEQYFGPG	2e-05
CASSSNRVQNTLYFGAG	2e-05
CASSSNRVYAEQFFGPG	2e-05
CASSSNSAETLYFGSG	2e-05
CASSSNSNERLFFGHG	2e-05
CASSSNTGQLYFGEG	2e-05
CASSSNWGDGSQNTLYFGAG	2e-05
CASSSNWGDYEQYFGPG	4e-05
CASSSNWGEYFGPG	2e-05
CASSSNWGTSQNTLYFGAG	2e-05
CASSSNWGYYAEQFFGPG	2e-05
CASSSPAGGAETLYFGSG	2e-05
CASSSPAGPEVFFGKG	2e-05
CASSSPAYEQYFGPG	2e-05
CASSSPDAEQFFGPG	2e-05
CASSSPDRAYAEQFFGPG	2e-05
CASSSPDRGREAPLFGEG	2e-05
CASSSPDSGNTLYFGEG	2e-05
CASSSPDTEVFFGKG	2e-05
CASSSPDTNSDYTFGSG	2e-05
CASSSPDTQYFGPG	2e-05
CASSSPDWGDYEQYFGPG	2e-05
CASSSPGAGQAPLFGEG	2e-05
CASSSPGANYAEQFFGPG	4e-05
CASSSPGAPLFGEG	2e-05
CASSSPGARNTLYFGAG	2e-05
CASSSPGATGQLYFGEG	2e-05
CASSSPGDNYAEQFFGPG	2e-05
CASSSPGGAKDTQYFGPG	2e-05
CASSSPGGANGQLYFGEG	2e-05
CASSSPGGCAETLYFGSG	2e-05
CASSSPGGEDTLYFGAG	2e-05
CASSSPGGGDTLYFGAG	4e-05
CASSSPGGGEQYFGPG	2e-05
CASSSPGGISNERLFFGHG	2e-05
CASSSPGGIYAEQFFGPG	2e-05
CASSSPGGKYEQYFGPG	2e-05
CASSSPGGLYFGEG	2e-05
CASSSPGGRVSDYTFGSG	2e-05
CASSSPGGSDYTFGSG	2e-05
CASSSPGHSGNTLYFGEG	2e-05
CASSSPGLGGGPDTQYFGPG	2e-05
CASSSPGLGGIEQYFGPG	2e-05
CASSSPGLGGRETLYFGSG	4e-05
CASSSPGLGQDTQYFGPG	2e-05
CASSSPGLGRYEQYFGPG	2e-05
CASSSPGLGSSAETLYFGSG	2e-05
CASSSPGLPNERLFFGHG	2e-05
CASSSPGLSNERLFFGHG	2e-05
CASSSPGNEQYFGPG	2e-05
CASSSPGNTLYFGEG	2e-05
CASSSPGPAREYDAETLYFGSG	2e-05
CASSSPGQAAETLYFGSG	4e-05
CASSSPGQGFSNERLFFGHG	2e-05
CASSSPGQGFTEVFFGKG	2e-05
CASSSPGQGGKVFFGKG	4e-05
CASSSPGQGHTEVFFGKG	2e-05
CASSSPGQGNERLFFGHG	2e-05
CASSSPGQGNTEVFFGKG	2e-05
CASSSPGQGRQAPLFGEG	2e-05
CASSSPGQGSAETLYFGSG	2e-05
CASSSPGQGSDYTFGSG	2e-05
CASSSPGQHQAPLFGEG	2e-05
CASSSPGQLSSYEQYFGPG	2e-05
CASSSPGQLYEQYFGPG	2e-05
CASSSPGQNQAPLFGEG	2e-05
CASSSPGQRDTQYFGPG	2e-05
CASSSPGQSETLYFGSG	2e-05
CASSSPGQSSYEQYFGPG	2e-05
CASSSPGQTNSDYTFGSG	2e-05
CASSSPGQYAEQFFGPG	4e-05
CASSSPGRGDTQYFGPG	2e-05
CASSSPGSGNTLYFGEG	2e-05
CASSSPGTENTEVFFGKG	2e-05
CASSSPGTGGNQNTLYFGAG	2e-05
CASSSPGTGGNTLYFGEG	2e-05
CASSSPGTGSETLYFGSG	4e-05
CASSSPGTLNTEVFFGKG	2e-05
CASSSPGTPNQAPLFGEG	6.000000000000001e-05
CASSSPGTRTQYFGPG	2e-05
CASSSPGTVKNTLYFGAG	2e-05
CASSSPGTVNQAPLFGEG	2e-05
CASSSPGTYEQYFGPG	2e-05
CASSSPGWDTEVFFGKG	2e-05
CASSSPGYEQYFGPG	2e-05
CASSSPHNYAEQFFGPG	2e-05
CASSSPIANSDYTFGSG	2e-05
CASSSPKVSNERLFFGHG	2e-05
CASSSPLGDQDTQYFGPG	2e-05
CASSSPNANTEVFFGKG	2e-05
CASSSPPASQNTLYFGAG	2e-05
CASSSPPDRNSDYTFGSG	2e-05
CASSSPPKVFFGKG	2e-05
CASSSPPTSQNTLYFGAG	2e-05
CASSSPQGPETLYFGSG	2e-05
CASSSPQTVYFGAG	2e-05
CASSSPRDPGQLYFGEG	2e-05
CASSSPRDRGQEQYFGPG	2e-05
CASSSPREGYAEQFFGPG	2e-05
CASSSPRENYAEQFFGPG	2e-05
CASSSPRGQNTLYFGAG	4e-05
CASSSPRGRETLYFGSG	2e-05
CASSSPRLGGRDAETLYFGSG	2e-05
CASSSPRTGYEQYFGPG	4e-05
CASSSPRTVYEQYFGPG	2e-05
CASSSPSGTGGFYEQYFGPG	4e-05
CASSSPSQNTLYFGAG	2e-05
CASSSPSSYEQYFGPG	2e-05
CASSSPSYSGNTLYFGEG	4e-05
CASSSPTGGAETLYFGSG	2e-05
CASSSPTGGARAEQFFGPG	2e-05
CASSSPTGGDEQYFGPG	2e-05
CASSSPTGGVLEQYFGPG	2e-05
CASSSPTGIAETLYFGSG	2e-05
CASSSPTGRQNTLYFGAG	2e-05
CASSSPTGSAETLYFGSG	4e-05
CASSSPTGWEQYFGPG	2e-05
CASSSPTGWNTEVFFGKG	2e-05
CASSSPTNNNQAPLFGEG	2e-05
CASSSPTNSDYTFGSG	2e-05
CASSSPTNSGNTLYFGEG	2e-05
CASSSPVSAETLYFGSG	2e-05
CASSSPVSYEQYFGPG	2e-05
CASSSPWDDTEVFFGKG	4e-05
CASSSPYDQNTLYFGAG	2e-05
CASSSPYSSYEQYFGPG	2e-05
CASSSQAAHSGNTLYFGEG	4e-05
CASSSQAANTEVFFGKG	2e-05
CASSSQAETLYFGSG	2e-05
CASSSQAGGAETLYFGSG	2e-05
CASSSQANSDYTFGSG	2e-05
CASSSQAPLFGEG	4e-05
CASSSQASQNTLYFGAG	2e-05
CASSSQDANTEVFFGKG	2e-05
CASSSQDQDTQYFGPG	2e-05
CASSSQDQVFFGKG	2e-05
CASSSQDRNQDTQYFGPG	2e-05
CASSSQDSYNSPLYFGEG	4e-05
CASSSQETEVFFGKG	2e-05
CASSSQFYEQYFGPG	2e-05
CASSSQGAAYEQYFGPG	2e-05
CASSSQGADTLYFGAG	2e-05
CASSSQGADTQYFGPG	2e-05
CASSSQGAEGTLYFGAG	2e-05
CASSSQGAEQFFGPG	4e-05
CASSSQGAEVFFGKG	2e-05
CASSSQGAGGNTLYFGEG	2e-05
CASSSQGAGNTLYFGEG	2e-05
CASSSQGAKDTQYFGPG	2e-05
CASSSQGAKVFFGKG	2e-05
CASSSQGALEQYFGPG	2e-05
CASSSQGANERLFFGHG	2e-05
CASSSQGAQNTLYFGAG	2e-05
CASSSQGARVNYAEQFFGPG	4e-05
CASSSQGARYAEQFFGPG	2e-05
CASSSQGASSDYTFGSG	2e-05
CASSSQGAYSDYTFGSG	2e-05
CASSSQGDNQAPLFGEG	2e-05
CASSSQGEALYFGEG	2e-05
CASSSQGEDAEQFFGPG	2e-05
CASSSQGEDTEVFFGKG	2e-05
CASSSQGEDTQYFGPG	2e-05
CASSSQGESDYTFGSG	2e-05
CASSSQGFANTEVFFGKG	2e-05
CASSSQGFSNERLFFGHG	2e-05
CASSSQGFYAEQFFGPG	2e-05
CASSSQGGAEQFFGPG	2e-05
CASSSQGGEVFFGKG	2e-05
CASSSQGGEYFGPG	2e-05
CASSSQGGGNTLYFGEG	4e-05
CASSSQGGNTQYFGPG	2e-05
CASSSQGGTLYFGAG	2e-05
CASSSQGGYAEQFFGPG	2e-05
CASSSQGIPSYEQYFGPG	4e-05
CASSSQGKGNTLYFGAG	2e-05
CASSSQGLNTEVFFGKG	2e-05
CASSSQGLNYAEQFFGPG	2e-05
CASSSQGLSNERLFFGHG	2e-05
CASSSQGNNYAEQFFGPG	2e-05
CASSSQGNQNTLYFGAG	2e-05
CASSSQGPNERLFFGHG	2e-05
CASSSQGPQDTQYFGPG	2e-05
CASSSQGQPNTEVFFGKG	2e-05
CASSSQGRDSDYTFGSG	2e-05
CASSSQGRETLYFGSG	2e-05
CASSSQGRGDERLFFGHG	2e-05
CASSSQGRGLFFGHG	2e-05
CASSSQGRGQDTQYFGPG	2e-05
CASSSQGRNSDYTFGSG	4e-05
CASSSQGRTEVFFGKG	2e-05
CASSSQGSAETLYFGSG	2e-05
CASSSQGSEVFFGKG	2e-05
CASSSQGSQTTLYFGAG	2e-05
CASSSQGSSDYTFGSG	2e-05
CASSSQGSTEVFFGKG	4e-05
CASSSQGTEVFFGKG	2e-05
CASSSQGTNTEVFFGKG	2e-05
CASSSQGVDTEVFFGKG	2e-05
CASSSQGVETLYFGSG	2e-05
CASSSQGVGAETLYFGSG	4e-05
CASSSQGWQNTLYFGAG	2e-05
CASSSQGWVFFGKG	4e-05
CASSSQGYAEQFFGPG	2e-05
CASSSQGYGAETLYFGSG	2e-05
CASSSQGYQNTLYFGAG	2e-05
CASSSQGYRAETLYFGSG	2e-05
CASSSQLEVFFGKG	2e-05
CASSSQLVVEQYFGPG	2e-05
CASSSQNHSGNTLYFGEG	2e-05
CASSSQNTEVFFGKG	2e-05
CASSSQNYSDYTFGSG	2e-05
CASSSQQVANTEVFFGKG	2e-05
CASSSQRNTEVFFGKG	2e-05
CASSSQRNTLYFGEG	2e-05
CASSSQRNYAEQFFGPG	4e-05
CASSSQRSGNTLYFGEG	2e-05
CASSSQRSGQLYFGEG	2e-05
CASSSQRSQNTLYFGAG	2e-05
CASSSQSNSDYTFGSG	2e-05
CASSSQSSYEQYFGPG	2e-05
CASSSQSYNSDYTFGSG	2e-05
CASSSQTFSGNTLYFGEG	2e-05
CASSSQTGDYNSPLYFGEG	4e-05
CASSSQTGKGERLFFGHG	2e-05
CASSSQVEQYFGPG	2e-05
CASSSQVGTEVFFGKG	4e-05
CASSSQVSGNTLYFGEG	2e-05
CASSSQWAVTEVFFGKG	2e-05
CASSSQWISPLYFGEG	2e-05
CASSSQYEQYFGPG	2e-05
CASSSQYSDYTFGSG	2e-05
CASSSRADTQYFGPG	2e-05
CASSSRAEGTGQLYFGEG	2e-05
CASSSRAGDQDTQYFGPG	2e-05
CASSSRAGDTGQLYFGEG	2e-05
CASSSRAGGAETLYFGSG	2e-05
CASSSRAGGPQDTQYFGPG	4e-05
CASSSRAGHEQYFGPG	2e-05
CASSSRAGLEQYFGPG	2e-05
CASSSRAGVSGNTLYFGEG	2e-05
CASSSRALSSYEQYFGPG	2e-05
CASSSRANSYEQYFGPG	2e-05
CASSSRARANTEVFFGKG	2e-05
CASSSRASYCGNTLYFGEG	2e-05
CASSSRATGQLYFGEG	2e-05
CASSSRDENTLYFGAG	2e-05
CASSSRDFQVFFGKG	2e-05
CASSSRDGYAEQFFGPG	2e-05
CASSSRDIISNERLFFGHG	2e-05
CASSSRDISYEQYFGPG	2e-05
CASSSRDKDTQYFGPG	2e-05
CASSSRDKNQAPLFGEG	2e-05
CASSSRDNNERLFFGHG	2e-05
CASSSRDNTEVFFGKG	2e-05
CASSSRDPDNYAEQFFGPG	2e-05
CASSSRDPNSDYTFGSG	2e-05
CASSSRDQDTQYFGPG	2e-05
CASSSRDQGQNTLYFGAG	2e-05
CASSSRDRANTEVFFGKG	2e-05
CASSSRDRDDSDYTFGSG	2e-05
CASSSRDREGAETLYFGSG	2e-05
CASSSRDREGNTLYFGEG	2e-05
CASSSRDRENERLFFGHG	4e-05
CASSSRDRGNQAPLFGEG	2e-05
CASSSRDRGNTLYFGAG	2e-05
CASSSRDRGPERLFFGHG	2e-05
CASSSRDRGQDNQAPLFGEG	2e-05
CASSSRDRGTEVFFGKG	2e-05
CASSSRDRGYTQYFGPG	2e-05
CASSSRDRQDTQYFGPG	2e-05
CASSSRDRREVFFGKG	2e-05
CASSSRDRSQNTLYFGAG	2e-05
CASSSRDRSYEQYFGPG	2e-05
CASSSRDRTEVFFGKG	2e-05
CASSSRDRVNTGQLYFGEG	2e-05
CASSSRDSDYTFGSG	2e-05
CASSSRDSKDTQYFGPG	2e-05
CASSSRDSLHKQYFGPG	2e-05
CASSSRDSNSPLYFGEG	2e-05
CASSSRDSPLYFGEG	2e-05
CASSSRDSPYEQYFGPG	2e-05
CASSSRDSQDTQYFGPG	2e-05
CASSSRDSSYEQYFGPG	2e-05
CASSSRDTEVFFGKG	2e-05
CASSSRDTHSNERLFFGHG	2e-05
CASSSRDTLYFGAG	2e-05
CASSSRDTYNYAEQFFGPG	2e-05
CASSSRDVRQNTLYFGAG	2e-05
CASSSRDWGGDDTQYFGPG	2e-05
CASSSRDWGGHEQYFGPG	2e-05
CASSSRDWGLEQYFGPG	2e-05
CASSSRDWGNTGQLYFGEG	2e-05
CASSSRDWGNYAEQFFGPG	2e-05
CASSSRDWGRGTQYFGPG	2e-05
CASSSRDWRDTQYFGPG	4e-05
CASSSRDWVYEQYFGPG	2e-05
CASSSREDTQYFGPG	2e-05
CASSSREGTEVFFGKG	2e-05
CASSSRELKDTQYFGPG	4e-05
CASSSRESAETLYFGSG	2e-05
CASSSRESNTEVFFGKG	2e-05
CASSSREYSDYTFGSG	4e-05
CASSSRFAETLYFGSG	2e-05
CASSSRGANSDYTFGSG	2e-05
CASSSRGDEQYFGPG	2e-05
CASSSRGEAEQFFGPG	2e-05
CASSSRGEDTLYFGAG	2e-05
CASSSRGESTEVFFGKG	2e-05
CASSSRGGDERLFFGHG	2e-05
CASSSRGGDQDTQYFGPG	2e-05
CASSSRGGDSDYTFGSG	2e-05
CASSSRGGPQYFGPG	2e-05
CASSSRGGQNTLYFGAG	2e-05
CASSSRGGRAEQFFGPG	2e-05
CASSSRGGSAETLYFGSG	4e-05
CASSSRGGSEQYFGPG	2e-05
CASSSRGGTQYFGPG	2e-05
CASSSRGITLYFGSG	2e-05
CASSSRGLDTGQLYFGEG	2e-05
CASSSRGLDTQYFGPG	2e-05
CASSSRGLGDSQNTLYFGAG	2e-05
CASSSRGNAETLYFGSG	2e-05
CASSSRGNSDYTFGSG	2e-05
CASSSRGPAYEQYFGPG	2e-05
CASSSRGPSNERLFFGHG	2e-05
CASSSRGPYEQYFGPG	2e-05
CASSSRGRAETLYFGSG	2e-05
CASSSRGRDPDYTFGSG	4e-05
CASSSRGRGNSDYTFGSG	2e-05
CASSSRGRNTLYFGAG	2e-05
CASSSRGRQNTLYFGAG	2e-05
CASSSRGRSAETLYFGSG	2e-05
CASSSRGSDYTFGSG	2e-05
CASSSRGSNQAPLFGEG	2e-05
CASSSRGSSYEQYFGPG	2e-05
CASSSRGSYFGAG	2e-05
CASSSRGTDYTFGSG	2e-05
CASSSRGTGGTEVFFGKG	2e-05
CASSSRHHANTGQLYFGEG	2e-05
CASSSRHLQDTQYFGPG	2e-05
CASSSRHNQAPLFGEG	4e-05
CASSSRHSGNTLYFGEG	4e-05
CASSSRHTSAETLYFGSG	2e-05
CASSSRISYEQYFGPG	2e-05
CASSSRIYAEQFFGPG	2e-05
CASSSRKAERLFFGHG	2e-05
CASSSRKGNNQAPLFGEG	2e-05
CASSSRKLNERLFFGHG	2e-05
CASSSRKSAETLYFGSG	2e-05
CASSSRLDQDTQYFGPG	4e-05
CASSSRLFFGHG	4e-05
CASSSRLGAYAEQFFGPG	2e-05
CASSSRLGDSYEQYFGPG	2e-05
CASSSRLGEDTQYFGPG	2e-05
CASSSRLGENTQYFGPG	2e-05
CASSSRLGGGEQYFGPG	2e-05
CASSSRLGGHAEQFFGPG	2e-05
CASSSRLGGLYAEQFFGPG	4e-05
CASSSRLGGPAEQFFGPG	2e-05
CASSSRLGGQYFGPG	2e-05
CASSSRLGGRKDTQYFGPG	2e-05
CASSSRLGGRQNTLYFGAG	2e-05
CASSSRLGGRSAETLYFGSG	2e-05
CASSSRLGGYAEQFFGPG	2e-05
CASSSRLGNNYAEQFFGPG	2e-05
CASSSRLGNYAEQFFGPG	2e-05
CASSSRLGQNTLYFGAG	4e-05
CASSSRLGRDTQYFGPG	2e-05
CASSSRLGSSYEQYFGPG	2e-05
CASSSRLGVYEQYFGPG	2e-05
CASSSRLSNERLFFGHG	4e-05
CASSSRLTNTGQLYFGEG	2e-05
CASSSRLVAYFGAG	2e-05
CASSSRNGGGTQYFGPG	2e-05
CASSSRNSDYTFGSG	2e-05
CASSSRNTEVFFGKG	2e-05
CASSSRNYEQYFGPG	2e-05
CASSSRPAETLYFGSG	2e-05
CASSSRPGAGNTLYFGEG	2e-05
CASSSRQANSDYTFGSG	2e-05
CASSSRQDQDTQYFGPG	4e-05
CASSSRQDTEVFFGKG	4e-05
CASSSRQFQNTLYFGAG	2e-05
CASSSRQFYEQYFGPG	2e-05
CASSSRQGGDTQYFGPG	2e-05
CASSSRQGGNTEVFFGKG	2e-05
CASSSRQGGNYAEQFFGPG	2e-05
CASSSRQGGQDTQYFGPG	2e-05
CASSSRQGGSAETLYFGSG	2e-05
CASSSRQGLPEQFFGPG	2e-05
CASSSRQGNQDTQYFGPG	2e-05
CASSSRQGNTLYFGEG	2e-05
CASSSRQGSNERLFFGHG	2e-05
CASSSRQGTETLYFGSG	2e-05
CASSSRQGYTEVFFGKG	4e-05
CASSSRQHNYAEQFFGPG	2e-05
CASSSRQIYEQYFGPG	2e-05
CASSSRQNQAPLFGEG	2e-05
CASSSRQNTGQLYFGEG	2e-05
CASSSRQPDTQYFGPG	2e-05
CASSSRQSGNTLYFGEG	4e-05
CASSSRQSNTEVFFGKG	2e-05
CASSSRQTNTEVFFGKG	2e-05
CASSSRQYFGPG	2e-05
CASSSRRATEVFFGKG	2e-05
CASSSRRDREREVFFGKG	2e-05
CASSSRRDTQYFGPG	2e-05
CASSSRRENSDYTFGSG	2e-05
CASSSRRQGGSQNTLYFGAG	2e-05
CASSSRRSQNTLYFGAG	2e-05
CASSSRSGDREQFFGPG	2e-05
CASSSRSSYNSPLYFGEG	2e-05
CASSSRSYEQYFGPG	2e-05
CASSSRTANTGQLYFGEG	2e-05
CASSSRTAQYFGPG	2e-05
CASSSRTDNNQAPLFGEG	2e-05
CASSSRTDQDTQYFGPG	2e-05
CASSSRTDSGNTLYFGEG	4e-05
CASSSRTDSKAHFFGKG	4e-05
CASSSRTDYAEQFFGPG	2e-05
CASSSRTEVFFGKG	2e-05
CASSSRTFAETLYFGSG	2e-05
CASSSRTGANERLFFGHG	2e-05
CASSSRTGDNNQAPLFGEG	2e-05
CASSSRTGGDRAEQFFGPG	2e-05
CASSSRTGGGPDTQYFGPG	2e-05
CASSSRTGGNTEVFFGKG	2e-05
CASSSRTGGPGNTLYFGEG	2e-05
CASSSRTGGPYAEQFFGPG	2e-05
CASSSRTGGSQNTLYFGAG	2e-05
CASSSRTGLPLYFGAG	2e-05
CASSSRTGQNTLYFGAG	2e-05
CASSSRTGTAEVFFGKG	2e-05
CASSSRTIDTQYFGPG	2e-05
CASSSRTISNERLFFGHG	2e-05
CASSSRTPSGNTLYFGEG	2e-05
CASSSRTVNNQAPLFGEG	2e-05
CASSSRTVYEQYFGPG	2e-05
CASSSRVFSNERLFFGHG	2e-05
CASSSRVFYCGNTLYFGEG	2e-05
CASSSRVSHCGKWQRNAEQFFGPG	2e-05
CASSSRVSYCGKRQRNAEQFFGPG	2e-05
CASSSRVSYCGKSQRNAEQFFGPG	4e-05
CASSSRVSYCGKWQHNAEQFFGPG	2e-05
CASSSRVSYCGKWQRTAEQFFGPG	2e-05
CASSSRVSYCRKWQRNAEQFFGPG	2e-05
CASSSRVSYWGQWQRNAEQFFGPG	2e-05
CASSSRVVNYAEQFFGPG	2e-05
CASSSRVYSSGNTLYFGEG	2e-05
CASSSSDRGPPLYFGAG	4e-05
CASSSSDTQYFGPG	2e-05
CASSSSENTEVFFGKG	2e-05
CASSSSETLYFGSG	2e-05
CASSSSFAEQFFGPG	2e-05
CASSSSFQDTQYFGPG	2e-05
CASSSSGASAETLYFGSG	2e-05
CASSSSGAVAETLYFGSG	2e-05
CASSSSGENTGQLYFGEG	2e-05
CASSSSGGANAETLYFGSG	2e-05
CASSSSGGDQYFGPG	2e-05
CASSSSGGEDERLFFGHG	2e-05
CASSSSGGGGEQFFGPG	2e-05
CASSSSGGNSDYTFGSG	4e-05
CASSSSGGPNTEVFFGKG	2e-05
CASSSSGGPNTLYFGAG	4e-05
CASSSSGGRDTQYFGPG	2e-05
CASSSSGGSSAETLYFGSG	2e-05
CASSSSGKQTLYFGSG	2e-05
CASSSSGKSNTGQLYFGEG	2e-05
CASSSSGLGPNYAEQFFGPG	2e-05
CASSSSGNKQYFGPG	2e-05
CASSSSGNSGNTLYFGEG	2e-05
CASSSSGQDTQYFGPG	2e-05
CASSSSGSETLYFGSG	4e-05
CASSSSGSQNTLYFGAG	2e-05
CASSSSGTGAETLYFGSG	2e-05
CASSSSGTGAYEQYFGPG	2e-05
CASSSSGTGGAPDTQYFGPG	2e-05
CASSSSGTGGNTGQLYFGEG	2e-05
CASSSSGTGSYEQYFGPG	2e-05
CASSSSGTNTEVFFGKG	2e-05
CASSSSGTTNERLFFGHG	2e-05
CASSSSHKDTQYFGPG	2e-05
CASSSSHRGYEQYFGPG	2e-05
CASSSSIPEVFFGKG	2e-05
CASSSSLGGGAETLYFGSG	2e-05
CASSSSLGGRGEQYFGPG	2e-05
CASSSSLGQSSYEQYFGPG	2e-05
CASSSSLGWNYAEQFFGPG	2e-05
CASSSSLPGLGGYSYEQYFGPG	2e-05
CASSSSNERLFFGHG	2e-05
CASSSSNNQAPLFGEG	2e-05
CASSSSNQAPLFGEG	2e-05
CASSSSPLYFGEG	4e-05
CASSSSPYNERLFFGHG	2e-05
CASSSSQGSTEVFFGKG	4e-05
CASSSSQNTLYFGAG	2e-05
CASSSSRANPYFGPG	2e-05
CASSSSRDFQDTQYFGPG	2e-05
CASSSSRDREDNQAPLFGEG	2e-05
CASSSSRDRGYEQYFGPG	2e-05
CASSSSRGDTGQLYFGEG	2e-05
CASSSSRGPNSPLYFGEG	2e-05
CASSSSRGSTEVFFGKG	2e-05
CASSSSRNTLYFGAG	2e-05
CASSSSRPQYFGPG	4e-05
CASSSSRSDYTFGSG	2e-05
CASSSSRVEQYFGPG	2e-05
CASSSSSGEQYFGPG	2e-05
CASSSSSQNTLYFGAG	2e-05
CASSSSSSQNTLYFGAG	2e-05
CASSSSSYEQYFGPG	2e-05
CASSSSTAYEQYFGPG	2e-05
CASSSSTGGALEQYFGPG	2e-05
CASSSSTGGASQNTLYFGAG	2e-05
CASSSSTGSQNTLYFGAG	2e-05
CASSSSVNYAEQFFGPG	4e-05
CASSSSWGANAETLYFGSG	2e-05
CASSSSWGGDAETLYFGSG	2e-05
CASSSTAEVFFGKG	2e-05
CASSSTAINQDTQYFGPG	2e-05
CASSSTAQAPLFGEG	4e-05
CASSSTASSYEQYFGPG	2e-05
CASSSTAYAEQFFGPG	2e-05
CASSSTDISYEQYFGPG	2e-05
CASSSTDNYAEQFFGPG	2e-05
CASSSTDQDTQYFGPG	4e-05
CASSSTDQNTLYFGAG	2e-05
CASSSTDRGYEQYFGPG	2e-05
CASSSTDSYTSPLYFGEG	2e-05
CASSSTETTLYFGAG	2e-05
CASSSTFSQNTLYFGAG	2e-05
CASSSTGAGNTLYFGEG	2e-05
CASSSTGAGQLYFGEG	2e-05
CASSSTGARAETLYFGSG	2e-05
CASSSTGASAAETLYFGSG	2e-05
CASSSTGASYEQYFGPG	2e-05
CASSSTGDERLFFGHG	2e-05
CASSSTGDGGQLYFGEG	2e-05
CASSSTGDQAPLFGEG	2e-05
CASSSTGDQDTQYFGPG	2e-05
CASSSTGDYEQYFGPG	2e-05
CASSSTGEDTGQLYFGEG	2e-05
CASSSTGEETLYFGSG	2e-05
CASSSTGEGNTLYFGAG	4e-05
CASSSTGFGAETLYFGSG	2e-05
CASSSTGFSGNTLYFGEG	2e-05
CASSSTGFSQNTLYFGAG	2e-05
CASSSTGGAAGQLYFGEG	2e-05
CASSSTGGAALYFGAG	2e-05
CASSSTGGAETLYFGSG	2e-05
CASSSTGGAFAEQFFGPG	2e-05
CASSSTGGAFAETLYFGSG	2e-05
CASSSTGGAGAEQFFGPG	2e-05
CASSSTGGAGGQLYFGEG	2e-05
CASSSTGGAGGYFGPG	2e-05
CASSSTGGAHTGQLYFGEG	2e-05
CASSSTGGAIEQYFGPG	2e-05
CASSSTGGALDTQYFGPG	2e-05
CASSSTGGANQAPLFGEG	2e-05
CASSSTGGANQDTQYFGPG	4e-05
CASSSTGGANTLYFGAG	2e-05
CASSSTGGAQYFGPG	2e-05
CASSSTGGARAEQFFGPG	4e-05
CASSSTGGARAETLYFGSG	2e-05
CASSSTGGARNTGQLYFGEG	4e-05
CASSSTGGARSDYTFGSG	2e-05
CASSSTGGARYEQYFGPG	2e-05
CASSSTGGASAETLYFGSG	2e-05
CASSSTGGATEQFFGPG	2e-05
CASSSTGGATLYFGAG	4e-05
CASSSTGGDTLYFGAG	6.000000000000001e-05
CASSSTGGEETLYFGSG	2e-05
CASSSTGGEGAETLYFGSG	2e-05
CASSSTGGEQFFGPG	2e-05
CASSSTGGFAEQFFGPG	2e-05
CASSSTGGGDTQYFGPG	2e-05
CASSSTGGGEVFFGKG	2e-05
CASSSTGGGNTLYFGEG	2e-05
CASSSTGGGPNTQYFGPG	2e-05
CASSSTGGGTQNTLYFGAG	4e-05
CASSSTGGGVFFGKG	2e-05
CASSSTGGIAETLYFGSG	2e-05
CASSSTGGKVFFGKG	2e-05
CASSSTGGLNTGQLYFGEG	2e-05
CASSSTGGLSEQFFGPG	4e-05
CASSSTGGLSYEQYFGPG	2e-05
CASSSTGGMGGQYFGPG	2e-05
CASSSTGGNLRQYFGPG	4e-05
CASSSTGGNTLYFGAG	2e-05
CASSSTGGNVFFGKG	2e-05
CASSSTGGPETLYFGSG	2e-05
CASSSTGGPGAEQFFGPG	2e-05
CASSSTGGPGAETLYFGSG	2e-05
CASSSTGGQAPLFGEG	4e-05
CASSSTGGRQNTLYFGAG	2e-05
CASSSTGGRRAETLYFGSG	2e-05
CASSSTGGRSPLYFGEG	2e-05
CASSSTGGRTEVFFGKG	4e-05
CASSSTGGRVFFGKG	2e-05
CASSSTGGTEVFFGKG	2e-05
CASSSTGGTLYFGEG	2e-05
CASSSTGGTNERLFFGHG	2e-05
CASSSTGGTQYFGPG	2e-05
CASSSTGGVQDTQYFGPG	4e-05
CASSSTGGVQYFGPG	2e-05
CASSSTGGYEQYFGPG	2e-05
CASSSTGGYTLYFGAG	2e-05
CASSSTGHAEQFFGPG	2e-05
CASSSTGHGTQYFGPG	2e-05
CASSSTGHNNQAPLFGEG	2e-05
CASSSTGHQDTQYFGPG	2e-05
CASSSTGHTLYFGAG	2e-05
CASSSTGIYAEQFFGPG	2e-05
CASSSTGKGTTLYFGAG	2e-05
CASSSTGKNTEVFFGKG	2e-05
CASSSTGKNTLYFGAG	2e-05
CASSSTGKSDYTFGSG	2e-05
CASSSTGLGGHEQYFGPG	2e-05
CASSSTGMETLYFGSG	2e-05
CASSSTGMSQNTLYFGAG	2e-05
CASSSTGNAETLYFGSG	2e-05
CASSSTGNERLFFGHG	2e-05
CASSSTGNGNTLYFGEG	2e-05
CASSSTGNNSPLYFGEG	2e-05
CASSSTGNTLYFGAG	2e-05
CASSSTGPQNTLYFGAG	2e-05
CASSSTGPREVFFGKG	4e-05
CASSSTGPSQNTLYFGAG	2e-05
CASSSTGQGDTGQLYFGEG	2e-05
CASSSTGQTYFGPG	4e-05
CASSSTGRAEQFFGPG	2e-05
CASSSTGRAVFFGKG	2e-05
CASSSTGRGNTLYFGEG	2e-05
CASSSTGRGTQYFGPG	2e-05
CASSSTGRNQAPLFGEG	2e-05
CASSSTGRSRQYFGPG	2e-05
CASSSTGSFGKQFFGPG	2e-05
CASSSTGSNQAPLFGEG	2e-05
CASSSTGSNSDYTFGSG	2e-05
CASSSTGSSATGQLYFGEG	2e-05
CASSSTGSSDYTFGSG	2e-05
CASSSTGSSYEQYFGPG	2e-05
CASSSTGTANSDYTFGSG	2e-05
CASSSTGTASAETLYFGSG	4e-05
CASSSTGTATQYFGPG	2e-05
CASSSTGTDPQYFGPG	2e-05
CASSSTGTEQYFGPG	2e-05
CASSSTGTFANTEVFFGKG	2e-05
CASSSTGTGREEQYFGPG	2e-05
CASSSTGTGSGQLYFGEG	2e-05
CASSSTGTNSGNTLYFGEG	2e-05
CASSSTGVGNTLYFGEG	2e-05
CASSSTGVKVFFGKG	2e-05
CASSSTGVLYEQYFGPG	2e-05
CASSSTGVNNQAPLFGEG	2e-05
CASSSTGVRAEQFFGPG	2e-05
CASSSTGVSDYTFGSG	2e-05
CASSSTGVTLYFGAG	2e-05
CASSSTGWEQYFGPG	4e-05
CASSSTGWGSDYTFGSG	2e-05
CASSSTGWTEVFFGKG	2e-05
CASSSTHQNTLYFGAG	2e-05
CASSSTKISAETLYFGSG	2e-05
CASSSTLNTGQLYFGEG	2e-05
CASSSTNNNQAPLFGEG	2e-05
CASSSTNSGNTLYFGEG	2e-05
CASSSTPSYEQYFGPG	2e-05
CASSSTQAPLFGEG	2e-05
CASSSTRDSYEQYFGPG	2e-05
CASSSTRGRGSPLYFGEG	2e-05
CASSSTRGSYEQYFGPG	2e-05
CASSSTRLYEQYFGPG	2e-05
CASSSTRNTLYFGAG	4e-05
CASSSTRNTLYFGEG	2e-05
CASSSTRSGNTLYFGEG	2e-05
CASSSTSAETLYFGSG	2e-05
CASSSTSSQNTLYFGAG	2e-05
CASSSTSYEQYFGPG	4e-05
CASSSTTETLYFGSG	2e-05
CASSSTTGNYAEQFFGPG	2e-05
CASSSTTSNTGQLYFGEG	2e-05
CASSSTVAQNTLYFGAG	2e-05
CASSSTVFGNTLYFGEG	4e-05
CASSSTVFQNTLYFGAG	2e-05
CASSSTVNNQDTQYFGPG	2e-05
CASSSTVNTLYFGAG	2e-05
CASSSTWGPKTLYFGAG	2e-05
CASSSTWGTEVFFGKG	2e-05
CASSSTWNSDYTFGSG	2e-05
CASSSTYNSPLYFGEG	2e-05
CASSSVDNNNQAPLFGEG	2e-05
CASSSVDQDTQYFGPG	2e-05
CASSSVGNTGQLYFGEG	4e-05
CASSSVGQAPLFGEG	2e-05
CASSSVGRGRTLYFGSG	2e-05
CASSSVGVGTEVFFGKG	2e-05
CASSSVGYEQYFGPG	2e-05
CASSSVHYAEQFFGPG	2e-05
CASSSVNSDYTFGSG	2e-05
CASSSVPGQGYTEVFFGKG	2e-05
CASSSVREQYFGPG	2e-05
CASSSVRGSLFGEG	2e-05
CASSSVRPSYEQYFGPG	6.000000000000001e-05
CASSSVRQSLYFGEG	2e-05
CASSSVRRYTQYFGPG	2e-05
CASSSVRSGNTLYFGEG	2e-05
CASSSVSNERLFFGHG	2e-05
CASSSVSNYAEQFFGPG	2e-05
CASSSVTGGFQYFGPG	2e-05
CASSSVTGSAETLYFGSG	2e-05
CASSSWAGVAEQFFGPG	2e-05
CASSSWASSYEQYFGPG	2e-05
CASSSWDFEQYFGPG	2e-05
CASSSWDLQDTQYFGPG	2e-05
CASSSWDNSGNTLYFGEG	2e-05
CASSSWDREDTQYFGPG	2e-05
CASSSWDRENSDYTFGSG	2e-05
CASSSWDRGYAEQFFGPG	2e-05
CASSSWDSPSYEQYFGPG	2e-05
CASSSWDTKGEVFFGKG	2e-05
CASSSWENTLYFGAG	2e-05
CASSSWGAAAETLYFGSG	2e-05
CASSSWGAGSDYTFGSG	2e-05
CASSSWGALDTQYFGPG	2e-05
CASSSWGALQDTQYFGPG	2e-05
CASSSWGAYEQYFGPG	2e-05
CASSSWGCYEQYFGPG	2e-05
CASSSWGDSYEQYFGPG	2e-05
CASSSWGESAETLYFGSG	2e-05
CASSSWGFQDTQYFGPG	2e-05
CASSSWGGAEEQYFGPG	2e-05
CASSSWGGAETLYFGSG	2e-05
CASSSWGGGQDTQYFGPG	2e-05
CASSSWGGKRQNTLYFGAG	2e-05
CASSSWGGNEQYFGPG	2e-05
CASSSWGGPETLYFGSG	2e-05
CASSSWGHQDTQYFGPG	2e-05
CASSSWGLNQDTQYFGPG	2e-05
CASSSWGNTLYFGAG	2e-05
CASSSWGRAETLYFGSG	2e-05
CASSSWGRSAETLYFGSG	2e-05
CASSSWGSNERLFFGHG	2e-05
CASSSWGVQDTQYFGPG	2e-05
CASSSWGVSAETLYFGSG	2e-05
CASSSWGYQNTLYFGAG	2e-05
CASSSWRENTGQLYFGEG	2e-05
CASSSWRLQDTQYFGPG	2e-05
CASSSWSAETLYFGSG	2e-05
CASSSWTAGPETLYFGSG	2e-05
CASSSWTANTGQLYFGEG	2e-05
CASSSWTASYEQYFGPG	2e-05
CASSSWTDSQNTLYFGAG	4e-05
CASSSWTGANTLYFGAG	2e-05
CASSSWTGTTEVFFGKG	6.000000000000001e-05
CASSSWTGVYAEQFFGPG	4e-05
CASSSWTISNERLFFGHG	2e-05
CASSSWVTSAETLYFGSG	2e-05
CASSSYAVFFGKG	2e-05
CASSSYFGPG	2e-05
CASSSYNQDTQYFGPG	2e-05
CASSSYRAETLYFGSG	2e-05
CASSSYRGADTEVFFGKG	2e-05
CASSSYRGNTEVFFGKG	2e-05
CASSSYRGSNERLFFGHG	2e-05
CASSSYRIYAEQFFGPG	2e-05
CASSSYRVSNERLFFGHG	2e-05
CASSSYSQNTLYFGAG	2e-05
CASSSYSSQNTLYFGAG	2e-05
CASSSYSYEQYFGPG	2e-05
CASSSYWEFQDTQYFGPG	2e-05
CASSSYWGAANTLYFGAG	2e-05
CASSSYWGENTLYFGAG	4e-05
CASSSYWGGASAETLYFGSG	2e-05
CASSSYWGGDAEQFFGPG	2e-05
CASSSYWGRDTQYFGPG	2e-05
CASSSYWGRGQNTLYFGAG	2e-05
CASSSYWRSAETLYFGSG	2e-05
CASSTAEQFFGPG	2e-05
CASSTAGDTEVFFGKG	2e-05
CASSTAGEQYFGPG	2e-05
CASSTAGGAIPQYFGPG	4e-05
CASSTAGGDTEVFFGKG	2e-05
CASSTAGGEQYFGPG	2e-05
CASSTAGGGAEQFFGPG	2e-05
CASSTAGGGPDTQYFGPG	2e-05
CASSTAGGGQKPQNFGSG	2e-05
CASSTAGGPSAETLYFGSG	2e-05
CASSTAGGTTEVFFGKG	2e-05
CASSTAGKSRVFFGKG	2e-05
CASSTAGNTLYFGEG	2e-05
CASSTAGRSRHQYFGPG	2e-05
CASSTAGRSRNTLYFGEG	2e-05
CASSTAGTGENTLYFGAG	2e-05
CASSTAKNSDYTFGSG	2e-05
CASSTAPRSYEQYFGPG	2e-05
CASSTAQGGYEQYFGPG	2e-05
CASSTARGSDYTFGSG	2e-05
CASSTARGSQNTLYFGAG	4e-05
CASSTARKNTLYFGAG	2e-05
CASSTARPARHEQYFGPG	2e-05
CASSTARPEVFFGKG	2e-05
CASSTARTAQFFGPG	2e-05
CASSTATEVFFGKG	2e-05
CASSTATGGYEQYFGPG	2e-05
CASSTATQYFGPG	2e-05
CASSTAVYNSPLYFGEG	2e-05
CASSTAWGYAEQFFGPG	2e-05
CASSTCPHTGQLYFGEG	2e-05
CASSTDFCAEQFFGPG	4e-05
CASSTDGEQYFGPG	4e-05
CASSTDGMGYFGPG	2e-05
CASSTDGNTGQLYFGEG	2e-05
CASSTDGSSGNTLYFGEG	2e-05
CASSTDISGNTLYFGEG	2e-05
CASSTDKLSYEQYFGPG	2e-05
CASSTDKYEQYFGPG	2e-05
CASSTDRADTEVFFGKG	2e-05
CASSTDRADTLYFGAG	2e-05
CASSTDRDSPLYFGEG	2e-05
CASSTDRESDYTFGSG	2e-05
CASSTDRGAEQFFGPG	2e-05
CASSTDRGAETLYFGSG	2e-05
CASSTDRGAGEQYFGPG	2e-05
CASSTDRGAPQQFFGPG	2e-05
CASSTDRGRAETLYFGSG	2e-05
CASSTDRGYEQYFGPG	2e-05
CASSTDRNNQAPLFGEG	2e-05
CASSTDRNTEVFFGKG	2e-05
CASSTDRPYTLYFGSG	2e-05
CASSTDRRSQYFGPG	2e-05
CASSTDRVDSPLYFGEG	2e-05
CASSTDSETLYFGSG	2e-05
CASSTDSQNTLYFGAG	2e-05
CASSTDSYEQYFGPG	2e-05
CASSTDTLYFGAG	2e-05
CASSTDWENTLYFGAG	2e-05
CASSTDWGAEQFFGPG	2e-05
CASSTDWGAHAEQFFGPG	2e-05
CASSTDWGGAEQFFGPG	2e-05
CASSTDWGGAETLYFGSG	2e-05
CASSTDWGGGAEQFFGPG	2e-05
CASSTDWGGNTLYFGAG	2e-05
CASSTDWGGNYAEQFFGPG	2e-05
CASSTDWGLYEQYFGPG	4e-05
CASSTDWGQNTLYFGAG	2e-05
CASSTDWGSQNTLYFGAG	2e-05
CASSTDWGSSAETLYFGSG	2e-05
CASSTDWGSSYEQYFGPG	2e-05
CASSTDWGTYEQYFGPG	2e-05
CASSTDYAEQFFGPG	2e-05
CASSTEANTGQLYFGEG	2e-05
CASSTEDTQYFGPG	4e-05
CASSTEEEVFFGKG	2e-05
CASSTEGGSREVFFGKG	2e-05
CASSTEGLNYAEQFFGPG	2e-05
CASSTEQGVYNSHLYFGPG	2e-05
CASSTERKAGQFFGPG	2e-05
CASSTERVEQYFGPG	2e-05
CASSTESQDTQYFGPG	2e-05
CASSTESSYEQYFGPG	2e-05
CASSTETAYAEQFFGPG	2e-05
CASSTFAANSDYTFGSG	2e-05
CASSTFSYEQYFGPG	2e-05
CASSTGADNNQAPLFGEG	2e-05
CASSTGAGYEQYFGPG	2e-05
CASSTGANAEQFFGPG	2e-05
CASSTGAQAPLFGEG	2e-05
CASSTGAQDTQYFGPG	2e-05
CASSTGAYEQYFGPG	2e-05
CASSTGDEQFFGPG	2e-05
CASSTGDEQYFGPG	2e-05
CASSTGDYAEQFFGPG	2e-05
CASSTGEETLYFGSG	2e-05
CASSTGEQYFGPG	2e-05
CASSTGERAEVFFGKG	2e-05
CASSTGESTGQLYFGEG	2e-05
CASSTGETLYFGSG	2e-05
CASSTGETSHFGAG	2e-05
CASSTGEVYNSPLYFGEG	2e-05
CASSTGGADTQYFGPG	2e-05
CASSTGGAETLYFGSG	2e-05
CASSTGGAGNTLYFGEG	2e-05
CASSTGGAHDQNTLYFGAG	2e-05
CASSTGGAKEVFFGKG	2e-05
CASSTGGANTEVFFGKG	2e-05
CASSTGGAREQYFGPG	2e-05
CASSTGGARGAETLYFGSG	2e-05
CASSTGGASYEQYFGPG	2e-05
CASSTGGCTEVFFGKG	2e-05
CASSTGGDGQLYFGEG	4e-05
CASSTGGDTGQLYFGEG	2e-05
CASSTGGGAEQFFGPG	2e-05
CASSTGGGAETLYFGSG	2e-05
CASSTGGGDAEQFFGPG	2e-05
CASSTGGGERLFFGHG	2e-05
CASSTGGGNTLYFGAG	2e-05
CASSTGGGNYAEQFFGPG	2e-05
CASSTGGKSYEQYFGPG	2e-05
CASSTGGLYEQYFGPG	2e-05
CASSTGGNAETLYFGSG	2e-05
CASSTGGNSDYTFGSG	4e-05
CASSTGGPNTGQLYFGEG	2e-05
CASSTGGQHYPDYTFGSG	2e-05
CASSTGGRSPGQLYFGEG	2e-05
CASSTGGRTRDTQYFGPG	4e-05
CASSTGGSERLFFGHG	4e-05
CASSTGGSSCGNTLYFGEG	2e-05
CASSTGGTGNTLYFGEG	2e-05
CASSTGGVAETLYFGSG	2e-05
CASSTGGVETLYFGSG	2e-05
CASSTGGVTEVFFGKG	2e-05
CASSTGGVTLYFGAG	2e-05
CASSTGIQDTQYFGPG	2e-05
CASSTGKDTQYFGPG	2e-05
CASSTGKGSDYTFGSG	2e-05
CASSTGKNTLYFGAG	2e-05
CASSTGKRAETLYFGSG	2e-05
CASSTGLFYEQYFGPG	2e-05
CASSTGLGANTGQLYFGEG	2e-05
CASSTGLGFYEQYFGPG	2e-05
CASSTGLGGQNTLYFGAG	2e-05
CASSTGLGGREQYFGPG	2e-05
CASSTGLGVNQDTQYFGPG	2e-05
CASSTGLGVQDTQYFGPG	2e-05
CASSTGLNTGQLYFGEG	2e-05
CASSTGLPNTGQLYFGEG	2e-05
CASSTGLQDTQYFGPG	2e-05
CASSTGLQNTLYFGAG	4e-05
CASSTGLVAEQFFGPG	2e-05
CASSTGLVYAEQFFGPG	2e-05
CASSTGNEQYFGPG	2e-05
CASSTGNQDTQYFGPG	2e-05
CASSTGNYAEQFFGPG	2e-05
CASSTGPDSYNSPLYFGEG	2e-05
CASSTGPEVFFGKG	2e-05
CASSTGPFYAEQFFGPG	2e-05
CASSTGPGGLYAEQFFGPG	2e-05
CASSTGPGGNEQYFGPG	2e-05
CASSTGPGGPEVFFGKG	2e-05
CASSTGPGTEVFFGKG	2e-05
CASSTGPHEQYFGPG	2e-05
CASSTGPPNTEVFFGKG	2e-05
CASSTGPRSPQYFGPG	2e-05
CASSTGPYAEQFFGPG	2e-05
CASSTGQDTQYFGPG	2e-05
CASSTGQGAGEQYFGPG	2e-05
CASSTGQGANSDYTFGSG	2e-05
CASSTGQGANTGQLYFGEG	4e-05
CASSTGQGAQDTQYFGPG	2e-05
CASSTGQGDTEVFFGKG	2e-05
CASSTGQGFSYEQYFGPG	2e-05
CASSTGQGGSDYTFGSG	2e-05
CASSTGQGQDTQYFGPG	2e-05
CASSTGQGRSSYEQYFGPG	2e-05
CASSTGQGWAEQFFGPG	2e-05
CASSTGQGWEQYFGPG	2e-05
CASSTGQHTEVFFGKG	2e-05
CASSTGQLYFGEG	2e-05
CASSTGQNAEQFFGPG	2e-05
CASSTGQNTGQLYFGEG	2e-05
CASSTGQNYEQYFGPG	2e-05
CASSTGQPLYFGAG	2e-05
CASSTGQQYQYFGPG	2e-05
CASSTGQRSRTQYFGPG	2e-05
CASSTGQYTLYFGAG	2e-05
CASSTGRANSDYTFGSG	2e-05
CASSTGREDTQYFGPG	2e-05
CASSTGREVFFGKG	2e-05
CASSTGRGGGTQYFGPG	2e-05
CASSTGRGGPGQLYFGEG	2e-05
CASSTGRGSHSDYTFGSG	2e-05
CASSTGRNSETLYFGSG	2e-05
CASSTGRQNTLYFGAG	2e-05
CASSTGRRAPLFGEG	2e-05
CASSTGRRPRTQYFGPG	2e-05
CASSTGRRTEVFFGKG	2e-05
CASSTGRRTYAEQFFGPG	2e-05
CASSTGSGNTLYFGEG	2e-05
CASSTGSGYEQYFGPG	2e-05
CASSTGSNYAEQFFGPG	2e-05
CASSTGSQDTQYFGPG	2e-05
CASSTGTANTGQLYFGEG	2e-05
CASSTGTDQAPLFGEG	2e-05
CASSTGTDTQYFGPG	2e-05
CASSTGTEEVFFGKG	2e-05
CASSTGTENSPLYFGEG	2e-05
CASSTGTFSAETLYFGSG	2e-05
CASSTGTFSNERLFFGHG	2e-05
CASSTGTFYNSPLYFGEG	2e-05
CASSTGTGAEVFFGKG	2e-05
CASSTGTGAGQNTLYFGAG	2e-05
CASSTGTGANERLFFGHG	2e-05
CASSTGTGATEVFFGKG	4e-05
CASSTGTGDAEQFFGPG	2e-05
CASSTGTGDDTQYFGPG	2e-05
CASSTGTGDSDYTFGSG	2e-05
CASSTGTGDSGNTLYFGEG	2e-05
CASSTGTGDYAEQFFGPG	2e-05
CASSTGTGETSAETLYFGSG	2e-05
CASSTGTGGADEQFFGPG	2e-05
CASSTGTGGAGQLYFGEG	2e-05
CASSTGTGGARAETLYFGSG	2e-05
CASSTGTGGGAETLYFGSG	2e-05
CASSTGTGGNTQYFGPG	2e-05
CASSTGTGGPNERLFFGHG	2e-05
CASSTGTGGPQYFGPG	2e-05
CASSTGTGGSERLFFGHG	2e-05
CASSTGTGIERLFFGHG	2e-05
CASSTGTGNTEVFFGKG	2e-05
CASSTGTGPQAPLFGEG	2e-05
CASSTGTGQTLYFGSG	2e-05
CASSTGTGRAEQFFGPG	2e-05
CASSTGTGRAPLFGEG	2e-05
CASSTGTGRDEQFFGPG	2e-05
CASSTGTGRFNQDTQYFGPG	2e-05
CASSTGTGRNTLYFGAG	2e-05
CASSTGTGRQAPLFGEG	2e-05
CASSTGTGSAETLYFGSG	2e-05
CASSTGTGSERLFFGHG	2e-05
CASSTGTGSNERLFFGHG	2e-05
CASSTGTGSTLYFGAG	2e-05
CASSTGTGSYEQYFGPG	2e-05
CASSTGTGVGQDTQYFGPG	2e-05
CASSTGTGWETLYFGSG	2e-05
CASSTGTGYGNTLYFGEG	4e-05
CASSTGTGYNNQAPLFGEG	2e-05
CASSTGTHSGNTLYFGEG	2e-05
CASSTGTHTEVFFGKG	2e-05
CASSTGTKDTQYFGPG	4e-05
CASSTGTLEVFFGKG	2e-05
CASSTGTNAEQFFGPG	2e-05
CASSTGTNSYNSPLYFGEG	2e-05
CASSTGTNTEVFFGKG	2e-05
CASSTGTNTGQLYFGEG	2e-05
CASSTGTPNTEVFFGKG	2e-05
CASSTGTQDTQYFGPG	2e-05
CASSTGTQFFGPG	2e-05
CASSTGTQYFGPG	2e-05
CASSTGTRTPDYTFGSG	2e-05
CASSTGTSNTEVFFGKG	2e-05
CASSTGTSSYEQYFGPG	2e-05
CASSTGTTEVFFGKG	2e-05
CASSTGTTSAETLYFGSG	2e-05
CASSTGTVNNQAPLFGEG	2e-05
CASSTGTVTEVFFGKG	2e-05
CASSTGTVYEQYFGPG	2e-05
CASSTGTWAEQFFGPG	2e-05
CASSTGTYAEQFFGPG	2e-05
CASSTGVCGNTLYFGEG	2e-05
CASSTGVGTEVFFGKG	2e-05
CASSTGVQDTQYFGPG	2e-05
CASSTGWRCPQYFGPG	4e-05
CASSTGYSAETLYFGSG	2e-05
CASSTHAETLYFGSG	2e-05
CASSTHGTEVFFGKG	2e-05
CASSTHNSGNTLYFGEG	2e-05
CASSTHPYEQYFGPG	2e-05
CASSTHRGDTGQLYFGEG	2e-05
CASSTHRGIHYAEQFFGPG	2e-05
CASSTHSDYTFGSG	2e-05
CASSTHSSQNTLYFGAG	2e-05
CASSTHTETLYFGSG	2e-05
CASSTHWVSSYEQYFGPG	2e-05
CASSTIPHSRLFFGHG	2e-05
CASSTIRAETLYFGSG	2e-05
CASSTIRNYAEQFFGPG	2e-05
CASSTISGNTLYFGEG	2e-05
CASSTIYEQYFGPG	2e-05
CASSTKANSDYTFGSG	2e-05
CASSTKNQDTQYFGPG	2e-05
CASSTLDSQNTLYFGAG	4e-05
CASSTLEGPETLYFGSG	2e-05
CASSTLGDAETLYFGSG	2e-05
CASSTLGGGNTLYFGAG	2e-05
CASSTLGGPGAEQFFGPG	2e-05
CASSTLGGQNTLYFGAG	2e-05
CASSTLGGRYAEQFFGPG	2e-05
CASSTLGQDTQYFGPG	2e-05
CASSTLGQLYFGEG	2e-05
CASSTLGRNTLYFGAG	2e-05
CASSTLGSGNTLYFGEG	2e-05
CASSTLGVSYEQYFGPG	2e-05
CASSTLNTGQLYFGEG	4e-05
CASSTLQGNSDYTFGSG	2e-05
CASSTLQGVGQNTLYFGAG	2e-05
CASSTLRSYEQYFGPG	2e-05
CASSTLSNERLFFGHG	2e-05
CASSTLTGYTEVFFGKG	6.000000000000001e-05
CASSTLYEQYFGPG	2e-05
CASSTNANTGQLYFGEG	2e-05
CASSTNERLFFGHG	2e-05
CASSTNGGREQYFGPG	2e-05
CASSTNLSNERLFFGHG	2e-05
CASSTNNQAPLFGEG	2e-05
CASSTNQQNTLYFGAG	2e-05
CASSTNSSGNTLYFGEG	2e-05
CASSTNSYNSPLYFGEG	4e-05
CASSTNTLYFGAG	2e-05
CASSTNWGSQNTLYFGAG	2e-05
CASSTNYNSPLYFGEG	2e-05
CASSTPAPVNERLFFGHG	2e-05
CASSTPDRADTQYFGPG	2e-05
CASSTPDSYEQYFGPG	2e-05
CASSTPGAGNTLYFGEG	2e-05
CASSTPGDNNQDTQYFGPG	2e-05
CASSTPGGNNQAPLFGEG	2e-05
CASSTPGGRRDTQYFGPG	2e-05
CASSTPGGTPETLYFGSG	2e-05
CASSTPGLGGDTQYFGPG	2e-05
CASSTPGQGNQAPLFGEG	2e-05
CASSTPGQGNTEVFFGKG	4e-05
CASSTPGQKNERLFFGHG	2e-05
CASSTPGQPDTQYFGPG	2e-05
CASSTPGSAETLYFGSG	2e-05
CASSTPGTAGYAEQFFGPG	2e-05
CASSTPGWNYAEQFFGPG	2e-05
CASSTPHEQYFGPG	2e-05
CASSTPNWGGEQYFGPG	2e-05
CASSTPPKSYAVFFGKG	2e-05
CASSTPPNERLFFGHG	2e-05
CASSTPRGAETLYFGSG	2e-05
CASSTPSAQDTQYFGPG	2e-05
CASSTQAGAETLYFGSG	4e-05
CASSTQGAGAETLYFGSG	2e-05
CASSTQGAHAEQFFGPG	2e-05
CASSTQGAQDTQYFGPG	2e-05
CASSTQGATGQLYFGEG	2e-05
CASSTQGDQDTQYFGPG	4e-05
CASSTQGGAEQFFGPG	2e-05
CASSTQGKNTLYFGAG	2e-05
CASSTQGNAEQFFGPG	2e-05
CASSTQGNQDTQYFGPG	2e-05
CASSTQGNSDYTFGSG	2e-05
CASSTQGNTEVFFGKG	4e-05
CASSTQGNTLYFGAG	2e-05
CASSTQGQGNERLFFGHG	2e-05
CASSTQGRNSDYTFGSG	2e-05
CASSTQGRNTGQLYFGEG	2e-05
CASSTQGSETLYFGSG	2e-05
CASSTQGSSAETLYFGSG	2e-05
CASSTQGSTEVFFGKG	2e-05
CASSTQGTGNTLYFGEG	2e-05
CASSTQGTQDTQYFGPG	4e-05
CASSTQGVEQYFGPG	2e-05
CASSTQGWEQYFGPG	2e-05
CASSTQGWVAETLYFGSG	2e-05
CASSTQLGDPYEQYFGPG	2e-05
CASSTQLGGSQNTLYFGAG	2e-05
CASSTQLGLYEQYFGPG	2e-05
CASSTQRQVFFGKG	2e-05
CASSTQSPPLYFGEG	2e-05
CASSTQSSQNTLYFGAG	2e-05
CASSTQTENTLYFGAG	2e-05
CASSTQTNSDYTFGSG	2e-05
CASSTQTNTGQLYFGEG	2e-05
CASSTQYNYAEQFFGPG	2e-05
CASSTRDEQYFGPG	2e-05
CASSTRDGAETLYFGSG	4e-05
CASSTRDINTEVFFGKG	2e-05
CASSTRDISNERLFFGHG	4e-05
CASSTRDRETLYFGSG	2e-05
CASSTRDRGHEQYFGPG	2e-05
CASSTRDRGPANTGQLYFGEG	2e-05
CASSTRDRGRNTEVFFGKG	2e-05
CASSTRDRGSYEQYFGPG	2e-05
CASSTRDRNTEVFFGKG	2e-05
CASSTRDSYAEQFFGPG	2e-05
CASSTRDSYNSTLYFGEG	2e-05
CASSTRDWGGHQDTQYFGPG	2e-05
CASSTREEDTQYFGPG	2e-05
CASSTREGATQYFGPG	2e-05
CASSTRGASNTGQLYFGEG	2e-05
CASSTRGFQNTLYFGAG	4e-05
CASSTRGGPAGHFGPG	2e-05
CASSTRGGRNTGQLYFGEG	2e-05
CASSTRGLDTQYFGPG	2e-05
CASSTRGNSPLYFGEG	2e-05
CASSTRGPTGQLYFGEG	2e-05
CASSTRGRAPQYFGPG	2e-05
CASSTRGRTEVFFGKG	2e-05
CASSTRGRTLYFGSG	2e-05
CASSTRGTHHTQYFGPG	2e-05
CASSTRHRGHAEQFFGPG	2e-05
CASSTRISGNTLYFGEG	2e-05
CASSTRLERSETLYFGSG	4e-05
CASSTRLGGNTGQLYFGEG	2e-05
CASSTRLGGSETLYFGSG	2e-05
CASSTRLGYAEQFFGPG	2e-05
CASSTRLGYEQYFGPG	2e-05
CASSTRLRACPEQFFGPG	2e-05
CASSTRPDNNQAPLFGEG	2e-05
CASSTRQAETLYFGSG	2e-05
CASSTRQGANERLFFGHG	2e-05
CASSTRQGAYNSPLYFGEG	2e-05
CASSTRQGNSDYTFGSG	2e-05
CASSTRQGQNTLYFGAG	2e-05
CASSTRQNERLFFGHG	2e-05
CASSTRQNTGQLYFGEG	2e-05
CASSTRRGATQYFGPG	2e-05
CASSTRRGNQDTQYFGPG	2e-05
CASSTRRGNTLYFGAG	2e-05
CASSTRRQRSNERLFFGHG	2e-05
CASSTRRSSCGNTLYFGEG	2e-05
CASSTRTDTEVFFGKG	2e-05
CASSTRTDTLYFGEG	2e-05
CASSTRTGEAPLFGEG	2e-05
CASSTRTGGEEVFFGKG	2e-05
CASSTRTGGFGAQFFGPG	6.000000000000001e-05
CASSTRTNTGQLYFGEG	2e-05
CASSTRTSETLYFGSG	2e-05
CASSTSAGHAEQFFGPG	2e-05
CASSTSGAGRETLYFGSG	2e-05
CASSTSGGVEQYFGPG	2e-05
CASSTSGTGGAIDTQYFGPG	2e-05
CASSTSGTGYSGNTLYFGEG	2e-05
CASSTSGYSDYTFGSG	2e-05
CASSTSLTNQATQYFGPG	2e-05
CASSTSNSDYTFGSG	2e-05
CASSTSPGSPETLYFGSG	2e-05
CASSTSRDTQYFGPG	2e-05
CASSTSRPNTGQLYFGEG	2e-05
CASSTSRPWGPGQLYFGEG	2e-05
CASSTSTAYEQYFGPG	2e-05
CASSTSTGGLYEQYFGPG	2e-05
CASSTSTGYEQYFGPG	2e-05
CASSTSWDNTEVFFGKG	2e-05
CASSTTAGNTEVFFGKG	2e-05
CASSTTASQNTLYFGAG	4e-05
CASSTTDGNTGQLYFGEG	2e-05
CASSTTDRGHEQYFGPG	2e-05
CASSTTGAYEQYFGPG	2e-05
CASSTTGDSDYTFGSG	2e-05
CASSTTGDTEVFFGKG	2e-05
CASSTTGEDSDYTFGSG	4e-05
CASSTTGEDTQYFGPG	2e-05
CASSTTGETLYFGSG	2e-05
CASSTTGGAHSPLYFGEG	2e-05
CASSTTGGALEQYFGPG	2e-05
CASSTTGGARGKNTLYFGAG	2e-05
CASSTTGGDPQVFFGKG	2e-05
CASSTTGGNTLYFGAG	2e-05
CASSTTGGNYEQYFGPG	2e-05
CASSTTGGPGQLYFGEG	2e-05
CASSTTGGPQDTQYFGPG	2e-05
CASSTTGGSEQYFGPG	2e-05
CASSTTGGSQDTQYFGPG	2e-05
CASSTTGGYAEQFFGPG	4e-05
CASSTTGGYTQYFGPG	2e-05
CASSTTGHSAETLYFGSG	2e-05
CASSTTGNNQAPLFGEG	2e-05
CASSTTGNTGQLYFGEG	2e-05
CASSTTGNYEQYFGPG	2e-05
CASSTTGPGQLYFGEG	2e-05
CASSTTGQDQYFGPG	2e-05
CASSTTGREQYFGPG	2e-05
CASSTTGRFFFGKG	4e-05
CASSTTGRGGERLFFGHG	2e-05
CASSTTGRNTLYFGAG	2e-05
CASSTTGSAETLYFGSG	2e-05
CASSTTGSERLFFGHG	2e-05
CASSTTGSNTEVFFGKG	2e-05
CASSTTGSTEVFFGKG	4e-05
CASSTTGSYEQYFGPG	2e-05
CASSTTGTEVFFGKG	2e-05
CASSTTGTGAYEQYFGPG	2e-05
CASSTTGTGNTLYFGEG	2e-05
CASSTTGVSYEQYFGPG	2e-05
CASSTTGYNSPLYFGEG	2e-05
CASSTTHERLFFGHG	4e-05
CASSTTNNNQAPLFGEG	2e-05
CASSTTNTEVFFGKG	2e-05
CASSTTPRTLYFGSG	2e-05
CASSTTRGEAATHFGPG	6.000000000000001e-05
CASSTTRGPRQLYFGEG	2e-05
CASSTTRRARFFGKG	2e-05
CASSTTSSQNTLYFGAG	2e-05
CASSTTTEVFFGKG	2e-05
CASSTTTVRGTEVFFGKG	4e-05
CASSTTVNQDTQYFGPG	2e-05
CASSTTVSQNTLYFGAG	2e-05
CASSTTVYNSPLYFGEG	2e-05
CASSTVDSSPLYFGEG	2e-05
CASSTVGGATEVFFGKG	4e-05
CASSTVGGTEVFFGKG	2e-05
CASSTVGGTPEVFFGKG	2e-05
CASSTVGHEQYFGPG	2e-05
CASSTVGPSHFGSG	2e-05
CASSTVGRGPQVFFGKG	2e-05
CASSTVLGACAEQFFGPG	2e-05
CASSTVQDTQYFGPG	2e-05
CASSTVRGADTQYFGPG	4e-05
CASSTVRGTRVFFGKG	2e-05
CASSTVRNSDYTFGSG	2e-05
CASSTVRPSDYTFGSG	2e-05
CASSTVRQQYFGPG	2e-05
CASSTVRQTRIYFGEG	2e-05
CASSTVRRQNTLYFGAG	2e-05
CASSTVRRSRYFGPG	4e-05
CASSTVSNERLFFGHG	2e-05
CASSTVSSAETLYFGSG	2e-05
CASSTVTEVFFGKG	2e-05
CASSTVWGSPQYFGPG	2e-05
CASSTWDQDTQYFGPG	2e-05
CASSTWDRVAETLYFGSG	2e-05
CASSTWGDGGQLYFGEG	2e-05
CASSTWGDQDTQYFGPG	2e-05
CASSTWGGRQNTLYFGAG	4e-05
CASSTWGGSYEQYFGPG	2e-05
CASSTWGGTEVFFGKG	2e-05
CASSTWGRYYAEQFFGPG	2e-05
CASSTWGVYEQYFGPG	2e-05
CASSTWRRDTQYFGPG	2e-05
CASSTYEQYFGPG	2e-05
CASSTYNNQAPLFGEG	2e-05
CASSTYNYAEQFFGPG	2e-05
CASSTYRGDPEVFFGKG	2e-05
CASSTYRGYQDTQYFGPG	2e-05
CASSTYWGDQDTQYFGPG	2e-05
CASSVAGSYEQYFGPG	2e-05
CASSVAGTDNTLYFGAG	2e-05
CASSVAGWRSQNTLYFGAG	4e-05
CASSVARGNTEVFFGKG	2e-05
CASSVATGGNQDTQYFGPG	2e-05
CASSVATGQLYFGEG	2e-05
CASSVAWGGAVQDTQYFGPG	2e-05
CASSVDAETLYFGSG	2e-05
CASSVDANTEVFFGKG	2e-05
CASSVDDSYEQYFGPG	2e-05
CASSVDGNTEVFFGKG	4e-05
CASSVDGSYEQYFGPG	4e-05
CASSVDKDTEVFFGKG	2e-05
CASSVDKNTGQLYFGEG	2e-05
CASSVDMSQNTLYFGAG	2e-05
CASSVDNANTGQLYFGEG	2e-05
CASSVDNQAPLFGEG	2e-05
CASSVDRANTGQLYFGEG	2e-05
CASSVDRATGQLYFGEG	2e-05
CASSVDRDQDTQYFGPG	2e-05
CASSVDRGDTLYFGAG	2e-05
CASSVDRGGAETLYFGSG	2e-05
CASSVDRGGETLYFGSG	2e-05
CASSVDRPYTSPLYFGEG	2e-05
CASSVDRSAETLYFGSG	2e-05
CASSVDRSQNTLYFGAG	2e-05
CASSVDRSSYEQYFGPG	2e-05
CASSVDRYAEQFFGPG	2e-05
CASSVDRYEQYFGPG	4e-05
CASSVDRYYEQYFGPG	2e-05
CASSVDSITNTEVFFGKG	2e-05
CASSVDSRQDTQYFGPG	2e-05
CASSVDTNQAPLFGEG	2e-05
CASSVDWAYEQYFGPG	2e-05
CASSVDWGALYAEQFFGPG	2e-05
CASSVDWGAYAEQFFGPG	2e-05
CASSVDWGDTQYFGPG	2e-05
CASSVDWGEGTQYFGPG	4e-05
CASSVDWGERTLYFGAG	4e-05
CASSVDWGGFEQYFGPG	2e-05
CASSVDWGGQDTQYFGPG	2e-05
CASSVDWGGYEQYFGPG	2e-05
CASSVDWGNAEQFFGPG	2e-05
CASSVDWGNTGQLYFGEG	2e-05
CASSVDWGSYEQYFGPG	2e-05
CASSVDWGVSAEQFFGPG	2e-05
CASSVDWGVYAEQFFGPG	2e-05
CASSVDWTSQNTLYFGAG	2e-05
CASSVEAEQFFGPG	2e-05
CASSVEANTLYFGAG	2e-05
CASSVEDNYAEQFFGPG	2e-05
CASSVEENTEVFFGKG	2e-05
CASSVELGDPEVFFGKG	2e-05
CASSVEPGNTLYFGEG	2e-05
CASSVEQFFGPG	4e-05
CASSVESYEQYFGPG	2e-05
CASSVETGSYAEQFFGPG	2e-05
CASSVETYEQYFGPG	2e-05
CASSVFGGARAEQFFGPG	2e-05
CASSVFSQNTLYFGAG	2e-05
CASSVGADTLYFGAG	2e-05
CASSVGAGNTEVFFGKG	2e-05
CASSVGDNSNERLFFGHG	2e-05
CASSVGDNYAEQFFGPG	2e-05
CASSVGEAPLFGEG	2e-05
CASSVGFSNERLFFGHG	2e-05
CASSVGGGGEQYFGPG	2e-05
CASSVGGGGFFGKG	2e-05
CASSVGGHFYEQYFGPG	2e-05
CASSVGGQDTQYFGPG	2e-05
CASSVGGRDTQYFGPG	2e-05
CASSVGGSAETLYFGSG	2e-05
CASSVGGSVTGQLYFGEG	2e-05
CASSVGGVNTGQLYFGEG	2e-05
CASSVGGYAEQFFGPG	2e-05
CASSVGGYSQNTLYFGAG	2e-05
CASSVGHFSNERLFFGHG	2e-05
CASSVGKNTLYFGAG	2e-05
CASSVGLGAETLYFGSG	2e-05
CASSVGLGDQDTQYFGPG	2e-05
CASSVGLGENTLYFGAG	4e-05
CASSVGLGFSQNTLYFGAG	2e-05
CASSVGLGFYEQYFGPG	2e-05
CASSVGLGGHAEQFFGPG	2e-05
CASSVGLGGLSYEQYFGPG	2e-05
CASSVGLGGQDTQYFGPG	2e-05
CASSVGLGGRAEQFFGPG	2e-05
CASSVGLGGRDEQYFGPG	2e-05
CASSVGLGSTYEQYFGPG	2e-05
CASSVGLLYEQYFGPG	2e-05
CASSVGLSAETLYFGSG	2e-05
CASSVGLSGKTLYFGSG	2e-05
CASSVGPAQAPLFGEG	2e-05
CASSVGPGAPAPLFGEG	2e-05
CASSVGPNSGNTLYFGEG	2e-05
CASSVGQDQNTLYFGAG	2e-05
CASSVGQFQDTQYFGPG	2e-05
CASSVGQGASAETLYFGSG	2e-05
CASSVGQGDEQYFGPG	2e-05
CASSVGQGEGNTLYFGAG	2e-05
CASSVGQGIDYTFGSG	2e-05
CASSVGQGNTEVFFGKG	2e-05
CASSVGQGRDTEVFFGKG	2e-05
CASSVGQGRETLYFGSG	2e-05
CASSVGQGTGQLYFGEG	2e-05
CASSVGQGVYAEQFFGPG	2e-05
CASSVGQINQDTQYFGPG	2e-05
CASSVGQNQDTQYFGPG	2e-05
CASSVGQNSPPYFGEG	2e-05
CASSVGQNTGQLYFGEG	2e-05
CASSVGQNTLYFGAG	2e-05
CASSVGQNYAEQFFGPG	2e-05
CASSVGQREQYFGPG	2e-05
CASSVGQSYEQYFGPG	2e-05
CASSVGQTSPLYFGEG	2e-05
CASSVGRGDTQYFGPG	2e-05
CASSVGRGNSDYTFGSG	2e-05
CASSVGSAETLYFGSG	4e-05
CASSVGSERLFFGHG	2e-05
CASSVGSQDTQYFGPG	2e-05
CASSVGSSNERLFFGHG	2e-05
CASSVGTAISNERLFFGHG	2e-05
CASSVGTANTGQLYFGEG	4e-05
CASSVGTFSAETLYFGSG	2e-05
CASSVGTGDTQYFGPG	2e-05
CASSVGTGGAETLYFGSG	2e-05
CASSVGTGGAHTLYFGAG	2e-05
CASSVGTGGALEQYFGPG	2e-05
CASSVGTGGAYEQYFGPG	2e-05
CASSVGTGGDYAEQFFGPG	2e-05
CASSVGTGGFAETLYFGSG	2e-05
CASSVGTGGGRNYAEQFFGPG	2e-05
CASSVGTGGNERLFFGHG	2e-05
CASSVGTGGNNQAPLFGEG	2e-05
CASSVGTGGNYAEQFFGPG	2e-05
CASSVGTGGSSYEQYFGPG	2e-05
CASSVGTGRAETLYFGSG	2e-05
CASSVGTGVFSDYTFGSG	2e-05
CASSVGTGYAEQFFGPG	2e-05
CASSVGTISGNTLYFGEG	2e-05
CASSVGTLSYNLPLYFGEG	2e-05
CASSVGTPNYAEQFFGPG	2e-05
CASSVGTSSYNSPLYFGEG	2e-05
CASSVGTVNYAEQFFGPG	2e-05
CASSVGTVSNERLFFGHG	2e-05
CASSVGVQNTLYFGAG	2e-05
CASSVGVSSYEQYFGPG	2e-05
CASSVGVYTSPLYFGEG	4e-05
CASSVGWEQYFGPG	2e-05
CASSVGYGEACFGSG	2e-05
CASSVHRGNNQAPLFGEG	2e-05
CASSVIGTENTLYFGAG	2e-05
CASSVISGTANTEVFFGKG	2e-05
CASSVKANTEVFFGKG	2e-05
CASSVKDNSPLYFGEG	2e-05
CASSVKDTQYFGPG	2e-05
CASSVKGDAETLYFGSG	2e-05
CASSVKGPDEQYFGPG	2e-05
CASSVKGTNEQYFGPG	2e-05
CASSVKNNQAPLFGEG	2e-05
CASSVKNTEVFFGKG	2e-05
CASSVKSYNSPLYFGEG	2e-05
CASSVKTGQLYFGEG	2e-05
CASSVLDEQYFGPG	2e-05
CASSVLDRDTQYFGPG	2e-05
CASSVLGDYAEQFFGPG	4e-05
CASSVLGFNQDTQYFGPG	4e-05
CASSVLGGFTGQLYFGEG	2e-05
CASSVLGGIDYAEQFFGPG	2e-05
CASSVLGGRGAETLYFGSG	2e-05
CASSVLGGSAETLYFGSG	2e-05
CASSVLGNQNTLYFGAG	2e-05
CASSVLGQGSSDYTFGSG	2e-05
CASSVLGSGNTLYFGEG	2e-05
CASSVLGVNTGQLYFGEG	2e-05
CASSVLGYEQYFGPG	2e-05
CASSVLNNSPLYFGEG	2e-05
CASSVLPGGQDTQYFGPG	2e-05
CASSVLPTLYFGAG	2e-05
CASSVMQSSYEQYFGPG	2e-05
CASSVNPPKSFSVFGPG	2e-05
CASSVNREGSDYTFGSG	2e-05
CASSVNRGVCDYTFGSG	4e-05
CASSVNSQNTLYFGAG	2e-05
CASSVNTGQLYFGEG	2e-05
CASSVNWGGDDQNTLYFGAG	2e-05
CASSVNWGGTYEQYFGPG	2e-05
CASSVPDRPEVFFGKG	2e-05
CASSVPGGSAETLYFGSG	2e-05
CASSVPGHNTEVFFGKG	2e-05
CASSVPGLGDTQYFGPG	2e-05
CASSVPGQWDTQYFGPG	2e-05
CASSVPGTGAPNTEVFFGKG	4e-05
CASSVPHNTLYFGAG	2e-05
CASSVPLFGEG	2e-05
CASSVPLRDNNQAPLFGEG	2e-05
CASSVPLSAETLYFGSG	2e-05
CASSVPPPNSSAVFCLKNYAEQFFGPG	2e-05
CASSVPQNSGNTLYFGEG	2e-05
CASSVPRRRHVEQTFGSG	2e-05
CASSVPTGGSNTGQLYFGEG	2e-05
CASSVPTGNTGQLYFGEG	2e-05
CASSVPTGSEQYFGPG	2e-05
CASSVQDTQYFGPG	2e-05
CASSVQDYEQYFGPG	2e-05
CASSVQEDTEVFFGKG	2e-05
CASSVQEVQAPLFGEG	2e-05
CASSVQFFGPG	2e-05
CASSVQGAGEQYFGPG	2e-05
CASSVQGAHNSPLYFGEG	2e-05
CASSVQGANSDYTFGSG	2e-05
CASSVQGAPPEVFFGKG	2e-05
CASSVQGAPYEQYFGPG	2e-05
CASSVQGARAETLYFGSG	2e-05
CASSVQGATEVFFGKG	2e-05
CASSVQGATGQLYFGEG	2e-05
CASSVQGAVAETLYFGSG	2e-05
CASSVQGDTEVFFGKG	2e-05
CASSVQGDTGQLYFGEG	2e-05
CASSVQGEYAEQFFGPG	4e-05
CASSVQGGAEQFFGPG	4e-05
CASSVQGGDTQYFGPG	2e-05
CASSVQGGNERLFFGHG	2e-05
CASSVQGGQNTLYFGAG	2e-05
CASSVQGNEQYFGPG	2e-05
CASSVQGNQDTQYFGPG	2e-05
CASSVQGPQDTQYFGPG	2e-05
CASSVQGQAPLFGEG	2e-05
CASSVQGSAETLYFGSG	2e-05
CASSVQGSAQYFGPG	2e-05
CASSVQGSNNQAPLFGEG	2e-05
CASSVQGSRDTQYFGPG	4e-05
CASSVQGYSPLYFGEG	2e-05
CASSVQINTGQLYFGEG	4e-05
CASSVQISNERLFFGHG	2e-05
CASSVQNSDYTFGSG	2e-05
CASSVQNSGNTLYFGEG	2e-05
CASSVQSAETLYFGSG	2e-05
CASSVQSIGTDTEVFFGKG	2e-05
CASSVQVSNTEVFFGKG	2e-05
CASSVQYSGNTLYFGEG	2e-05
CASSVRDERLFFGHG	2e-05
CASSVRDGERLFFGHG	2e-05
CASSVRDIQNTLYFGAG	2e-05
CASSVRDKYTEVFFGKG	2e-05
CASSVRDNQDTQYFGPG	2e-05
CASSVRDRGYAEQFFGPG	2e-05
CASSVRDRSNERLFFGHG	2e-05
CASSVRDRYNSPLYFGEG	2e-05
CASSVRDSANTEVFFGKG	2e-05
CASSVRDTQYFGPG	2e-05
CASSVRDWGSAEQFFGPG	2e-05
CASSVRDWGSSQNTLYFGAG	2e-05
CASSVRDWGVQNTLYFGAG	2e-05
CASSVRDYEQYFGPG	2e-05
CASSVREGAETLYFGSG	2e-05
CASSVREGAQDTQYFGPG	2e-05
CASSVRGDQDTQYFGPG	2e-05
CASSVRGDTQYFGPG	2e-05
CASSVRGDYAEQFFGPG	2e-05
CASSVRGGQDTQYFGPG	4e-05
CASSVRGKTEVFFGKG	2e-05
CASSVRGNYAEQFFGPG	2e-05
CASSVRGPDEQYFGPG	2e-05
CASSVRGQNTEVFFGKG	2e-05
CASSVRGSQNTLYFGAG	2e-05
CASSVRGYAEQFFGPG	2e-05
CASSVRIDERLFFGHG	2e-05
CASSVRLGDYEQYFGPG	2e-05
CASSVRLGGAEQFFGPG	2e-05
CASSVRQDTQYFGPG	2e-05
CASSVRQGNQDTQYFGPG	2e-05
CASSVRQGTAEQFFGPG	2e-05
CASSVRQKQDTQYFGPG	4e-05
CASSVRQPDTQYFGPG	2e-05
CASSVRQSQNTLYFGAG	2e-05
CASSVRRGAEQFFGPG	2e-05
CASSVRSTGQLYFGEG	2e-05
CASSVRTDQNTLYFGAG	2e-05
CASSVRTGDGEQYFGPG	2e-05
CASSVRTGGLLFGPG	2e-05
CASSVRTSSAETLYFGSG	2e-05
CASSVRVANTEVFFGKG	4e-05
CASSVRVSNERLFFGHG	2e-05
CASSVSGTDSAETLYFGSG	2e-05
CASSVSISNERLFFGHG	2e-05
CASSVSNTLYFGAG	2e-05
CASSVSRVEQYFGPG	2e-05
CASSVSSYEQYFGPG	2e-05
CASSVSWGAQDTQYFGPG	2e-05
CASSVTANTGQLYFGEG	2e-05
CASSVTENSGNTLYFGEG	2e-05
CASSVTEVFFGKG	4e-05
CASSVTGADTQYFGPG	2e-05
CASSVTGAGAETLYFGSG	2e-05
CASSVTGASAETLYFGSG	2e-05
CASSVTGDYAEQFFGPG	2e-05
CASSVTGENSDYTFGSG	2e-05
CASSVTGFEVFFGKG	2e-05
CASSVTGGALDEQYFGPG	2e-05
CASSVTGGANTLYFGAG	2e-05
CASSVTGGAREQYFGPG	2e-05
CASSVTGGAYAEQFFGPG	2e-05
CASSVTGGAYEQYFGPG	2e-05
CASSVTGGDSYEQYFGPG	2e-05
CASSVTGGEQYFGPG	2e-05
CASSVTGGRQFFGPG	2e-05
CASSVTGGRRAETLYFGSG	2e-05
CASSVTGGYAEQFFGPG	2e-05
CASSVTGGYTGQLYFGEG	2e-05
CASSVTGKNTLYFGAG	2e-05
CASSVTGLSGNTLYFGEG	2e-05
CASSVTGMNSPLYFGEG	2e-05
CASSVTGNTLYFGAG	2e-05
CASSVTGQAPLFGEG	2e-05
CASSVTGQLYFGEG	4e-05
CASSVTGRKPNTGQLYFGEG	2e-05
CASSVTGRNSDYTFGSG	2e-05
CASSVTGRSDYTFGSG	2e-05
CASSVTGSGAETLYFGSG	4e-05
CASSVTGSGNTLYFGEG	2e-05
CASSVTGVNSDYTFGSG	2e-05
CASSVTGVQNTLYFGAG	2e-05
CASSVTGWQNTLYFGAG	2e-05
CASSVTISGNTLYFGEG	2e-05
CASSVTNQDTQYFGPG	2e-05
CASSVTPPTSYAVFFGKG	2e-05
CASSVTSQDTQYFGPG	2e-05
CASSVTTNYAEQFFGPG	2e-05
CASSVTVNERLFFGHG	2e-05
CASSVTVTEVFFGKG	2e-05
CASSVTVYEQYFGPG	2e-05
CASSVTYNSPLYFGEG	2e-05
CASSVVQLYFGEG	2e-05
CASSVVSNERLFFGHG	2e-05
CASSVWDTEVFFGKG	2e-05
CASSVWENQDTQYFGPG	2e-05
CASSVWGAYEQYFGPG	2e-05
CASSVWGDNTQYFGPG	2e-05
CASSVWGGEQYFGPG	2e-05
CASSVWGSSAETLYFGSG	2e-05
CASSVWGVDTQYFGPG	2e-05
CASSVYGVNTEVFFGKG	2e-05
CASSVYNSPLYFGEG	2e-05
CASSVYWGSYAEQFFGPG	2e-05
CASSWAASSEQFFGPG	4e-05
CASSWADQDTQYFGPG	2e-05
CASSWADYGNTLYFGEG	2e-05
CASSWAGEDTQYFGPG	2e-05
CASSWAGEGLYFGSG	2e-05
CASSWAGHEQYFGPG	2e-05
CASSWAGKVFFGKG	4e-05
CASSWAGTEVFFGKG	2e-05
CASSWAHPNAETLYFGSG	2e-05
CASSWAKETLYFGSG	2e-05
CASSWALYAEQFFGPG	4e-05
CASSWANQDTQYFGPG	4e-05
CASSWANTEVFFGKG	2e-05
CASSWARGREQYFGPG	2e-05
CASSWATEVFFGEG	2e-05
CASSWCEQYFGPG	2e-05
CASSWDDAEQFFGPG	2e-05
CASSWDDYTEVFFGKG	2e-05
CASSWDFNNQAPLFGEG	2e-05
CASSWDGDTQYFGPG	2e-05
CASSWDGGHSAETLYFGSG	2e-05
CASSWDGGSDYTFGSG	2e-05
CASSWDGGTEVFFGKG	2e-05
CASSWDGKDTQYFGPG	2e-05
CASSWDGNTEVFFGKG	2e-05
CASSWDGSDYTFGSG	2e-05
CASSWDGYERLFFGHG	2e-05
CASSWDINERLFFGHG	2e-05
CASSWDINNQAPLFGEG	2e-05
CASSWDINYAEQFFGPG	2e-05
CASSWDISEVFFGKG	2e-05
CASSWDISQNTLYFGAG	2e-05
CASSWDISYEQYFGPG	2e-05
CASSWDITEVFFGKG	2e-05
CASSWDIYAEQFFGPG	2e-05
CASSWDIYNSPLYFGEG	2e-05
CASSWDKFEQYFGPG	4e-05
CASSWDKNERLFFGHG	2e-05
CASSWDKNYAEQFFGPG	4e-05
CASSWDKTNSDYTFGSG	4e-05
CASSWDKYAEQFFGPG	2e-05
CASSWDKYEQYFGPG	2e-05
CASSWDLNTEVFFGKG	2e-05
CASSWDMRNTLYFGEG	4e-05
CASSWDMSDYTFGSG	2e-05
CASSWDNAETLYFGSG	2e-05
CASSWDNANTEVFFGKG	2e-05
CASSWDNHNSPLYFGEG	2e-05
CASSWDNNNQAPLFGEG	2e-05
CASSWDNNSDYTFGSG	2e-05
CASSWDNSAETLYFGSG	2e-05
CASSWDNSDYTFGSG	2e-05
CASSWDNSPLYFGEG	2e-05
CASSWDNTNSDYTFGSG	2e-05
CASSWDPDDIFGEG	4e-05
CASSWDPQNTLYFGAG	2e-05
CASSWDRASGNTLYFGEG	2e-05
CASSWDRDAEQFFGPG	2e-05
CASSWDRDTGQLYFGEG	2e-05
CASSWDREAQAPLFGEG	2e-05
CASSWDREQYFGPG	2e-05
CASSWDRESAETLYFGSG	2e-05
CASSWDRGAERLFFGHG	2e-05
CASSWDRGAGNTLYFGEG	2e-05
CASSWDRGASDYTFGSG	2e-05
CASSWDRGDTLYFGAG	4e-05
CASSWDRGGAETLYFGSG	2e-05
CASSWDRGGAGPEVFFGKG	2e-05
CASSWDRGGTGQLYFGEG	6.000000000000001e-05
CASSWDRGHAETLYFGSG	2e-05
CASSWDRGHEQYFGPG	2e-05
CASSWDRGHSAETLYFGSG	2e-05
CASSWDRGLNTEVFFGKG	4e-05
CASSWDRGNNNQAPLFGEG	2e-05
CASSWDRGNQYFGPG	2e-05
CASSWDRGNTLYFGAG	2e-05
CASSWDRGRDAEQFFGPG	2e-05
CASSWDRGRGAPLFGEG	2e-05
CASSWDRGRKQYFGPG	2e-05
CASSWDRGRNTLYFGAG	2e-05
CASSWDRGTEVFFGKG	2e-05
CASSWDRGTQAPLFGEG	2e-05
CASSWDRNERLFFGHG	2e-05
CASSWDRNSLLYFGEG	2e-05
CASSWDRNYEQYFGPG	2e-05
CASSWDRQAPLFGEG	2e-05
CASSWDRRAEVFFGKG	2e-05
CASSWDRRSLNYAEQFFGPG	2e-05
CASSWDRTETLYFGSG	4e-05
CASSWDRTEVFFGKG	2e-05
CASSWDRTNSDYTFGSG	2e-05
CASSWDRVGTQYFGPG	2e-05
CASSWDRVNQDTQYFGPG	2e-05
CASSWDRYAEQFFGPG	2e-05
CASSWDRYEQYFGPG	2e-05
CASSWDSGNTLYFGEG	2e-05
CASSWDSIEVFFGKG	2e-05
CASSWDSNERLFFGHG	2e-05
CASSWDSQNTEVFFGKG	2e-05
CASSWDSQNTLYFGAG	2e-05
CASSWDTAETLYFGSG	2e-05
CASSWDTEVFFGKG	2e-05
CASSWDTNQAPLFGEG	2e-05
CASSWDTNSDYTFGSG	2e-05
CASSWDTSGNTLYFGEG	2e-05
CASSWDTYAEQFFGPG	2e-05
CASSWDWAANYAEQFFGPG	2e-05
CASSWDWAPDTQYFGPG	2e-05
CASSWDWENYAEQFFGPG	2e-05
CASSWDWGAETLYFGSG	2e-05
CASSWDWGDYEQYFGPG	2e-05
CASSWDWGEDTQYFGPG	4e-05
CASSWDWGETLYFGSG	2e-05
CASSWDWGGADTQYFGPG	2e-05
CASSWDWGGAGAEQFFGPG	4e-05
CASSWDWGGARSAETLYFGSG	4e-05
CASSWDWGGQNTLYFGAG	2e-05
CASSWDWGGSETLYFGSG	2e-05
CASSWDWGGVGAEQFFGPG	2e-05
CASSWDWGNTLYFGAG	2e-05
CASSWDWGNYAEQFFGPG	2e-05
CASSWDWGQNTLYFGAG	2e-05
CASSWDWGTAETLYFGSG	2e-05
CASSWDWGTYEQYFGPG	2e-05
CASSWDWGVAEQFFGPG	2e-05
CASSWDWGVAETLYFGSG	2e-05
CASSWDWGVLYFGSG	2e-05
CASSWDWGYAEQFFGPG	2e-05
CASSWDWNNQNTLYFGAG	2e-05
CASSWDWQDTQYFGPG	2e-05
CASSWDWRSAETLYFGSG	2e-05
CASSWDWVQDTQYFGPG	2e-05
CASSWDYYEQYFGPG	2e-05
CASSWEAANTEVFFGKG	2e-05
CASSWEGDTEVFFGKG	2e-05
CASSWEGDTQYFGPG	2e-05
CASSWEGIQDTQYFGPG	2e-05
CASSWEGRGNTLYFGEG	2e-05
CASSWEGSDYTFGSG	2e-05
CASSWENYAEQFFGPG	2e-05
CASSWERAEQFFGPG	2e-05
CASSWGADTGQLYFGEG	2e-05
CASSWGAEDTQYFGPG	2e-05
CASSWGAGAETLYFGSG	2e-05
CASSWGAGQLYFGEG	2e-05
CASSWGAGSDYTFGSG	2e-05
CASSWGANTLYFGAG	2e-05
CASSWGAPAETLYFGSG	2e-05
CASSWGAPQDTQYFGPG	2e-05
CASSWGAQAPLFGEG	2e-05
CASSWGAQNTLYFGAG	2e-05
CASSWGAREVFFGKG	2e-05
CASSWGARNTGQLYFGEG	2e-05
CASSWGASDYTFGSG	2e-05
CASSWGDEQYFGPG	2e-05
CASSWGDERLFFGHG	2e-05
CASSWGDNYAEQFFGPG	2e-05
CASSWGDPEVFFGKG	2e-05
CASSWGDQNTLYFGAG	4e-05
CASSWGDRQDTQYFGPG	2e-05
CASSWGDRSSYEQYFGPG	2e-05
CASSWGEATGQLYFGEG	2e-05
CASSWGEENTLYFGAG	4e-05
CASSWGEGTEVFFGKG	2e-05
CASSWGEGYAEQFFGPG	6.000000000000001e-05
CASSWGETETLYFGSG	2e-05
CASSWGFEQYFGPG	2e-05
CASSWGFKGGFFFGHG	2e-05
CASSWGFTGQLYFGEG	4e-05
CASSWGGADEQYFGPG	2e-05
CASSWGGAGAETLYFGSG	4e-05
CASSWGGALEQYFGPG	2e-05
CASSWGGASAETLYFGSG	2e-05
CASSWGGAVETLYFGSG	2e-05
CASSWGGDAEQFFGPG	2e-05
CASSWGGEDTQYFGPG	2e-05
CASSWGGGEQYFGPG	2e-05
CASSWGGGETLYFGSG	2e-05
CASSWGGGNERLFFGHG	2e-05
CASSWGGGNTLYFGEG	4e-05
CASSWGGGNTQYFGPG	2e-05
CASSWGGGSTEVFFGKG	2e-05
CASSWGGGTEVFFGKG	2e-05
CASSWGGGTGQLYFGEG	2e-05
CASSWGGKDTQYFGPG	2e-05
CASSWGGKSGFFFGEG	2e-05
CASSWGGLGAYEQYFGPG	2e-05
CASSWGGNAEQFFGPG	2e-05
CASSWGGNSYEQYFGPG	2e-05
CASSWGGNVAPPQYFGPG	2e-05
CASSWGGSDYTFGSG	2e-05
CASSWGGSGAEQFFGPG	2e-05
CASSWGGSNERLFFGHG	2e-05
CASSWGGYAEQFFGPG	2e-05
CASSWGHANTEVFFGKG	2e-05
CASSWGHPSGNTLYFGEG	2e-05
CASSWGHYGNTLYFGEG	2e-05
CASSWGHYNNQAPLFGEG	2e-05
CASSWGIYAEQFFGPG	2e-05
CASSWGKGRDTQYFGPG	2e-05
CASSWGLDTLYFGAG	2e-05
CASSWGLETLYFGSG	2e-05
CASSWGLGAPEQYFGPG	2e-05
CASSWGLGASEQFFGPG	4e-05
CASSWGLGEGEQYFGPG	2e-05
CASSWGLGGDTQYFGPG	2e-05
CASSWGLGGEQYFGPG	2e-05
CASSWGLGGHEQYFGPG	4e-05
CASSWGLGGNEQYFGPG	2e-05
CASSWGLGGYEQYFGPG	2e-05
CASSWGLGHAETLYFGSG	2e-05
CASSWGLGIQYFGPG	2e-05
CASSWGLGNYAEQFFGPG	2e-05
CASSWGLGQNTLYFGAG	2e-05
CASSWGLGVDTQYFGPG	2e-05
CASSWGLGVREQYFGPG	2e-05
CASSWGLGVSAETLYFGSG	2e-05
CASSWGLGYAEQFFGPG	2e-05
CASSWGLGYEQYFGPG	2e-05
CASSWGLIQNTLYFGAG	2e-05
CASSWGLNNQAPLFGEG	2e-05
CASSWGLPNTGQLYFGEG	2e-05
CASSWGLSAETLYFGSG	2e-05
CASSWGLSQNTLYFGAG	2e-05
CASSWGNNNQAPLFGEG	2e-05
CASSWGNSDYTFGSG	2e-05
CASSWGNTLYFGAG	2e-05
CASSWGNYAEQFFGPG	2e-05
CASSWGNYEQYFGPG	4e-05
CASSWGPANTEVFFGKG	2e-05
CASSWGPNTEVFFGKG	2e-05
CASSWGPNTGQLYFGEG	2e-05
CASSWGPNTLYFGAG	2e-05
CASSWGPQNTLYFGAG	2e-05
CASSWGPSQNTLYFGAG	4e-05
CASSWGQDNERLFFGHG	2e-05
CASSWGQGAASDYTFGSG	2e-05
CASSWGQGASNERLFFGHG	2e-05
CASSWGQGDEQYFGPG	2e-05
CASSWGQGDQAPLFGEG	2e-05
CASSWGQGDTEVFFGKG	4e-05
CASSWGQGEAPLFGEG	4e-05
CASSWGQGEVFFGKG	2e-05
CASSWGQGGSNERLFFGHG	2e-05
CASSWGQGHTLYFGAG	2e-05
CASSWGQGMAPLFGEG	2e-05
CASSWGQGRGERLFFGHG	2e-05
CASSWGQGSAETLYFGSG	2e-05
CASSWGQIYEQYFGPG	2e-05
CASSWGQLQDTQYFGPG	2e-05
CASSWGQNTGQLYFGEG	2e-05
CASSWGQPNTEVFFGKG	2e-05
CASSWGQSGNTLYFGEG	4e-05
CASSWGQSNERLFFGHG	2e-05
CASSWGQTNTEVFFGKG	2e-05
CASSWGQYAEQFFGPG	2e-05
CASSWGQYNNQAPLFGEG	2e-05
CASSWGRDTQYFGPG	2e-05
CASSWGRGAEQFFGPG	2e-05
CASSWGRGAETLYFGSG	2e-05
CASSWGRGDSPLYFGEG	2e-05
CASSWGRGQLYFGEG	2e-05
CASSWGRTGQLYFGEG	2e-05
CASSWGSDAEQFFGPG	2e-05
CASSWGSSYEQYFGPG	2e-05
CASSWGSYAEQFFGPG	4e-05
CASSWGTEVFFGKG	2e-05
CASSWGTGEGTLYFGEG	2e-05
CASSWGTGGENTQYFGPG	2e-05
CASSWGTGSGAEQFFGPG	2e-05
CASSWGTNSDYTFGSG	2e-05
CASSWGTNTEVFFGKG	2e-05
CASSWGTPNSDYTFGSG	2e-05
CASSWGTSGNTLYFGEG	2e-05
CASSWGVDYAEQFFGPG	2e-05
CASSWGVNQDTQYFGPG	2e-05
CASSWGVSAETLYFGSG	2e-05
CASSWGVSGNTLYFGEG	2e-05
CASSWGVSQNTLYFGAG	2e-05
CASSWGVTEVFFGKG	2e-05
CASSWGWGVEQYFGPG	2e-05
CASSWGYAEQFFGPG	2e-05
CASSWINERLFFGHG	2e-05
CASSWIQGNQDTQYFGPG	2e-05
CASSWLGGSSYEQYFGPG	2e-05
CASSWLGSQNTLYFGAG	2e-05
CASSWLGTDSDYTFGSG	2e-05
CASSWNERLFFGHG	2e-05
CASSWNHNSPLYFGEG	2e-05
CASSWNRGDQDTQYFGPG	2e-05
CASSWNRGYTGQLYFGEG	2e-05
CASSWNRLKPTQYFGPG	2e-05
CASSWNSDYTFGSG	2e-05
CASSWNWGGYAEQFFGPG	2e-05
CASSWPAYAEQFFGPG	2e-05
CASSWPGDYAEQFFGPG	2e-05
CASSWPGGAHPLYFGAG	2e-05
CASSWPGLNQDTQYFGPG	2e-05
CASSWPGQDTQYFGPG	2e-05
CASSWPGTSNTGQLYFGEG	2e-05
CASSWPWEDTQYFGPG	2e-05
CASSWQAYNSPLYFGEG	2e-05
CASSWQGAGNTLYFGEG	4e-05
CASSWQGARNERLFFGHG	2e-05
CASSWQGDTQYFGPG	2e-05
CASSWQGGGNQAPLFGEG	2e-05
CASSWQGNSDYTFGSG	2e-05
CASSWQLYFGEG	4e-05
CASSWQNQDTQYFGPG	2e-05
CASSWQNTGQLYFGEG	2e-05
CASSWQPISNERLFFGHG	2e-05
CASSWQQNTLYFGAG	2e-05
CASSWQSQNTLYFGAG	2e-05
CASSWRAENTGQLYFGEG	2e-05
CASSWRAISNERLFFGHG	2e-05
CASSWRASNTGQLYFGEG	2e-05
CASSWRDRDSDYTFGSG	2e-05
CASSWRDWGATGQLYFGEG	2e-05
CASSWRGETLYFGSG	2e-05
CASSWRGGDSQYFGPG	2e-05
CASSWRGKTEVFFGKG	2e-05
CASSWRGRSNERLFFGHG	2e-05
CASSWRGSSYEQYFGPG	2e-05
CASSWRGVRLYFGSG	2e-05
CASSWRGYEQYFGPG	4e-05
CASSWRHTDTQYFGPG	2e-05
CASSWRNERLFFGHG	2e-05
CASSWRNYAEQFFGPG	2e-05
CASSWRQGDERLFFGHG	2e-05
CASSWRVGDTLYFGAG	4e-05
CASSWSGGAYEQYFGPG	2e-05
CASSWSRNQAPLFGEG	2e-05
CASSWSVNTEVFFGKG	2e-05
CASSWTASSYEQYFGPG	2e-05
CASSWTAYEQYFGPG	2e-05
CASSWTDRHNTLYFGAG	2e-05
CASSWTDTEVFFGKG	2e-05
CASSWTGAETLYFGSG	2e-05
CASSWTGAEVFFGKG	2e-05
CASSWTGASDYTFGSG	2e-05
CASSWTGASQNTLYFGAG	2e-05
CASSWTGASSYEQYFGPG	2e-05
CASSWTGDEQYFGPG	2e-05
CASSWTGDNQAPLFGEG	2e-05
CASSWTGEDTQYFGPG	2e-05
CASSWTGEGTEVFFGKG	4e-05
CASSWTGEQYFGPG	2e-05
CASSWTGERLFFGHG	2e-05
CASSWTGFNQDTQYFGPG	2e-05
CASSWTGGADTQYFGPG	2e-05
CASSWTGGANTGQLYFGEG	2e-05
CASSWTGGAPQDTQYFGPG	4e-05
CASSWTGGAQNTLYFGAG	4e-05
CASSWTGGARAKYFGPG	2e-05
CASSWTGGAREQNTLYFGAG	2e-05
CASSWTGGAREQYFGPG	2e-05
CASSWTGGARGQDTQYFGPG	2e-05
CASSWTGGARLSEQFFGPG	2e-05
CASSWTGGARLSQNTLYFGAG	2e-05
CASSWTGGDSDYTFGSG	2e-05
CASSWTGGDTEVFFGKG	2e-05
CASSWTGGGEQYFGPG	2e-05
CASSWTGGGSAETLYFGSG	2e-05
CASSWTGGGTEVFFGKG	2e-05
CASSWTGGGYAEQFFGPG	2e-05
CASSWTGGKNTLYFGAG	2e-05
CASSWTGGNERLFFGHG	2e-05
CASSWTGGNTLYFGAG	4e-05
CASSWTGGPYEQYFGPG	2e-05
CASSWTGGSEQYFGPG	2e-05
CASSWTGGSGNTLYFGEG	2e-05
CASSWTGGTERLFFGHG	2e-05
CASSWTGGTGQLYFGEG	2e-05
CASSWTGGYAEQFFGPG	2e-05
CASSWTGGYEQYFGPG	2e-05
CASSWTGHEQYFGPG	2e-05
CASSWTGIYNSPLYFGEG	2e-05
CASSWTGKAEQFFGPG	2e-05
CASSWTGKYAEQFFGPG	2e-05
CASSWTGLSQNTLYFGAG	2e-05
CASSWTGLYFGSG	4e-05
CASSWTGNAEQFFGPG	2e-05
CASSWTGNEQYFGPG	2e-05
CASSWTGNNQAPLFGEG	4e-05
CASSWTGPLAEQFFGPG	2e-05
CASSWTGRDTGQLYFGEG	2e-05
CASSWTGRDTLYFGAG	2e-05
CASSWTGRNTLYFGEG	2e-05
CASSWTGRQNTLYFGAG	2e-05
CASSWTGRYAEQFFGPG	2e-05
CASSWTGSPNSDYTFGSG	2e-05
CASSWTGSYAEQFFGPG	2e-05
CASSWTGVGNTLYFGEG	2e-05
CASSWTGYAEQFFGPG	2e-05
CASSWTLNTEVFFGKG	2e-05
CASSWTLYEQYFGPG	2e-05
CASSWTNQDTQYFGPG	2e-05
CASSWTNSPLYFGEG	2e-05
CASSWTNTEVFFGKG	2e-05
CASSWTNTGQLYFGEG	2e-05
CASSWTPNTGQLYFGEG	2e-05
CASSWTPSQNTLYFGAG	2e-05
CASSWTRANTEVFFGKG	2e-05
CASSWTRNTLYFGAG	2e-05
CASSWTSETLYFGSG	2e-05
CASSWTSSKNTLYFGEG	2e-05
CASSWTTFSNERLFFGHG	4e-05
CASSWTTSAETLYFGSG	2e-05
CASSWTVNQDTQYFGPG	2e-05
CASSWTVQDTQYFGPG	2e-05
CASSWTVSGNTLYFGEG	4e-05
CASSWTVSNERLFFGHG	2e-05
CASSWTYAEQFFGPG	2e-05
CASSWVDTGQLYFGEG	2e-05
CASSWVNQDTQYFGPG	2e-05
CASSWVRPYEQYFGPG	2e-05
CASSWVRQNTLYFGAG	2e-05
CASSWVSQNTLYFGAG	2e-05
CASSWVWDTQYFGPG	4e-05
CASSWVWGSETLYFGSG	2e-05
CASSWVYAEQFFGPG	2e-05
CASSWYNERLFFGHG	2e-05
CASSYAAGDTQYFGPG	2e-05
CASSYADAETLYFGSG	2e-05
CASSYADSQNTLYFGAG	2e-05
CASSYADYEQYFGPG	2e-05
CASSYAFSNERLFFGHG	2e-05
CASSYAGAGSDYTFGSG	2e-05
CASSYAGASYEQYFGPG	2e-05
CASSYAGDTEVFFGKG	2e-05
CASSYAGDYAEQFFGPG	2e-05
CASSYAGFSGNTLYFGEG	2e-05
CASSYAGGRPETLYFGSG	4e-05
CASSYAGGRQDTQYFGPG	2e-05
CASSYAGGSYEQYFGPG	2e-05
CASSYAGGTYEQYFGPG	2e-05
CASSYAGKVFFGKG	2e-05
CASSYAGKYNSPLYFGEG	2e-05
CASSYAGMNSPLYFGEG	2e-05
CASSYAGNTGQLYFGEG	2e-05
CASSYAGNTLYFGEG	2e-05
CASSYAGNYAEQFFGPG	4e-05
CASSYAGSNSDYTFGSG	2e-05
CASSYAGTDNNQAPLFGEG	2e-05
CASSYAGVEQYFGPG	2e-05
CASSYAGVTYEQYFGPG	2e-05
CASSYAGVYEQYFGPG	2e-05
CASSYAKGLEQYFGPG	2e-05
CASSYALNQDTQYFGPG	4e-05
CASSYAPAKTLYFGSG	2e-05
CASSYAQNTLYFGAG	2e-05
CASSYARGNHTQYFGPG	2e-05
CASSYARGQNTLYFGAG	2e-05
CASSYARGSQNTLYFGAG	2e-05
CASSYASAETLYFGSG	2e-05
CASSYASTLYFGAG	2e-05
CASSYAWGRPAEQFFGPG	4e-05
CASSYAWSSYEQYFGPG	2e-05
CASSYCGGSQNTLYFGAG	2e-05
CASSYDGGASEQYFGPG	2e-05
CASSYDGRGAVFFGKG	2e-05
CASSYDGSAETLYFGSG	2e-05
CASSYDNNQAPLFGEG	4e-05
CASSYDNNSPLYFGEG	2e-05
CASSYDNSAETLYFGSG	2e-05
CASSYDNTSPLYFGEG	4e-05
CASSYDPGTSQNTLYFGAG	2e-05
CASSYDQDTQYFGPG	2e-05
CASSYDRAQNTLYFGAG	2e-05
CASSYDRAYEQYFGPG	2e-05
CASSYDRDTEVFFGKG	2e-05
CASSYDRGAEQFFGPG	2e-05
CASSYDRGGAETLYFGSG	2e-05
CASSYDRGPGQLYFGEG	2e-05
CASSYDRGPSQNTLYFGAG	2e-05
CASSYDRGQDTQYFGPG	2e-05
CASSYDRGSERLFFGHG	2e-05
CASSYDRSAETLYFGSG	2e-05
CASSYDRSNERLFFGHG	2e-05
CASSYDRSSAETLYFGSG	2e-05
CASSYDRSTRQVFFGKG	2e-05
CASSYDRTEVFFGKG	2e-05
CASSYDRVEQYFGPG	2e-05
CASSYDRVRFFGPG	6.000000000000001e-05
CASSYDRYEQYFGPG	2e-05
CASSYDSLYFGPG	4e-05
CASSYDSNQDTQYFGPG	2e-05
CASSYDSYEQYFGPG	2e-05
CASSYDTEVFFGKG	2e-05
CASSYDTGQLYFGEG	2e-05
CASSYDTSGNTLYFGEG	4e-05
CASSYDTYEQYFGPG	2e-05
CASSYDWAEQYFGPG	4e-05
CASSYDWARAETLYFGSG	2e-05
CASSYDWEQNTLYFGAG	4e-05
CASSYDWGAYEQYFGPG	2e-05
CASSYDWGDTQYFGPG	2e-05
CASSYDWGGFNQDTQYFGPG	2e-05
CASSYDWGGGQNTLYFGAG	2e-05
CASSYDWGGKDTQYFGPG	4e-05
CASSYDWGGREQYFGPG	2e-05
CASSYDWGGSQDTQYFGPG	2e-05
CASSYDWGGVQQYFGPG	2e-05
CASSYDWGNQDTQYFGPG	2e-05
CASSYDWGSETLYFGSG	2e-05
CASSYDWGSSYEQYFGPG	2e-05
CASSYDWSYEQYFGPG	2e-05
CASSYDYAEQFFGPG	2e-05
CASSYDYEQYFGPG	2e-05
CASSYEETLYFGSG	2e-05
CASSYEGAEQYFGPG	2e-05
CASSYEGAQNTLYFGAG	4e-05
CASSYEGFSGNTLYFGEG	2e-05
CASSYEGIEQYFGPG	2e-05
CASSYEGTEVFFGKG	2e-05
CASSYENSDYTFGSG	2e-05
CASSYENTEVFFGKG	2e-05
CASSYEPNTEVFFGKG	2e-05
CASSYEQYFGPG	2e-05
CASSYETNSDYTFGSG	2e-05
CASSYEYEQYFGPG	2e-05
CASSYFDWGNYAEQFFGPG	6.000000000000001e-05
CASSYFQDTQYFGPG	2e-05
CASSYFWGSGAETLYFGSG	2e-05
CASSYGAAEQFFGPG	2e-05
CASSYGAANTEVFFGKG	2e-05
CASSYGADTQYFGPG	4e-05
CASSYGAEQFFGPG	4e-05
CASSYGAGEQYFGPG	4e-05
CASSYGAGGSETLYFGSG	2e-05
CASSYGAHTLYFGAG	2e-05
CASSYGANNERLFFGHG	2e-05
CASSYGANSDYTFGSG	2e-05
CASSYGAPEQFFGPG	2e-05
CASSYGASYEQYFGPG	2e-05
CASSYGATQFFGPG	2e-05
CASSYGAVEVFFGKG	2e-05
CASSYGAVKQYFGPG	2e-05
CASSYGDHEQYFGPG	2e-05
CASSYGDKDTQYFGPG	2e-05
CASSYGDNNQAPLFGEG	2e-05
CASSYGDNSPLYFGEG	2e-05
CASSYGDNSPQYFGPG	2e-05
CASSYGDWGYAEQFFGPG	2e-05
CASSYGEDTEVFFGKG	2e-05
CASSYGEGEQYFGPG	4e-05
CASSYGENTEVFFGKG	4e-05
CASSYGEYEQYFGPG	2e-05
CASSYGFQDTQYFGPG	2e-05
CASSYGFSGNTLYFGEG	2e-05
CASSYGFTEVFFGKG	2e-05
CASSYGGAAEQYFGPG	2e-05
CASSYGGAAGQLYFGEG	2e-05
CASSYGGAAVQYFGPG	2e-05
CASSYGGADTLYFGSG	2e-05
CASSYGGAETLYFGSG	2e-05
CASSYGGAIEVFFGKG	4e-05
CASSYGGALEQYFGPG	2e-05
CASSYGGANQAPLFGEG	2e-05
CASSYGGANTEVFFGKG	2e-05
CASSYGGAPFFGKG	2e-05
CASSYGGAPRNTLYFGAG	2e-05
CASSYGGAREYFGPG	2e-05
CASSYGGASYEQYFGPG	2e-05
CASSYGGDNQAPLFGEG	4e-05
CASSYGGGAETLYFGSG	2e-05
CASSYGGGDTEVFFGKG	2e-05
CASSYGGGGPEVFFGKG	2e-05
CASSYGGGNSPLYFGEG	2e-05
CASSYGGGNTEVFFGKG	2e-05
CASSYGGGNTLYFGAG	2e-05
CASSYGGGPDTQYFGPG	2e-05
CASSYGGGQNTLYFGAG	2e-05
CASSYGGGYEQYFGPG	2e-05
CASSYGGGYSPLYFGEG	2e-05
CASSYGGKNPQYFGPG	2e-05
CASSYGGKNTLYFGAG	2e-05
CASSYGGLGQDTQYFGPG	4e-05
CASSYGGLGSDYTFGSG	2e-05
CASSYGGNEQYFGPG	2e-05
CASSYGGNTLYFGAG	2e-05
CASSYGGQGGNTLYFGEG	4e-05
CASSYGGQGTEVFFGKG	2e-05
CASSYGGRDTEVFFGKG	2e-05
CASSYGGRGDTQYFGPG	2e-05
CASSYGGRGTEVFFGKG	2e-05
CASSYGGRLYAEQFFGPG	2e-05
CASSYGGRQDTQYFGPG	2e-05
CASSYGGSAETLYFGSG	2e-05
CASSYGGSSAETLYFGSG	2e-05
CASSYGGVGNTLYFGEG	2e-05
CASSYGGVQDTQYFGPG	2e-05
CASSYGKGNTGQLYFGEG	2e-05
CASSYGKNSDYTFGSG	2e-05
CASSYGKNTLYFGAG	2e-05
CASSYGKTLGDTQYFGPG	2e-05
CASSYGKVEQYFGPG	4e-05
CASSYGLAKEETLYFGSG	2e-05
CASSYGLGAAQYFGPG	2e-05
CASSYGLGGRAETLYFGSG	2e-05
CASSYGLGGYEQYFGPG	2e-05
CASSYGLGKDTQYFGPG	2e-05
CASSYGLGSAETLYFGSG	2e-05
CASSYGLGSSYEQYFGPG	2e-05
CASSYGLSGLTLYFGEG	2e-05
CASSYGLSSQNTLYFGAG	4e-05
CASSYGNAEQFFGPG	2e-05
CASSYGNANTEVFFGKG	2e-05
CASSYGNQDTQYFGPG	2e-05
CASSYGNSAETLYFGSG	2e-05
CASSYGNTLYFGEG	4e-05
CASSYGPGAIYEQYFGPG	2e-05
CASSYGPGDTPLYFGAG	2e-05
CASSYGPGVPHFGPG	4e-05
CASSYGPNYAEQFFGPG	2e-05
CASSYGPQYFGPG	2e-05
CASSYGPTDYTFGSG	2e-05
CASSYGQAGYEQYFGPG	2e-05
CASSYGQATEVFFGKG	2e-05
CASSYGQFSNERLFFGHG	2e-05
CASSYGQGAAETLYFGSG	2e-05
CASSYGQGATEVFFGKG	2e-05
CASSYGQGETLYFGSG	2e-05
CASSYGQGMNTLYFGAG	2e-05
CASSYGQGNTQYFGPG	2e-05
CASSYGQGRQYFGPG	2e-05
CASSYGQGSSYEQYFGPG	6.000000000000001e-05
CASSYGQGYEQYFGPG	2e-05
CASSYGQKNTLYFGAG	2e-05
CASSYGQNQAPLFGEG	2e-05
CASSYGQNSPLYFGEG	2e-05
CASSYGQNTEVFFGKG	2e-05
CASSYGQNYAEQFFGPG	2e-05
CASSYGQPYEQYFGPG	2e-05
CASSYGQSAETLYFGSG	2e-05
CASSYGQSNERLFFGHG	2e-05
CASSYGQSQNTLYFGAG	2e-05
CASSYGQTQYFGPG	2e-05
CASSYGQTSPLYFGEG	2e-05
CASSYGRAEQFFGPG	2e-05
CASSYGRAPEQYFGPG	2e-05
CASSYGRGAEQFFGPG	2e-05
CASSYGRGIFFGHG	2e-05
CASSYGRGVYEQYFGPG	2e-05
CASSYGRGYEKYFGAG	2e-05
CASSYGRISNERLFFGHG	2e-05
CASSYGRNANTEVFFGKG	2e-05
CASSYGRNSPLYFGEG	2e-05
CASSYGRNTGQLYFGEG	2e-05
CASSYGRNTLYFGAG	2e-05
CASSYGRSDYTFGSG	2e-05
CASSYGRVEQYFGPG	2e-05
CASSYGRVFKLPPFFGKG	2e-05
CASSYGRYEQYFGPG	2e-05
CASSYGSERLFFGHG	2e-05
CASSYGSEVFFGKG	2e-05
CASSYGSFEQYFGPG	2e-05
CASSYGSFYEQYFGPG	2e-05
CASSYGSSYNSPLYFGEG	2e-05
CASSYGSTEVFFGKG	2e-05
CASSYGSYEQYFGPG	2e-05
CASSYGTANSDYTFGSG	2e-05
CASSYGTAQAPLFGEG	6.000000000000001e-05
CASSYGTDYEQYFGPG	2e-05
CASSYGTENTEVFFGKG	6.000000000000001e-05
CASSYGTEQAPLFGEG	2e-05
CASSYGTEVFFGKG	2e-05
CASSYGTFQNTLYFGAG	2e-05
CASSYGTGAIYEQYFGPG	2e-05
CASSYGTGDSYEQYFGPG	2e-05
CASSYGTGEDTQYFGPG	2e-05
CASSYGTGETLYFGSG	2e-05
CASSYGTGEVFFGKG	2e-05
CASSYGTGGGGNTLYFGEG	2e-05
CASSYGTGGGSAETLYFGSG	2e-05
CASSYGTGGNTLYFGAG	2e-05
CASSYGTGGSQNTLYFGAG	2e-05
CASSYGTGGSSYEQYFGPG	2e-05
CASSYGTGGTEVFFGKG	2e-05
CASSYGTGGYEQYFGPG	4e-05
CASSYGTGKDTQYFGPG	2e-05
CASSYGTGNTGQLYFGEG	2e-05
CASSYGTGQDTQYFGPG	2e-05
CASSYGTGQLYFGEG	2e-05
CASSYGTGRNQAPLFGEG	2e-05
CASSYGTGRNSPLYFGEG	2e-05
CASSYGTGSNERLFFGHG	4e-05
CASSYGTKDQYFGPG	2e-05
CASSYGTLSNERLFFGHG	2e-05
CASSYGTNSNERLFFGHG	4e-05
CASSYGTRAEQFFGPG	2e-05
CASSYGTSDYTFGSG	2e-05
CASSYGTSNTEVFFGKG	2e-05
CASSYGTTETLYFGSG	2e-05
CASSYGTYAEQFFGPG	2e-05
CASSYGVISGNTLYFGEG	2e-05
CASSYGVNTEVFFGKG	2e-05
CASSYGVQNTLYFGAG	2e-05
CASSYGWASEQYFGPG	2e-05
CASSYGWDTQYFGPG	2e-05
CASSYGWGGAGAEQFFGPG	4e-05
CASSYGWGGAGEYFGPG	2e-05
CASSYGWGGAGQYFGPG	2e-05
CASSYGWGGGAPVFGHG	2e-05
CASSYGYNTEVFFGKG	2e-05
CASSYHFNQDTQYFGPG	2e-05
CASSYHNSPLYFGEG	2e-05
CASSYHQDTQYFGPG	2e-05
CASSYHRGRAETLYFGSG	2e-05
CASSYHRGRDTQYFGPG	2e-05
CASSYHRRQNTLYFGAG	2e-05
CASSYHSNTEVFFGKG	2e-05
CASSYHTEVFFGKG	2e-05
CASSYIAETLYFGSG	2e-05
CASSYIGTDYTFGSG	2e-05
CASSYILKGASNERLFFGHG	2e-05
CASSYINQDTQYFGPG	4e-05
CASSYIQDTQYFGPG	2e-05
CASSYKDTEVFFGKG	2e-05
CASSYKGGANERLFFGHG	2e-05
CASSYKNQAPLFGEG	2e-05
CASSYKNSPLYFGEG	2e-05
CASSYKNTEVFFGKG	2e-05
CASSYKPGQSAETLYFGSG	2e-05
CASSYKQNTGQLYFGEG	2e-05
CASSYKTGTAETLYFGSG	2e-05
CASSYKVFFGKG	2e-05
CASSYLAANTEVFFGKG	2e-05
CASSYLAGDPDNQAPLFGEG	2e-05
CASSYLDLNQDTQYFGPG	2e-05
CASSYLDTGQLYFGEG	2e-05
CASSYLEANTGQLYFGEG	2e-05
CASSYLEGETQYFGPG	2e-05
CASSYLGAGNTLYFGEG	2e-05
CASSYLGATQYFGPG	2e-05
CASSYLGGDTQYFGPG	2e-05
CASSYLGGNQDTQYFGPG	2e-05
CASSYLGGPSAETLYFGSG	2e-05
CASSYLGGQDTQYFGPG	2e-05
CASSYLGGQNTLYFGAG	2e-05
CASSYLGGRAETLYFGSG	2e-05
CASSYLGGRDQDTQYFGPG	2e-05
CASSYLGGRITLYFGAG	2e-05
CASSYLGGRNQDTQYFGPG	2e-05
CASSYLGGSEQYFGPG	2e-05
CASSYLGGYAEQFFGPG	2e-05
CASSYLGKNTLYFGAG	2e-05
CASSYLGNERLFFGHG	2e-05
CASSYLGNTLYFGAG	2e-05
CASSYLGRREQYFGPG	2e-05
CASSYLGSQNTLYFGAG	2e-05
CASSYLGSSYEQYFGPG	2e-05
CASSYLGVSQNTLYFGAG	2e-05
CASSYLGYEQYFGPG	4e-05
CASSYLGYYEQYFGPG	4e-05
CASSYLINQDTQYFGPG	2e-05
CASSYLLGGRGSQNTLYFGAG	2e-05
CASSYLLGVNQDTQYFGPG	2e-05
CASSYLNERLFFGHG	2e-05
CASSYLNSDYTFGSG	2e-05
CASSYLPGTASPLDFGPG	2e-05
CASSYLQGSDYTFGSG	4e-05
CASSYLQGWNQAPLFGEG	2e-05
CASSYLRDTEVFFGKG	2e-05
CASSYLRETLYFGSG	2e-05
CASSYLRGDEQYFGPG	2e-05
CASSYLRKITLYFGAG	2e-05
CASSYLRQGGGAETLYFGSG	2e-05
CASSYLSYNSPLYFGEG	2e-05
CASSYLTGDNTEVFFGKG	2e-05
CASSYLTNTGQLYFGEG	4e-05
CASSYLTSAETLYFGSG	2e-05
CASSYLTSSYEQYFGPG	2e-05
CASSYLVNTEVFFGKG	4e-05
CASSYLVSYEQYFGPG	2e-05
CASSYLWGVNTQYFGPG	2e-05
CASSYMGVQDTQYFGPG	2e-05
CASSYMGYEQYFGPG	2e-05
CASSYMRQNTLYFGAG	2e-05
CASSYMWNEQYFGPG	2e-05
CASSYNGASPETLYFGSG	2e-05
CASSYNGIGNTLYFGEG	2e-05
CASSYNKAETLYFGSG	2e-05
CASSYNLYAEQFFGPG	6.000000000000001e-05
CASSYNRQNTLYFGAG	2e-05
CASSYNRTDPEVFFGKG	2e-05
CASSYNSAETLYFGSG	2e-05
CASSYNSDYTFGSG	2e-05
CASSYNSNQDTQYFGPG	2e-05
CASSYNTGQLYFGEG	4e-05
CASSYNTLYFGAG	2e-05
CASSYNTYEQYFGPG	2e-05
CASSYNWGNTGQLYFGEG	2e-05
CASSYPASPCYFGAG	2e-05
CASSYPDRDTGQLYFGEG	2e-05
CASSYPDRGDQAPLFGEG	2e-05
CASSYPDWGGATRQLYFGEG	2e-05
CASSYPGAYEQYFGPG	2e-05
CASSYPGDTGQLYFGEG	2e-05
CASSYPGDTQYFGPG	2e-05
CASSYPGGAPEQYFGPG	2e-05
CASSYPGGRAEQFFGPG	2e-05
CASSYPGGSQNTLYFGAG	2e-05
CASSYPGHRNERLFFGHG	2e-05
CASSYPGLGYAEQFFGPG	2e-05
CASSYPGLSYEQYFGPG	2e-05
CASSYPGNTEVFFGKG	2e-05
CASSYPGNYAEQFFGPG	2e-05
CASSYPGPLAERLFFGHG	2e-05
CASSYPGQANTGQLYFGEG	2e-05
CASSYPGQGKNSPLYFGEG	2e-05
CASSYPGQGQDTQYFGPG	2e-05
CASSYPGQGTAPYAEQFFGPG	2e-05
CASSYPGQNTLYFGAG	4e-05
CASSYPGQYEQYFGPG	2e-05
CASSYPGSGPEVFFGKG	2e-05
CASSYPGTANERLFFGHG	2e-05
CASSYPGTGRVFFGKG	2e-05
CASSYPGTSAETLYFGSG	2e-05
CASSYPGVGTEVFFGKG	2e-05
CASSYPISNERLFFGHG	2e-05
CASSYPKNTLYFGAG	2e-05
CASSYPLGPYEQYFGPG	2e-05
CASSYPPGQLYFGEG	2e-05
CASSYPPLWTSAETLYFGSG	2e-05
CASSYPPLYFGEG	2e-05
CASSYPPNTEVFFGKG	2e-05
CASSYPQDTQYFGPG	2e-05
CASSYPRDEQFFGPG	2e-05
CASSYPRDRNQNTLYFGAG	2e-05
CASSYPRDRVDTQYFGPG	2e-05
CASSYPREKNTEVFFGKG	2e-05
CASSYPRLGGYEQYFGPG	2e-05
CASSYPRPETLYFGSG	2e-05
CASSYPRTGQLYFGEG	2e-05
CASSYPTGSSYEQYFGPG	2e-05
CASSYPWGAEQYFGPG	2e-05
CASSYPYEQYFGPG	2e-05
CASSYPYSGNTLYFGEG	2e-05
CASSYQAETLYFGSG	2e-05
CASSYQAHTEVFFGKG	2e-05
CASSYQANTGQLYFGEG	2e-05
CASSYQAQTTTNTEVFFGKG	2e-05
CASSYQDNANSDYTFGSG	4e-05
CASSYQDNTEVFFGKG	2e-05
CASSYQERAEQFFGPG	2e-05
CASSYQETPEVFFGKG	2e-05
CASSYQGANTEVFFGKG	2e-05
CASSYQGATEVFFGKG	2e-05
CASSYQGETLYFGSG	2e-05
CASSYQGFLYFGSG	4e-05
CASSYQGGNQDTQYFGPG	2e-05
CASSYQGGQNTLYFGAG	2e-05
CASSYQGGTEVFFGKG	2e-05
CASSYQGHTGQLYFGEG	2e-05
CASSYQGKAETLYFGSG	2e-05
CASSYQGLSYEQYFGPG	2e-05
CASSYQGNNYAEQFFGPG	2e-05
CASSYQGNTLYFGEG	2e-05
CASSYQGRGEQFFGPG	4e-05
CASSYQGRTEVFFGKG	2e-05
CASSYQGTEQFFGPG	2e-05
CASSYQGTNERLFFGHG	2e-05
CASSYQGTQNTLYFGAG	2e-05
CASSYQGYSGNTLYFGEG	2e-05
CASSYQITQDTQYFGPG	2e-05
CASSYQIYAEQFFGPG	2e-05
CASSYQKDTQYFGPG	2e-05
CASSYQNNQAPLFGEG	2e-05
CASSYQNQDTQYFGPG	4e-05
CASSYQNYNSPLYFGEG	6.000000000000001e-05
CASSYQQNTLYFGAG	2e-05
CASSYQRDRIFFGKG	4e-05
CASSYQSYEQYFGPG	2e-05
CASSYQTNTEVFFGKG	4e-05
CASSYQTSAETLYFGSG	2e-05
CASSYQTSGNTLYFGEG	2e-05
CASSYQTTEVFFGKG	4e-05
CASSYQTYEQYFGPG	2e-05
CASSYQVSAETLYFGSG	2e-05
CASSYRAEQFFGPG	2e-05
CASSYRASAETLYFGSG	2e-05
CASSYRATDYTFGSG	2e-05
CASSYRATEVFFGKG	4e-05
CASSYRAWNAEQFFGPG	2e-05
CASSYRDAEQFFGPG	2e-05
CASSYRDANTEVFFGKG	2e-05
CASSYRDERLFFGHG	2e-05
CASSYRDFQDTQYFGPG	4e-05
CASSYRDGAGNTLYFGEG	2e-05
CASSYRDGAYEQYFGPG	4e-05
CASSYRDGKNTLYFGAG	2e-05
CASSYRDGSDYTFGSG	2e-05
CASSYRDHYAEQFFGPG	2e-05
CASSYRDKDTQYFGPG	4e-05
CASSYRDKSNTEVFFGKG	2e-05
CASSYRDLETLYFGSG	2e-05
CASSYRDLNTGQLYFGEG	2e-05
CASSYRDNGNTLYFGEG	2e-05
CASSYRDNNQAPLFGEG	2e-05
CASSYRDNSDYTFGSG	2e-05
CASSYRDNSPLYFGEG	2e-05
CASSYRDNYAEQFFGPG	2e-05
CASSYRDNYNSPLYFGEG	2e-05
CASSYRDQDTQYFGPG	2e-05
CASSYRDRDYAEQFFGPG	2e-05
CASSYRDREGEQYFGPG	2e-05
CASSYRDREGTLYFGAG	2e-05
CASSYRDRGHAEQFFGPG	2e-05
CASSYRDRGNSPLYFGEG	2e-05
CASSYRDRNYAEQFFGPG	2e-05
CASSYRDRQNTLYFGAG	2e-05
CASSYRDRRGEQYFGPG	2e-05
CASSYRDRSYEQYFGPG	6.000000000000001e-05
CASSYRDRVGNTLYFGEG	2e-05
CASSYRDRVSNERLFFGHG	2e-05
CASSYRDRYEQYFGPG	2e-05
CASSYRDSPLYFGEG	2e-05
CASSYRDSPPYFGEG	2e-05
CASSYRDSQDTQYFGPG	4e-05
CASSYRDSSAETLYFGSG	2e-05
CASSYRDSSYEQYFGPG	2e-05
CASSYRDTDTQYFGPG	2e-05
CASSYRDTLYFGAG	2e-05
CASSYRDTQYFGPG	2e-05
CASSYRDWAYEQYFGPG	4e-05
CASSYRDWGDTQYFGPG	2e-05
CASSYRDWGGTTLYFGAG	2e-05
CASSYRDWGNQDTQYFGPG	4e-05
CASSYRDWGYEQYFGPG	4e-05
CASSYRDWVNQDTQYFGPG	2e-05
CASSYRDWVYEQYFGPG	2e-05
CASSYRDYYEQYFGPG	2e-05
CASSYREANQAPLFGEG	2e-05
CASSYREDTLYFGAG	2e-05
CASSYREKNAEQFFGPG	2e-05
CASSYRENSDYTFGSG	2e-05
CASSYRENTQYFGPG	2e-05
CASSYREQDTQYFGPG	2e-05
CASSYRERDTQYFGPG	2e-05
CASSYRETEVFFGKG	2e-05
CASSYRFSSGNTLYFGEG	2e-05
CASSYRGADTLYFGSG	2e-05
CASSYRGAEQFFGPG	2e-05
CASSYRGAETLYFGSG	2e-05
CASSYRGAEVFFGKG	2e-05
CASSYRGAGNTLYFGEG	2e-05
CASSYRGAKQFFGPG	2e-05
CASSYRGANTEVFFGKG	2e-05
CASSYRGAQDTQYFGPG	2e-05
CASSYRGDAEQFFGPG	2e-05
CASSYRGDQAPLFGEG	2e-05
CASSYRGEDTQYFGPG	2e-05
CASSYRGENTEVFFGKG	2e-05
CASSYRGGDAETLYFGSG	2e-05
CASSYRGGDPLYFGAG	2e-05
CASSYRGGDTQYFGPG	2e-05
CASSYRGGGNTLYFGEG	2e-05
CASSYRGGGQNTLYFGAG	2e-05
CASSYRGGNTQYFGPG	2e-05
CASSYRGGRATQYFGPG	2e-05
CASSYRGGSAETLYFGSG	2e-05
CASSYRGGSDYTFGSG	2e-05
CASSYRGGSPLYFGEG	2e-05
CASSYRGGSYEQYFGPG	2e-05
CASSYRGHEQYFGPG	2e-05
CASSYRGLNQDTQYFGPG	2e-05
CASSYRGLSYEQYFGPG	2e-05
CASSYRGLYAEQFFGPG	2e-05
CASSYRGNAETLYFGSG	2e-05
CASSYRGNERLFFGHG	2e-05
CASSYRGNQAPLFGEG	2e-05
CASSYRGNQDTQYFGPG	2e-05
CASSYRGNSDYTFGSG	4e-05
CASSYRGNSQLYFGEG	2e-05
CASSYRGNTLYFGAG	2e-05
CASSYRGPEVFFGKG	4e-05
CASSYRGPKDTQYFGPG	2e-05
CASSYRGPNTEVFFGKG	2e-05
CASSYRGPNTLYFGAG	2e-05
CASSYRGPSAETLYFGSG	2e-05
CASSYRGPSQHTFGSG	2e-05
CASSYRGQNSDYTFGSG	2e-05
CASSYRGQNTLYFGAG	2e-05
CASSYRGQVNERLFFGHG	2e-05
CASSYRGRDAETLYFGSG	2e-05
CASSYRGRGLAETLYFGSG	2e-05
CASSYRGRNSDYTFGSG	2e-05
CASSYRGRQNTLYFGAG	2e-05
CASSYRGRSYEQYFGPG	2e-05
CASSYRGRYAEQFFGPG	2e-05
CASSYRGSAETLYFGSG	2e-05
CASSYRGSGNTLYFGEG	2e-05
CASSYRGSQNTLYFGAG	2e-05
CASSYRGSYEQYFGPG	2e-05
CASSYRGTEQYFGPG	2e-05
CASSYRGTSAETLYFGSG	2e-05
CASSYRGYAEQFFGPG	2e-05
CASSYRGYSGNTLYFGEG	2e-05
CASSYRGYSYEQYFGPG	2e-05
CASSYRGYTEVFFGKG	4e-05
CASSYRHPENTLYFGAG	2e-05
CASSYRHRGRNTFYFGEG	2e-05
CASSYRIGNSPLYFGEG	2e-05
CASSYRLGGDAEQFFGPG	2e-05
CASSYRLGGLDAEQFFGPG	2e-05
CASSYRLGKNTLYFGAG	2e-05
CASSYRLGLYEQYFGPG	2e-05
CASSYRLGSSYEQYFGPG	4e-05
CASSYRLGVYEQYFGPG	2e-05
CASSYRLQDTQYFGPG	2e-05
CASSYRLTTEVFFGKG	2e-05
CASSYRNANSDYTFGSG	2e-05
CASSYRNQAPLFGEG	2e-05
CASSYRNQDTQYFGPG	2e-05
CASSYRNSPFYFGEG	4e-05
CASSYRNSPLYFGEG	2e-05
CASSYRNWQLYFGEG	2e-05
CASSYRNYEQYFGPG	2e-05
CASSYRPGEQYFGPG	4e-05
CASSYRPGQSNERLFFGHG	2e-05
CASSYRPLNTEVFFGKG	2e-05
CASSYRPSDYTFGSG	2e-05
CASSYRPSGPLYFGAG	2e-05
CASSYRPSNERLFFGHG	2e-05
CASSYRPYAEQFFGPG	2e-05
CASSYRQAGPPPLYFGEG	2e-05
CASSYRQALYFGAG	2e-05
CASSYRQANTEVFFGKG	2e-05
CASSYRQGAGEQYFGPG	2e-05
CASSYRQGFNERLFFGHG	2e-05
CASSYRQGRTGQLYFGEG	2e-05
CASSYRQGSAETLYFGSG	2e-05
CASSYRQGSTGQLYFGEG	2e-05
CASSYRQLYFGEG	2e-05
CASSYRQNQDTQYFGPG	2e-05
CASSYRQNTEVFFGKG	4e-05
CASSYRQPQDTQYFGPG	2e-05
CASSYRQQDTQYFGPG	2e-05
CASSYRQRTPYTFGSG	2e-05
CASSYRQSNERLFFGHG	2e-05
CASSYRQTAPLFGEG	2e-05
CASSYRQTYEQYFGPG	2e-05
CASSYRRATGQLYFGEG	2e-05
CASSYRRNSDYTFGSG	2e-05
CASSYRRPQDTQYFGPG	2e-05
CASSYRRRNPQYFGPG	2e-05
CASSYRRRSAETLYFGSG	2e-05
CASSYRRTGQLYFGEG	2e-05
CASSYRSYEQYFGPG	2e-05
CASSYRTADPFFGKG	2e-05
CASSYRTEDTQYFGPG	2e-05
CASSYRTENTLYFGAG	4e-05
CASSYRTETLYFGSG	2e-05
CASSYRTGANERLFFGHG	2e-05
CASSYRTGGNERLFFGHG	2e-05
CASSYRTGPVFFGKG	2e-05
CASSYRTGYEQYFGPG	2e-05
CASSYRTMGREQYFGPG	4e-05
CASSYRTQDTQYFGPG	2e-05
CASSYRTSDYTFGSG	2e-05
CASSYRTSEVFFGKG	2e-05
CASSYRTSGNTLYFGEG	2e-05
CASSYRTSPLYFGEG	2e-05
CASSYRVEQFFGPG	2e-05
CASSYRVEQYFGPG	2e-05
CASSYRVGSDYTFGSG	4e-05
CASSYRVNSDYTFGSG	2e-05
CASSYRVNSPLYFGEG	2e-05
CASSYRVNTEVFFGKG	2e-05
CASSYRVSAETLYFGSG	2e-05
CASSYRVSPLYFGEG	2e-05
CASSYRVSYNSPLYFGEG	2e-05
CASSYRWGEDTQYFGPG	4e-05
CASSYRWGNQDTQYFGPG	2e-05
CASSYRWNNQAPLFGEG	2e-05
CASSYRWRDTQYFGPG	2e-05
CASSYRYAEQFFGPG	2e-05
CASSYRYNNQAPLFGEG	2e-05
CASSYRYQDTQYFGPG	2e-05
CASSYSAKNTGQLYFGEG	2e-05
CASSYSANTGQLYFGEG	2e-05
CASSYSDANSDYTFGSG	4e-05
CASSYSDSHYEQYFGPG	2e-05
CASSYSDTEVFFGKG	2e-05
CASSYSDTYEQYFGPG	2e-05
CASSYSETLYFGSG	2e-05
CASSYSGANPPLYFGEG	2e-05
CASSYSGENTLYFGAG	2e-05
CASSYSGFGNTLYFGEG	2e-05
CASSYSGGNTLYFGAG	2e-05
CASSYSGGRNTLYFGAG	2e-05
CASSYSGGVREQYFGPG	4e-05
CASSYSGGYNYAEQFFGPG	2e-05
CASSYSGNEQYFGPG	2e-05
CASSYSGQAPLFGEG	2e-05
CASSYSGQPNTEVFFGKG	4e-05
CASSYSGTETLYFGSG	2e-05
CASSYSGVNSDYTFGSG	2e-05
CASSYSGWVVSWYFGPG	2e-05
CASSYSGYEQYFGPG	2e-05
CASSYSHEIFFGKG	4e-05
CASSYSHTPLYFGEG	2e-05
CASSYSISNERLFFGHG	2e-05
CASSYSISYEQYFGPG	2e-05
CASSYSIYNNQAPLFGEG	2e-05
CASSYSLGGQYFGPG	2e-05
CASSYSLNQDTQYFGPG	2e-05
CASSYSLSNERLFFGHG	2e-05
CASSYSNAEQFFGPG	2e-05
CASSYSNSDYTFGSG	2e-05
CASSYSPNSDYTFGSG	2e-05
CASSYSPSHPGNTLYFGEG	2e-05
CASSYSPTEQFFGPG	4e-05
CASSYSRATEVFFGKG	2e-05
CASSYSRATLYFGAG	2e-05
CASSYSRTETLYFGSG	2e-05
CASSYSRTNYAEQFFGPG	2e-05
CASSYSSLGGRGTQYFGPG	4e-05
CASSYSSNTEVFFGKG	2e-05
CASSYSSNTLYFGAG	4e-05
CASSYSSYEQYFGPG	2e-05
CASSYSTGGANTGQLYFGEG	2e-05
CASSYSVNQDTQYFGPG	2e-05
CASSYSWGVSAEQFFGPG	2e-05
CASSYSYNYPLYFGEG	2e-05
CASSYTAEQFFGPG	2e-05
CASSYTALEQYFGPG	2e-05
CASSYTASGQLYFGEG	4e-05
CASSYTASQNTLYFGAG	2e-05
CASSYTENSPLYFGEG	2e-05
CASSYTEPGEQFFGPG	4e-05
CASSYTETLYFGSG	2e-05
CASSYTFGSG	2e-05
CASSYTGANSDYTFGSG	2e-05
CASSYTGANTEVFFGKG	2e-05
CASSYTGFYNSPLYFGEG	2e-05
CASSYTGGAGTEVFFGKG	2e-05
CASSYTGGAYAEQFFGPG	2e-05
CASSYTGGDTQYFGPG	2e-05
CASSYTGGDYAEQFFGPG	2e-05
CASSYTGGQDTQYFGPG	2e-05
CASSYTGGQNTLYFGAG	2e-05
CASSYTGGRGTEVFFGKG	2e-05
CASSYTGGSAEQFFGPG	2e-05
CASSYTGGSYEQYFGPG	2e-05
CASSYTGGTGQLYFGEG	2e-05
CASSYTGIEQYFGPG	2e-05
CASSYTGIYEQYFGPG	2e-05
CASSYTGKDSDYTFGSG	2e-05
CASSYTGLGSYEQYFGPG	2e-05
CASSYTGNEQYFGPG	2e-05
CASSYTGNSDYTFGSG	2e-05
CASSYTGNTEVFFGKG	2e-05
CASSYTGNTLYFGEG	2e-05
CASSYTGPETLYFGSG	2e-05
CASSYTGPGEQFFGPG	2e-05
CASSYTGQNTEVFFGKG	2e-05
CASSYTGRRHAPLFGEG	2e-05
CASSYTGSSQDTQYFGPG	2e-05
CASSYTGTGKVFFGKG	2e-05
CASSYTGTNTGQLYFGEG	2e-05
CASSYTGTTEVFFGKG	2e-05
CASSYTGVYAEQFFGPG	2e-05
CASSYTHEQYFGPG	4e-05
CASSYTHSDYTFGSG	2e-05
CASSYTINTLYFGAG	2e-05
CASSYTNQAPLFGEG	2e-05
CASSYTNQDTQYFGPG	2e-05
CASSYTNTNSDYTFGSG	2e-05
CASSYTPRQNTLYFGAG	2e-05
CASSYTPSGNTLYFGEG	2e-05
CASSYTPTQYFGPG	2e-05
CASSYTRRSDYTFGSG	2e-05
CASSYTSGGETQYFGPG	2e-05
CASSYTSGNTLYFGEG	2e-05
CASSYTTGPSNTLYFGAG	2e-05
CASSYTVRAETLYFGSG	2e-05
CASSYTYEQYFGPG	4e-05
CASSYVGAGPNTLYFGAG	2e-05
CASSYVGAIAEQFFGPG	2e-05
CASSYVGDYAEQFFGPG	2e-05
CASSYVGGATETLYFGSG	2e-05
CASSYVGGGQDTQYFGPG	2e-05
CASSYVGGRAGNTLYFGEG	4e-05
CASSYVNERLFFGHG	4e-05
CASSYVNQDTQYFGPG	2e-05
CASSYVPEQFFGPG	2e-05
CASSYVTGGSGNTLYFGEG	2e-05
CASSYVTSGNTLYFGEG	2e-05
CASSYVYAEQFFGPG	2e-05
CASSYWAANTGQLYFGEG	2e-05
CASSYWAAYEQYFGPG	2e-05
CASSYWAGQNTLYFGAG	8e-05
CASSYWATQYFGPG	2e-05
CASSYWDNYAEQFFGPG	2e-05
CASSYWDQDTQYFGPG	2e-05
CASSYWDRGLEQYFGPG	2e-05
CASSYWDTEVFFGKG	2e-05
CASSYWDTQYFGPG	2e-05
CASSYWDWVNQDTQYFGPG	2e-05
CASSYWEGGYEQYFGPG	2e-05
CASSYWEGQDTQYFGPG	2e-05
CASSYWEQDTQYFGPG	2e-05
CASSYWGAAQNTLYFGAG	2e-05
CASSYWGAIPETLYFGSG	2e-05
CASSYWGAQDTQYFGPG	2e-05
CASSYWGAQETLYFGSG	2e-05
CASSYWGASAETLYFGSG	2e-05
CASSYWGASQNTLYFGAG	2e-05
CASSYWGATLYFGAG	2e-05
CASSYWGGADEQYFGPG	2e-05
CASSYWGGAETLYFGSG	2e-05
CASSYWGGAGQNTLYFGAG	2e-05
CASSYWGGDSYEQYFGPG	2e-05
CASSYWGGDTLYFGAG	2e-05
CASSYWGGEDTQYFGPG	2e-05
CASSYWGGGAEQFFGPG	2e-05
CASSYWGGGESQNTLYFGAG	2e-05
CASSYWGGKNTLYFGAG	2e-05
CASSYWGGNTLYFGAG	4e-05
CASSYWGGQNTLYFGAG	2e-05
CASSYWGGRDTQYFGPG	2e-05
CASSYWGGRQNTLYFGAG	2e-05
CASSYWGGSQNTLYFGAG	2e-05
CASSYWGGSSYEQYFGPG	2e-05
CASSYWGGYYAEQFFGPG	2e-05
CASSYWGHQDTQYFGPG	2e-05
CASSYWGKDTQYFGPG	2e-05
CASSYWGNYAEQFFGPG	2e-05
CASSYWGRHQDTQYFGPG	2e-05
CASSYWGSAETLYFGSG	2e-05
CASSYWGSQNTLYFGAG	2e-05
CASSYWGSSDYTFGSG	2e-05
CASSYWGSSQNTLYFGAG	2e-05
CASSYWGSYAEQFFGPG	2e-05
CASSYWGTGQLYFGEG	2e-05
CASSYWGTTGQLYFGEG	2e-05
CASSYWGVSYEQYFGPG	2e-05
CASSYWGVTGQLYFGEG	2e-05
CASSYWHTLYFGAG	2e-05
CASSYWISNERLFFGHG	2e-05
CASSYWSYEQYFGPG	2e-05
CASSYWTGGASETLYFGSG	2e-05
CASSYWTGYNERLFFGHG	2e-05
CASSYYFGEG	2e-05
CASSYYKGNSDYTFGSG	2e-05
CASSYYNQDTQYFGPG	2e-05
CASSYYNSPLYFGEG	4e-05
CASSYYRGANSDYTFGSG	2e-05
CASSYYSGNTLYFGEG	2e-05
CASSYYSSGNTLYFGEG	2e-05
CASSYYSSPLYFGEG	2e-05
CASSYYSYNSPLYFGEG	2e-05
CASSYYTSPLYFGEG	2e-05
CASSYYWDQNTLYFGAG	4e-05
CASSYYYGSSTYAEQFFGPG	2e-05
CASTAAAEQFFGPG	2e-05
CASTADNQNTLYFGAG	2e-05
CASTADNSDYTFGSG	2e-05
CASTADWGYEQYFGPG	2e-05
CASTAEGFSNTLYFGAG	2e-05
CASTAGAGQLYFGEG	4e-05
CASTAGASDYTFGSG	2e-05
CASTAGGGTLYFGAG	2e-05
CASTAGGSNERLFFGHG	2e-05
CASTAGLLYEQYFGPG	2e-05
CASTAGQGTGQLYFGEG	2e-05
CASTAGRGANTEVFFGKG	2e-05
CASTAGRYEQYFGPG	2e-05
CASTAGWGNTGQLYFGEG	2e-05
CASTANTEVFFGKG	6.000000000000001e-05
CASTAPGGSSYEQYFGPG	2e-05
CASTAPGSQNTLYFGAG	2e-05
CASTAPNTEVFFGKG	2e-05
CASTAQGQDTQYFGPG	2e-05
CASTARQGNYAEQFFGPG	2e-05
CASTARTARDEQYFGPG	2e-05
CASTASNERLFFGHG	2e-05
CASTASNTEVFFGKG	2e-05
CASTASSCNPPLYFGEG	2e-05
CASTATRGGPDYTFGSG	2e-05
CASTCGETLYFGSG	2e-05
CASTDAEQFFGPG	2e-05
CASTDALSYAEQFFGPG	2e-05
CASTDARAETLYFGSG	2e-05
CASTDDSSGNTLYFGEG	2e-05
CASTDEDSDYTFGSG	4e-05
CASTDGCEQYFGPG	2e-05
CASTDGNSDYTFGSG	2e-05
CASTDINTEVFFGKG	2e-05
CASTDLGGRQNTLYFGAG	2e-05
CASTDLRAGNSDYTFGSG	2e-05
CASTDNYAEQFFGPG	2e-05
CASTDRANTGQLYFGEG	2e-05
CASTDRASYEQYFGPG	2e-05
CASTDRAVAETLYFGSG	2e-05
CASTDRDNTLYFGAG	2e-05
CASTDRGAETLYFGSG	2e-05
CASTDRGGDTQYFGPG	2e-05
CASTDRGIGNTLYFGEG	2e-05
CASTDRGIHTQYFGPG	2e-05
CASTDRGKDTEVFFGKG	2e-05
CASTDRGLGAETLYFGSG	2e-05
CASTDRGNSDYTFGSG	2e-05
CASTDRGNTGQLYFGEG	2e-05
CASTDRGRYAEQFFGPG	2e-05
CASTDRGWGPHEQYFGPG	2e-05
CASTDRGYTGQLYFGEG	2e-05
CASTDRIYAEQFFGPG	2e-05
CASTDRSSYEQYFGPG	2e-05
CASTDSISNERLFFGHG	2e-05
CASTDSSAETLYFGSG	2e-05
CASTDSSGNTLYFGEG	2e-05
CASTDSSYEQYFGPG	2e-05
CASTDTGQLYFGEG	2e-05
CASTDTQYFGPG	2e-05
CASTDWGASQNTLYFGAG	4e-05
CASTDWGDTGQLYFGEG	2e-05
CASTDWGGNYAEQFFGPG	2e-05
CASTDWGSSYEQYFGPG	2e-05
CASTDWVNQDTQYFGPG	2e-05
CASTDYTFGSG	2e-05
CASTEAGSDYTFGSG	2e-05
CASTEDRSSYEQYFGPG	2e-05
CASTEGGSSYEQYFGPG	2e-05
CASTEGSSYEQYFGPG	2e-05
CASTEPRQGYERLFFGHG	2e-05
CASTEQFFGPG	2e-05
CASTEQGPNTEVFFGKG	2e-05
CASTEQGSNTEVFFGKG	2e-05
CASTEQTTEVFFGKG	2e-05
CASTEQYFGPG	2e-05
CASTERAENTLYFGAG	2e-05
CASTETGGSYEQYFGPG	2e-05
CASTETIPNERLFFGHG	2e-05
CASTETSQNTLYFGAG	2e-05
CASTEYSGNTLYFGEG	2e-05
CASTFDISYNSPLYFGEG	4e-05
CASTFDRDYAEQFFGPG	2e-05
CASTFDWGENTLYFGAG	2e-05
CASTFEGPGNTLYFGEG	2e-05
CASTFGQGGNSPLYFGEG	2e-05
CASTFNANTEVFFGKG	2e-05
CASTFQDTQYFGPG	2e-05
CASTFTGDTGQLYFGEG	2e-05
CASTFTGFGNTLYFGEG	2e-05
CASTFTWPGNTLYFGEG	2e-05
CASTFVGQYSSPLYFGEG	2e-05
CASTGADTGQLYFGEG	2e-05
CASTGAGGNQDTQYFGPG	4e-05
CASTGANERLFFGHG	2e-05
CASTGDAETLYFGSG	2e-05
CASTGDNSDYTFGSG	2e-05
CASTGDRGYNSPLYFGEG	2e-05
CASTGDRYTEVFFGKG	2e-05
CASTGDSGNTLYFGEG	2e-05
CASTGEDAEQFFGPG	2e-05
CASTGEKCHYTFGSG	2e-05
CASTGGAETLYFGSG	2e-05
CASTGGASAETLYFGSG	2e-05
CASTGGDQAPLFGEG	2e-05
CASTGGLYAEQFFGPG	2e-05
CASTGGNQDTQYFGPG	2e-05
CASTGGNTGQLYFGEG	2e-05
CASTGGQEDTQYFGPG	2e-05
CASTGGSSAETLYFGSG	2e-05
CASTGGTNTEVFFGKG	2e-05
CASTGGTSAEQFFGPG	2e-05
CASTGGVAETLYFGSG	2e-05
CASTGLGAYEQYFGPG	2e-05
CASTGLGEKTLYFGSG	2e-05
CASTGLGGGDTQYFGPG	2e-05
CASTGLGGRTNTLYFGAG	2e-05
CASTGLGTYEQYFGPG	2e-05
CASTGLGVDTQYFGPG	2e-05
CASTGLGVLQNTLYFGAG	2e-05
CASTGLGYEQYFGPG	2e-05
CASTGLNQAPLFGEG	2e-05
CASTGLRRAETLYFGSG	2e-05
CASTGNNQAPLFGEG	2e-05
CASTGNSGNTLYFGEG	2e-05
CASTGNSNERLFFGHG	2e-05
CASTGNSPLYFGEG	2e-05
CASTGNYAEQFFGPG	2e-05
CASTGPGGHTEVFFGKG	2e-05
CASTGPGQDTQYFGPG	4e-05
CASTGPGVREQYFGPG	2e-05
CASTGQANSDYTFGSG	2e-05
CASTGQANTEVFFGKG	2e-05
CASTGQASGNTLYFGEG	2e-05
CASTGQDSQNTLYFGAG	2e-05
CASTGQGANTEVFFGKG	2e-05
CASTGQGGQAPLFGEG	2e-05
CASTGQGGTEVFFGKG	2e-05
CASTGQGNERLFFGHG	2e-05
CASTGQGQNTLYFGAG	2e-05
CASTGQGYAEQFFGPG	2e-05
CASTGQMNTEVFFGKG	2e-05
CASTGQNQAPLFGEG	2e-05
CASTGQNSGNTLYFGEG	2e-05
CASTGQNSNERLFFGHG	2e-05
CASTGQQNSDYTFGSG	2e-05
CASTGQSAETLYFGSG	2e-05
CASTGQSNQAPLFGEG	2e-05
CASTGQSNTEVFFGKG	2e-05
CASTGQSTEVFFGKG	2e-05
CASTGQTSQNTLYFGAG	2e-05
CASTGQVSNERLFFGHG	2e-05
CASTGRGAETLYFGSG	4e-05
CASTGRGERLFFGHG	2e-05
CASTGRNTGQLYFGEG	2e-05
CASTGSPSAETLYFGSG	2e-05
CASTGTANERLFFGHG	2e-05
CASTGTDNYAEQFFGPG	2e-05
CASTGTDSSPLYFGEG	2e-05
CASTGTENTEVFFGKG	2e-05
CASTGTERLFFGHG	2e-05
CASTGTFNTLYFGAG	2e-05
CASTGTGDAEQFFGPG	2e-05
CASTGTGDTEVFFGKG	2e-05
CASTGTGDTQYFGPG	2e-05
CASTGTGGAEQFFGPG	2e-05
CASTGTGGANYAEQFFGPG	2e-05
CASTGTGGGAEQFFGPG	2e-05
CASTGTGGGERLFFGHG	2e-05
CASTGTGGHTEVFFGKG	4e-05
CASTGTGGNQDTQYFGPG	2e-05
CASTGTGGVEQYFGPG	2e-05
CASTGTGNSDYTFGSG	2e-05
CASTGTGNSGNTLYFGEG	2e-05
CASTGTGQDTQYFGPG	2e-05
CASTGTGTLEQYFGPG	6.000000000000001e-05
CASTGTGVSNERLFFGHG	4e-05
CASTGTGVYEQYFGPG	4e-05
CASTGTGYAEQFFGPG	4e-05
CASTGTGYEQYFGPG	2e-05
CASTGTLTEVFFGKG	2e-05
CASTGTRNYAEQFFGPG	2e-05
CASTGTSTGQLYFGEG	2e-05
CASTGTTNERLFFGHG	2e-05
CASTGTVANSDYTFGSG	2e-05
CASTGTVNTGQLYFGEG	2e-05
CASTGTYAEQFFGPG	2e-05
CASTGTYNNQAPLFGEG	2e-05
CASTGVPNERLFFGHG	2e-05
CASTGWASAETLYFGSG	2e-05
CASTGYQNTLYFGAG	2e-05
CASTHEDTQYFGPG	2e-05
CASTHNTGQLYFGEG	2e-05
CASTHREDTQYFGPG	2e-05
CASTHRGRDTQYFGPG	2e-05
CASTHRVEQYFGPG	4e-05
CASTHSSYNSPLYFGEG	2e-05
CASTHTRAETLYFGSG	2e-05
CASTHYEQYFGPG	2e-05
CASTIAGGEQYFGPG	2e-05
CASTIHPNTEVFFGKG	2e-05
CASTIKGPRHTFGSG	2e-05
CASTIPRQGNSPPYFGEG	2e-05
CASTITGQLYFGEG	2e-05
CASTKAHPDYTFGSG	4e-05
CASTKAPGGGNQDTQYFGPG	2e-05
CASTKDHQTTEVFFGKG	2e-05
CASTKDLGRNYAEQFFGPG	2e-05
CASTKDRQNTLYFGAG	2e-05
CASTKGGGAYAEQFFGPG	2e-05
CASTKGGTGQLYFGEG	2e-05
CASTKGIDQAPLFGEG	2e-05
CASTKGLGYEQYFGPG	2e-05
CASTKGSSAETLYFGSG	4e-05
CASTKNNQAPLFGEG	6.000000000000001e-05
CASTKPGRVETLYFGSG	2e-05
CASTKQGADAEQFFGPG	2e-05
CASTKQGSYAEQFFGPG	2e-05
CASTKRGPEVFFGKG	2e-05
CASTKRGSYSSPLYFGEG	2e-05
CASTKRGTEVFFGKG	2e-05
CASTKTGGAAEQFFGPG	2e-05
CASTKTLSNERLFFGHG	2e-05
CASTLAEQNTLYFGAG	2e-05
CASTLAGNTLYFGEG	2e-05
CASTLAGRALEQYFGPG	2e-05
CASTLAGVSYEQYFGPG	2e-05
CASTLAQYEQYFGPG	4e-05
CASTLASGGSETLYFGSG	2e-05
CASTLDREGTEVFFGKG	2e-05
CASTLDRNYAEQFFGPG	2e-05
CASTLDSSNERLFFGHG	2e-05
CASTLEANSDYTFGSG	2e-05
CASTLEDTQYFGPG	2e-05
CASTLEGGLYAEQFFGPG	2e-05
CASTLEGPNTLYFGAG	2e-05
CASTLEQGGNTLYFGEG	2e-05
CASTLGDAYEQYFGPG	2e-05
CASTLGDGTEVFFGKG	2e-05
CASTLGGAETLYFGSG	2e-05
CASTLGGGDAEQFFGPG	2e-05
CASTLGGLDTGQLYFGEG	2e-05
CASTLGQGAGNTLYFGEG	2e-05
CASTLGQNNQAPLFGEG	2e-05
CASTLGRAQAEQFFGPG	2e-05
CASTLGSSQNTLYFGAG	2e-05
CASTLGTGASQNTLYFGAG	4e-05
CASTLLDTQYFGPG	2e-05
CASTLLGGGAEQFFGPG	2e-05
CASTLLGNQDTQYFGPG	2e-05
CASTLNSNYAEQFFGPG	2e-05
CASTLPADAEQFFGPG	2e-05
CASTLPGGAFEQYFGPG	2e-05
CASTLPNSDYTFGSG	2e-05
CASTLPRDTEVFFGKG	2e-05
CASTLQAAEATQYFGPG	2e-05
CASTLQNSDYTFGSG	2e-05
CASTLQTANYAEQFFGPG	4e-05
CASTLRDWGRQNTLYFGAG	2e-05
CASTLRGEDTQYFGPG	2e-05
CASTLRGGGPYEQYFGPG	2e-05
CASTLRGNAETLYFGSG	4e-05
CASTLRRNTGQLYFGEG	2e-05
CASTLRTGGYEQYFGPG	2e-05
CASTLRVGGNTLYFGEG	2e-05
CASTLSGNTLYFGEG	2e-05
CASTLSGPNYAEQFFGPG	2e-05
CASTLSNERLFFGHG	2e-05
CASTLSYEQYFGPG	2e-05
CASTLTDYEQYFGPG	2e-05
CASTLTEDTQYFGPG	2e-05
CASTLTGLAETLYFGSG	2e-05
CASTLTGSNTGQLYFGEG	2e-05
CASTLTSAETLYFGSG	2e-05
CASTLVPGQLYFGEG	2e-05
CASTLVPLAETLYFGSG	4e-05
CASTLVRGDQYFGPG	2e-05
CASTLYAEQFFGPG	2e-05
CASTLYEQYFGPG	2e-05
CASTMDWGNQDTQYFGPG	2e-05
CASTMTPNSDYTFGSG	2e-05
CASTNHWGSPYEQYFGPG	2e-05
CASTNNNQAPLFGEG	2e-05
CASTNPGQIYAEQFFGPG	2e-05
CASTNRGDTQYFGPG	2e-05
CASTNRGLDTQYFGPG	2e-05
CASTNRHTHTEVFFGKG	2e-05
CASTNRVGEQYFGPG	2e-05
CASTNSGLTTQYFGPG	2e-05
CASTNSRATGQLYFGEG	4e-05
CASTNTLYFGAG	2e-05
CASTNWGGSYEQYFGPG	2e-05
CASTNWGVSYEQYFGPG	2e-05
CASTNYAEQFFGPG	6.000000000000001e-05
CASTPACYAEQFFGPG	2e-05
CASTPAGPEVFFGKG	2e-05
CASTPAGQLYFGEG	2e-05
CASTPAYNSPLYFGEG	2e-05
CASTPAYTLYFGAG	2e-05
CASTPDFKEPRYFGPG	2e-05
CASTPDGASDTQYFGPG	2e-05
CASTPDGQNTEVFFGKG	2e-05
CASTPDGSGNTLYFGEG	2e-05
CASTPDHYEQYFGPG	2e-05
CASTPDNNQAPLFGEG	2e-05
CASTPDRNSDYTFGSG	2e-05
CASTPDRNTLYFGEG	2e-05
CASTPDRQDTQYFGPG	4e-05
CASTPDRTISGNTLYFGEG	2e-05
CASTPDSAETLYFGSG	2e-05
CASTPFSNERLFFGHG	4e-05
CASTPGAETLYFGSG	2e-05
CASTPGANERLFFGHG	2e-05
CASTPGASQNTLYFGAG	2e-05
CASTPGDWGQDTQYFGPG	2e-05
CASTPGGDNERLFFGHG	2e-05
CASTPGGFGNTLYFGEG	2e-05
CASTPGGGTEVFFGKG	2e-05
CASTPGGSSYEQYFGPG	4e-05
CASTPGKQDTQYFGPG	2e-05
CASTPGLGETLYFGSG	2e-05
CASTPGLGGHYAEQFFGPG	2e-05
CASTPGLGGRAEQFFGPG	4e-05
CASTPGLGQNTLYFGAG	8e-05
CASTPGLGTLEQYFGPG	4e-05
CASTPGLLGDTQYFGPG	2e-05
CASTPGLVETLYFGSG	2e-05
CASTPGPENTLYFGAG	2e-05
CASTPGPGANERLFFGHG	2e-05
CASTPGPIYAEQFFGPG	2e-05
CASTPGPRSQQYFGPG	2e-05
CASTPGPYYEQYFGPG	2e-05
CASTPGQADSDYTFGSG	2e-05
CASTPGQANTEVFFGKG	2e-05
CASTPGQDERLFFGHG	2e-05
CASTPGQDSGNTLYFGEG	2e-05
CASTPGQDYAEQFFGPG	2e-05
CASTPGQGADTEVFFGKG	2e-05
CASTPGQGAEQFFGPG	2e-05
CASTPGQGAPYTFGSG	2e-05
CASTPGQGAYEQYFGPG	2e-05
CASTPGQGDNERLFFGHG	2e-05
CASTPGQGDSDYTFGSG	2e-05
CASTPGQGDTEVFFGKG	2e-05
CASTPGQGEQYFGPG	2e-05
CASTPGQGGPEVFFGKG	2e-05
CASTPGQGHSYEQYFGPG	2e-05
CASTPGQGKRDTQYFGPG	2e-05
CASTPGQGNAEQFFGPG	2e-05
CASTPGQGNQAPLFGEG	2e-05
CASTPGQGNSDYTFGSG	2e-05
CASTPGQGQDTQYFGPG	2e-05
CASTPGQGTYEQYFGPG	2e-05
CASTPGQGYAEQFFGPG	4e-05
CASTPGQNTLYFGAG	2e-05
CASTPGQPTPETLYFGSG	2e-05
CASTPGQQDTQYFGPG	2e-05
CASTPGQVYEQYFGPG	2e-05
CASTPGRDTGQLYFGEG	2e-05
CASTPGRHTQYFGPG	2e-05
CASTPGRPEVFFGKG	2e-05
CASTPGRRPYSDYFGPG	2e-05
CASTPGSAETLYFGSG	2e-05
CASTPGSCYEQYFGPG	4e-05
CASTPGSNTEVFFGKG	4e-05
CASTPGTEVFFGKG	2e-05
CASTPGTGNERLFFGHG	2e-05
CASTPGTPYEQYFGPG	2e-05
CASTPGTSAETLYFGSG	2e-05
CASTPGWGSPEQFFGPG	4e-05
CASTPGWGSSYEQYFGPG	2e-05
CASTPGWQNTLYFGAG	2e-05
CASTPHGPSQNTLYFGAG	2e-05
CASTPHLSNERLFFGHG	2e-05
CASTPLDPPDTQYFGPG	2e-05
CASTPLFGEG	2e-05
CASTPLGAQNTLYFGAG	2e-05
CASTPLGASAETLYFGSG	2e-05
CASTPLGRSSYEQYFGPG	2e-05
CASTPLLEQYFGPG	2e-05
CASTPLLRTQNTLYFGAG	2e-05
CASTPLNQDTQYFGPG	2e-05
CASTPNTEVFFGKG	2e-05
CASTPNYAEQFFGPG	2e-05
CASTPPGQSETLYFGSG	2e-05
CASTPPRRTTLYFGAG	2e-05
CASTPQDSAETLYFGSG	4e-05
CASTPQGAHTEVFFGKG	2e-05
CASTPQGANTEVFFGKG	4e-05
CASTPQGPETLYFGSG	2e-05
CASTPQISNERLFFGHG	4e-05
CASTPQTGQDTQYFGPG	2e-05
CASTPRARLNERLFFGHG	2e-05
CASTPRDRATQYFGPG	2e-05
CASTPRDTGQLYFGEG	2e-05
CASTPRDWGNTGQLYFGEG	2e-05
CASTPRDWGYEQYFGPG	2e-05
CASTPRELSNERLFFGHG	2e-05
CASTPRHNSEQYFGPG	2e-05
CASTPRVNQDTQYFGPG	2e-05
CASTPRWGADTQYFGPG	2e-05
CASTPSARDTQYFGPG	2e-05
CASTPSGTAEVFFGKG	2e-05
CASTPSRGGPTQYFGPG	4e-05
CASTPSRNTLYFGAG	2e-05
CASTPSYEQYFGPG	2e-05
CASTPTANQDTQYFGPG	2e-05
CASTPTASAETLYFGSG	2e-05
CASTPTGGANTEVFFGKG	4e-05
CASTPTGNERLFFGHG	4e-05
CASTPTGPYEQYFGPG	2e-05
CASTPTISGNTLYFGEG	2e-05
CASTPTISNERLFFGHG	2e-05
CASTPTLSNERLFFGHG	2e-05
CASTPTRRLYEQYFGPG	2e-05
CASTPTRRNTGQLYFGEG	2e-05
CASTPTSQNTLYFGAG	2e-05
CASTPVGRPGEQYFGPG	2e-05
CASTPVIYEQYFGPG	4e-05
CASTPVLANTGQLYFGEG	2e-05
CASTPVRPSYTFGSG	4e-05
CASTPVRRTYEQYFGPG	2e-05
CASTPVSSYEQYFGPG	2e-05
CASTPVTGDQYFGPG	2e-05
CASTPVYYEQYFGPG	2e-05
CASTPYDEQYFGPG	2e-05
CASTPYFSYEQYFGPG	2e-05
CASTPYSSGNTLYFGEG	2e-05
CASTQAANTEVFFGKG	2e-05
CASTQAETLYFGSG	2e-05
CASTQDGGGYAEQFFGPG	2e-05
CASTQDLDQDTQYFGPG	2e-05
CASTQDNKNTEVFFGKG	2e-05
CASTQDWGGLYEQYFGPG	2e-05
CASTQGAGFYAEQFFGPG	4e-05
CASTQGAQGNTLYFGEG	2e-05
CASTQGASAETLYFGSG	2e-05
CASTQGAVAETLYFGSG	2e-05
CASTQGDEQYFGPG	2e-05
CASTQGDNSPLYFGEG	2e-05
CASTQGGGNTLYFGEG	2e-05
CASTQGLGSPLYFGAG	2e-05
CASTQGMGEQYFGPG	2e-05
CASTQGQLYFGEG	2e-05
CASTQGRAEQFFGPG	2e-05
CASTQGRAETLYFGSG	2e-05
CASTQGSQNTLYFGAG	2e-05
CASTQGTNTEVFFGKG	2e-05
CASTQGYEQYFGPG	2e-05
CASTQHWTGDSDYTFGSG	2e-05
CASTQIAEQFFGPG	2e-05
CASTQKNTGQLYFGEG	2e-05
CASTQLGGGDTQYFGPG	2e-05
CASTQLHRSETLYFGSG	2e-05
CASTQNNQAPLFGEG	2e-05
CASTQNTLYFGAG	2e-05
CASTQPQNTLYFGAG	2e-05
CASTQQGGDERLFFGHG	2e-05
CASTQQGNTGQLYFGEG	2e-05
CASTQQGPNTGQLYFGEG	2e-05
CASTQRGPGDTQYFGPG	2e-05
CASTQSGNTLYFGEG	4e-05
CASTQSLGNQDTQYFGPG	2e-05
CASTQTDNERLFFGHG	2e-05
CASTQTDSGNTLYFGEG	2e-05
CASTQTETLYFGSG	2e-05
CASTQTGGIKKDTQYFGPG	2e-05
CASTQTGSYEQYFGPG	2e-05
CASTQTVAETLYFGSG	2e-05
CASTQVQGWATQYFGPG	2e-05
CASTQVRRYFGPG	2e-05
CASTRADKQYFGPG	2e-05
CASTRANSDYTFGSG	2e-05
CASTRDAEQFFGPG	2e-05
CASTRDFTSAETLYFGSG	2e-05
CASTRDFYYAEQFFGPG	4e-05
CASTRDGEVFFGKG	2e-05
CASTRDGGGGQLYFGEG	2e-05
CASTRDLNTEVFFGKG	2e-05
CASTRDQDTQYFGPG	2e-05
CASTRDRDTEVFFGKG	2e-05
CASTRDREAEQFFGPG	4e-05
CASTRDRENTEVFFGKG	2e-05
CASTRDRGAEQFFGPG	2e-05
CASTRDRGHEQYFGPG	2e-05
CASTRDRGQEQYFGPG	2e-05
CASTRDRGRRANSDYTFGSG	2e-05
CASTRDRGTGQLYFGEG	2e-05
CASTRDRTQYFGPG	2e-05
CASTRDSNYAEQFFGPG	2e-05
CASTRDSSAETLYFGSG	2e-05
CASTRDTGQLYFGEG	2e-05
CASTRDTNSGNTLYFGEG	2e-05
CASTRDWGETVYFGAG	2e-05
CASTRDWGSNTGQLYFGEG	2e-05
CASTRDYQNTLYFGAG	2e-05
CASTRETEVFFGKG	2e-05
CASTRGAETLYFGSG	2e-05
CASTRGANKNTLYFGAG	2e-05
CASTRGDPEVFFGKG	2e-05
CASTRGDTEVFFGKG	2e-05
CASTRGFEQYFGPG	4e-05
CASTRGGDAETLYFGSG	4e-05
CASTRGGYEQYFGPG	4e-05
CASTRGLGADYAEQFFGPG	2e-05
CASTRGNTEVFFGKG	2e-05
CASTRGPNERLFFGHG	4e-05
CASTRGPRHHTLYFGAG	2e-05
CASTRGQGAGNTLYFGEG	2e-05
CASTRGQRNSPLYFGEG	2e-05
CASTRGRDTGQLYFGEG	2e-05
CASTRGRQDTQYFGPG	2e-05
CASTRGVSYEQYFGPG	4e-05
CASTRHGHNNQAPLFGEG	2e-05
CASTRHLSYEQYFGPG	2e-05
CASTRHNYAEQFFGPG	2e-05
CASTRLESSYEQYFGPG	2e-05
CASTRLGGEDAEQFFGPG	2e-05
CASTRLGGGTQYFGPG	2e-05
CASTRLGGRDEQYFGPG	2e-05
CASTRLGGSAETLYFGSG	2e-05
CASTRLGYYEQYFGPG	2e-05
CASTRLRQDTQYFGPG	2e-05
CASTRPGGYEQYFGPG	2e-05
CASTRPNNQAPLFGEG	2e-05
CASTRQFGERLFFGHG	2e-05
CASTRQGAETLYFGSG	2e-05
CASTRQGGYAEQFFGPG	2e-05
CASTRQGPNSGNTLYFGEG	2e-05
CASTRQGTTEVFFGKG	2e-05
CASTRQGYYAEQFFGPG	4e-05
CASTRQNNNQAPLFGEG	4e-05
CASTRQNTLYFGAG	2e-05
CASTRQSGTEQFFGPG	2e-05
CASTRQVGGETLYFGSG	2e-05
CASTRQYNNQAPLFGEG	4e-05
CASTRRDKNTLYFGAG	2e-05
CASTRSYEQYFGPG	2e-05
CASTRTANTEVFFGKG	2e-05
CASTRTDNSPLYFGEG	2e-05
CASTRTGANQAPLFGEG	2e-05
CASTRTGASQNTLYFGAG	2e-05
CASTRTGDNQAPLFGEG	4e-05
CASTRTGGSAETLYFGSG	2e-05
CASTRTGGVKTLYFGSG	2e-05
CASTRTGGYAEQFFGPG	2e-05
CASTRTGLDTQYFGPG	2e-05
CASTRTGNYAEQFFGPG	2e-05
CASTRTGRSPLYFGEG	2e-05
CASTRTGTTEVFFGKG	2e-05
CASTRTNANSDYTFGSG	2e-05
CASTRTPNTEVFFGKG	2e-05
CASTRTTNTGQLYFGEG	2e-05
CASTRTYNSPLYFGEG	2e-05
CASTRVGCDYTFGSG	2e-05
CASTRVNTEVFFGKG	2e-05
CASTRVRDSEVFFGKG	2e-05
CASTRVSAETLYFGSG	4e-05
CASTRVSGNTLYFGEG	2e-05
CASTRVSQNTLYFGAG	2e-05
CASTRVYEQYFGPG	2e-05
CASTRWGGAETLYFGSG	2e-05
CASTSAESGNTLYFGEG	2e-05
CASTSAREAQNTLYFGAG	2e-05
CASTSDNYEQYFGPG	2e-05
CASTSDQPEVFFGKG	2e-05
CASTSDRPLYFGAG	2e-05
CASTSDRSYEQYFGPG	4e-05
CASTSDTNTEVFFGKG	2e-05
CASTSDWVQDTQYFGPG	2e-05
CASTSDYTFGSG	2e-05
CASTSGAETLYFGSG	2e-05
CASTSGANTEVFFGKG	4e-05
CASTSGASSYEQYFGPG	2e-05
CASTSGATEVFFGKG	2e-05
CASTSGGFYEQYFGPG	4e-05
CASTSGGNTLYFGEG	2e-05
CASTSGGRSYEQYFGPG	2e-05
CASTSGHYAEQFFGPG	2e-05
CASTSGIQDTQYFGPG	2e-05
CASTSGLGTDTQYFGPG	2e-05
CASTSGPGNTLYFGEG	2e-05
CASTSGPVAQYFGPG	2e-05
CASTSGQGTEVFFGKG	2e-05
CASTSGRSYEQYFGPG	2e-05
CASTSGRYEQYFGPG	2e-05
CASTSGSQNTLYFGAG	2e-05
CASTSGTETLYFGSG	2e-05
CASTSGTEVFFGKG	2e-05
CASTSGTGAETLYFGSG	2e-05
CASTSGTGDNQAPLFGEG	4e-05
CASTSGTPYEQYFGPG	2e-05
CASTSGWDNYAEQFFGPG	2e-05
CASTSHGPSGNTLYFGEG	2e-05
CASTSHPNSDYTFGSG	4e-05
CASTSLDNANTEVFFGKG	2e-05
CASTSLDTQYFGPG	2e-05
CASTSLGRSPETLYFGSG	4e-05
CASTSLRQDTQYFGPG	2e-05
CASTSNQDTQYFGPG	2e-05
CASTSNTGQLYFGEG	2e-05
CASTSPGRGGYEQYFGPG	2e-05
CASTSPGTDYTFGSG	2e-05
CASTSQGNTGQLYFGEG	2e-05
CASTSQGTSGNTLYFGEG	2e-05
CASTSQHQDTQYFGPG	6.000000000000001e-05
CASTSRDREGNTLYFGEG	2e-05
CASTSRGADAEQFFGPG	2e-05
CASTSRGAHAEQFFGPG	2e-05
CASTSRGGRDAETLYFGSG	2e-05
CASTSRGSGNTLYFGEG	2e-05
CASTSRHRSGNTLYFGEG	2e-05
CASTSRHRSYEQYFGPG	2e-05
CASTSRLQDTQYFGPG	2e-05
CASTSSAYPNVAQYFGPG	2e-05
CASTSSNQDTQYFGPG	2e-05
CASTSTDSGNTLYFGEG	2e-05
CASTSTGYEQYFGPG	2e-05
CASTSTREQYFGPG	2e-05
CASTSTRYEQYFGPG	4e-05
CASTSTSNSDYTFGSG	2e-05
CASTSTVNYAEQFFGPG	2e-05
CASTSVGADEQYFGPG	2e-05
CASTSVRRSQTLYFGSG	2e-05
CASTSVWGGHPLYFGAG	2e-05
CASTSWGANTGQLYFGEG	2e-05
CASTSWTGGNTEVFFGKG	4e-05
CASTTAGRSGQFFGPG	2e-05
CASTTANTEVFFGKG	2e-05
CASTTARCASTQYFGPG	2e-05
CASTTARQYEQYFGPG	2e-05
CASTTDRGTHEQYFGPG	2e-05
CASTTDRRSYEQYFGPG	2e-05
CASTTDSNQDTQYFGPG	2e-05
CASTTDTEVFFGKG	2e-05
CASTTEEVFFGKG	0.0001
CASTTEISYEQYFGPG	2e-05
CASTTENTLYFGAG	2e-05
CASTTETGNYAEQFFGPG	2e-05
CASTTGAGNTLYFGEG	2e-05
CASTTGATQNTLYFGAG	2e-05
CASTTGDSQDTQYFGPG	2e-05
CASTTGEEQYFGPG	2e-05
CASTTGFNNQAPLFGEG	2e-05
CASTTGGAYEQYFGPG	2e-05
CASTTGGFGEQYFGPG	2e-05
CASTTGGFNQDTQYFGPG	2e-05
CASTTGGGAEQFFGPG	2e-05
CASTTGGGAETLYFGSG	2e-05
CASTTGGGEQYFGPG	2e-05
CASTTGGGGQNTLYFGAG	2e-05
CASTTGGGRLFFGHG	2e-05
CASTTGGNSDYTFGSG	2e-05
CASTTGGQNTLYFGAG	2e-05
CASTTGINTEVFFGKG	2e-05
CASTTGLGAPYEQYFGPG	2e-05
CASTTGNAETLYFGSG	2e-05
CASTTGNEQYFGPG	2e-05
CASTTGNQDTQYFGPG	2e-05
CASTTGNTEVFFGKG	2e-05
CASTTGNTLYFGAG	2e-05
CASTTGPRCHEQYFGPG	2e-05
CASTTGPSYNSPLYFGEG	2e-05
CASTTGPTTQNTLYFGAG	2e-05
CASTTGPYEQYFGPG	6.000000000000001e-05
CASTTGQLYFGEG	2e-05
CASTTGQREVFFGKG	4e-05
CASTTGQSSYEQYFGPG	2e-05
CASTTGRGSPTQYFGPG	2e-05
CASTTGRRQNTLYFGAG	2e-05
CASTTGSNYAEQFFGPG	2e-05
CASTTGTANSDYTFGSG	2e-05
CASTTGTGGSYEQYFGPG	2e-05
CASTTGVNSPLYFGEG	2e-05
CASTTHGSTGQLYFGEG	2e-05
CASTTHRPSDYTFGSG	2e-05
CASTTLGQARYAEQFFGPG	2e-05
CASTTLGRAHYFGPG	2e-05
CASTTMGRATQYFGPG	2e-05
CASTTPNTEVFFGKG	2e-05
CASTTPPGSSYEQYFGPG	2e-05
CASTTQNTEVFFGKG	6.000000000000001e-05
CASTTQNTLYFGAG	2e-05
CASTTRDITPEVFFGKG	2e-05
CASTTRDKANTEVFFGKG	2e-05
CASTTRDRAEQYFGPG	2e-05
CASTTTGGAREQYFGPG	2e-05
CASTTTGNERLFFGHG	2e-05
CASTTVNQDTQYFGPG	2e-05
CASTTVNYAEQFFGPG	2e-05
CASTTVPHYQYFGPG	2e-05
CASTTVRQDTQYFGPG	2e-05
CASTTVRRSYEQYFGPG	4e-05
CASTTVRRTLYFGSG	2e-05
CASTTWGQNTLYFGAG	2e-05
CASTVANERLFFGHG	2e-05
CASTVEKCDSTEVFFGKG	2e-05
CASTVEKCDSTQDTQYFGPG	2e-05
CASTVEKCDSTQYFGPG	2e-05
CASTVEKCDYTFGSG	2e-05
CASTVLGFERLFFGHG	2e-05
CASTVLNSDYTFGSG	2e-05
CASTVPGHANTEVFFGKG	2e-05
CASTVRGNSEQYFGPG	2e-05
CASTVRVNAKGWATQYFGPG	2e-05
CASTVSNERLFFGHG	2e-05
CASTVTGSSYEQYFGPG	2e-05
CASTWDNSQNTLYFGAG	2e-05
CASTWGDQDTQYFGPG	2e-05
CASTWGFQNTLYFGAG	2e-05
CASTWGGAEDTQYFGPG	2e-05
CASTWGGSAETLYFGSG	2e-05
CASTWGGTGQLYFGEG	2e-05
CASTWGSQNTLYFGAG	2e-05
CASTWLPIDTQYFGPG	2e-05
CASTWTANSDYTFGSG	2e-05
CASTWTGDGNTLYFGEG	2e-05
CASTWTGENTLYFGAG	4e-05
CASTWTGGAQNTLYFGAG	2e-05
CASTWTGGDTQYFGPG	2e-05
CASTYDWGGAGEQYFGPG	2e-05
CASTYQKDTQYFGPG	4e-05
CASTYQSAETLYFGSG	2e-05
CASTYRDKYAEQFFGPG	2e-05
CASTYRGGAETLYFGSG	2e-05
CASTYRGRGTEVFFGKG	2e-05
CASTYRLGPPRQHHFGAG	2e-05
CASTYWGAAEQFFGPG	2e-05
CASVAETLYFGSG	2e-05
CASVAGHGNTEVFFGKG	2e-05
CASVAGRGTGQLYFGEG	2e-05
CASVANRGDPETLYFGSG	4e-05
CASVAPGTGHNSPLYFGEG	2e-05
CASVARNQDTQYFGPG	2e-05
CASVARTSGNTLYFGEG	2e-05
CASVASGLAPLYFGEG	2e-05
CASVATGQNTLYFGAG	2e-05
CASVCVREKCDSTQYFGPG	2e-05
CASVDAEQFFGPG	2e-05
CASVDAGGYAEQFFGPG	4e-05
CASVDAGNTLYFGEG	2e-05
CASVDARASDYTFGSG	4e-05
CASVDAWGPGQNTLYFGAG	2e-05
CASVDGRAYPEVFFGKG	2e-05
CASVDGTAAPEQYFGPG	2e-05
CASVDNWGPYAEQFFGPG	4e-05
CASVDPGGQNTLYFGAG	2e-05
CASVDPGITEVFFGKG	4e-05
CASVDPYAEQFFGPG	2e-05
CASVDRDTGQLYFGEG	2e-05
CASVDRGRDTQYFGPG	2e-05
CASVDRNANSDYTFGSG	2e-05
CASVDRRASGNTLYFGEG	4e-05
CASVDRTRNYNSPLYFGEG	4e-05
CASVDRVGSYEQYFGPG	2e-05
CASVDTNERLFFGHG	2e-05
CASVDTNSDYTFGSG	2e-05
CASVDTSAETLYFGSG	6.000000000000001e-05
CASVDWGGAETLYFGSG	2e-05
CASVDWGGHDTQYFGPG	2e-05
CASVDWGSVAETLYFGSG	2e-05
CASVDWNTLYFGAG	2e-05
CASVDWVFGAG	2e-05
CASVEARESDTQYFGPG	2e-05
CASVEATLYFGAG	2e-05
CASVEDYSGNTLYFGEG	2e-05
CASVEGDEQYFGPG	4e-05
CASVENFSQNTLYFGAG	2e-05
CASVENRTNTEVFFGKG	2e-05
CASVEQGAHTLYFGSG	4e-05
CASVERANTGQLYFGEG	2e-05
CASVEWGDTGQLYFGEG	2e-05
CASVEYEQYFGPG	4e-05
CASVFGTGRASYEQYFGPG	2e-05
CASVFRGASAETLYFGSG	2e-05
CASVFRQTTEVFFGKG	2e-05
CASVGATNTEVFFGKG	2e-05
CASVGDRGGTEVFFGKG	2e-05
CASVGDYHWYFGPG	2e-05
CASVGGAWAETLYFGSG	2e-05
CASVGGHTNSDYTFGSG	6.000000000000001e-05
CASVGGNQAPLFGEG	2e-05
CASVGGTYEQYFGPG	2e-05
CASVGLGAYAEQFFGPG	2e-05
CASVGLGGFNQDTQYFGPG	2e-05
CASVGLGGINQDTQYFGPG	2e-05
CASVGNTEVFFGKG	2e-05
CASVGNYAEQFFGPG	2e-05
CASVGPGAANTEVFFGKG	2e-05
CASVGQINQDTQYFGPG	2e-05
CASVGQPNTEVFFGKG	4e-05
CASVGQTGQLYFGEG	2e-05
CASVGSNNQAPLFGEG	2e-05
CASVGSRGRPGQLYFGEG	2e-05
CASVGTAANTEVFFGKG	2e-05
CASVGTGNQAPLFGEG	2e-05
CASVGTGNSDYTFGSG	4e-05
CASVGTGYAEQFFGPG	2e-05
CASVGTINQDTQYFGPG	2e-05
CASVGTPSAETLYFGSG	4e-05
CASVGTVYAEQFFGPG	2e-05
CASVHDWEGAETLYFGSG	2e-05
CASVHMNSGNTLYFGEG	2e-05
CASVHRDRGGTQYFGPG	2e-05
CASVHRGDNYFGPG	2e-05
CASVHRGTQYFGPG	2e-05
CASVHRPTGPQAPLFGEG	4e-05
CASVKDSNQDTQYFGPG	2e-05
CASVLDKYEQYFGPG	2e-05
CASVLGDEQYFGPG	2e-05
CASVLGPTYEQYFGPG	2e-05
CASVLGYPYEQYFGPG	2e-05
CASVLLFLCALYFGAG	2e-05
CASVLLGRAETLYFGSG	2e-05
CASVLLWGSAETLYFGSG	6.000000000000001e-05
CASVLNERLFFGHG	2e-05
CASVLQTAEVFFGKG	2e-05
CASVLRRSQNTLYFGAG	2e-05
CASVPDWGAGAETLYFGSG	2e-05
CASVPGGTNTGQLYFGEG	2e-05
CASVPGHSQNTLYFGAG	4e-05
CASVPGLGSQNTLYFGAG	4e-05
CASVPGNTNQAPLFGEG	2e-05
CASVPGPAAEQFFGPG	2e-05
CASVPGQGRERLFFGHG	2e-05
CASVPGQYAEQFFGPG	2e-05
CASVPGTGYGQLYFGEG	2e-05
CASVPNRTDYTFGSG	2e-05
CASVPRQGIPDYTFGSG	2e-05
CASVPTASQNTLYFGAG	2e-05
CASVPTYEQYFGPG	2e-05
CASVQDTQYFGPG	4e-05
CASVQEDEQYFGPG	2e-05
CASVQGFSAETLYFGSG	2e-05
CASVQGGGNTLYFGEG	4e-05
CASVQGGNERLFFGHG	2e-05
CASVQGLEPAEQFFGPG	4e-05
CASVQGTTQYFGPG	2e-05
CASVQGVTTEVFFGKG	2e-05
CASVQNYEQYFGPG	2e-05
CASVQPSNYAEQFFGPG	2e-05
CASVQQNTLYFGAG	2e-05
CASVQSDLAPDTQYFGPG	2e-05
CASVQSNERLFFGHG	2e-05
CASVRDKNTEVFFGKG	2e-05
CASVRDNNYAEQFFGPG	2e-05
CASVRDRAGEQYFGPG	2e-05
CASVRDRSETLYFGSG	4e-05
CASVRDSSYEQYFGPG	2e-05
CASVRDSYAEQFFGPG	4e-05
CASVRGNSDYTFGSG	2e-05
CASVRGPYAEQFFGPG	2e-05
CASVRGREEQYFGPG	2e-05
CASVRGSGNTLYFGEG	2e-05
CASVRGVRGNTGQLYFGEG	2e-05
CASVRLSGAEQFFGPG	2e-05
CASVRNRGNTEVFFGKG	2e-05
CASVRNVTPPKSHAVFFGKG	2e-05
CASVRSKTNTQYFGPG	2e-05
CASVRTYNSPLYFGEG	4e-05
CASVSAETLYFGSG	4e-05
CASVSDSQNTLYFGAG	2e-05
CASVSFNQAPLFGEG	2e-05
CASVSGDQDTQYFGPG	4e-05
CASVSGGALAEQFFGPG	2e-05
CASVSGGGRAEQFFGPG	2e-05
CASVSGNQDTQYFGPG	2e-05
CASVSGPRNAEQFFGPG	2e-05
CASVSGRDTQYFGPG	4e-05
CASVSGTDNQAPLFGEG	4e-05
CASVSNNNQAPLFGEG	2e-05
CASVSNRRQNTLYFGAG	2e-05
CASVSQGSSDYTFGSG	2e-05
CASVSQNTLYFGAG	2e-05
CASVSRGTNTQYFGPG	2e-05
CASVSRPAETLYFGSG	2e-05
CASVSRQGETTEVFFGKG	2e-05
CASVSRVSYCGKWQRNERLFFGHG	2e-05
CASVSSGTGTDTQYFGPG	2e-05
CASVSSPANTEVFFGKG	2e-05
CASVSTGATPYFGSG	2e-05
CASVTGDEQYFGPG	2e-05
CASVTGLSGNTLYFGEG	2e-05
CASVTGNSGNTLYFGEG	2e-05
CASVTGPSAETLYFGSG	2e-05
CASVTGRAEQFFGPG	2e-05
CASVTGRTGQLYFGEG	2e-05
CASVTRYEQYFGPG	2e-05
CASVVGDGQNTLYFGAG	2e-05
CASVVGQGQNTLYFGAG	2e-05
CASVVPPGNSDYTFGSG	4e-05
CASVWDSNERLFFGHG	2e-05
CASVWGPTKPTQYFGPG	2e-05
CASVYAGNTLYFGEG	2e-05
CASVYAPGAPGQLYFGEG	4e-05
CASVYATTDQDTQYFGPG	2e-05
CASVYDFYAEQFFGPG	2e-05
CASVYDPPSGNTLYFGEG	2e-05
CASVYGADTLYFGAG	2e-05
CASVYGGRFPSPPYFGEG	2e-05
CASVYGLTYEQYFGPG	4e-05
CASVYINTGQLYFGEG	2e-05
CASVYISQNTLYFGAG	2e-05
CASVYKPTQYFGPG	2e-05
CASVYKTLYFGSG	4e-05
CASVYLHTQYFGPG	4e-05
CASVYLLSYEQYFGPG	2e-05
CASVYMPTTQYFGPG	2e-05
CASVYMYFGSG	2e-05
CASVYNGSIPPLYFGEG	2e-05
CASVYNHTSPLYFGEG	2e-05
CASVYNRATLFFGKG	2e-05
CASVYNSDYTFGSG	2e-05
CASVYNWGVSAETLYFGSG	2e-05
CASVYNYTSPLYFGEG	2e-05
CASVYPAGNQQYFGPG	2e-05
CASVYPAPGQAEQFFGPG	2e-05
CASVYPAQSAETLYFGSG	2e-05
CASVYPPGRATGQLYFGEG	2e-05
CASVYPRGTNTEVFFGKG	2e-05
CASVYPTGTGNTLYFGEG	2e-05
CASVYQGGRYEQYFGPG	2e-05
CASVYQNSGNTLYFGEG	2e-05
CASVYRAGQNTLYFGAG	2e-05
CASVYRAPVHYAEQFFGPG	2e-05
CASVYRAQTHSDYTFGSG	2e-05
CASVYRGASPTLYFGSG	2e-05
CASVYRGLLYFGSG	2e-05
CASVYRGNTEVFFGKG	2e-05
CASVYRGRQNTLYFGAG	2e-05
CASVYRGRVETLYFGSG	2e-05
CASVYRGTAETLYFGSG	2e-05
CASVYRHTQYFGPG	4e-05
CASVYRLGGPSYEQYFGPG	2e-05
CASVYRLGTHTGQLYFGEG	2e-05
CASVYRPAQNTLYFGAG	2e-05
CASVYRPGQAYNSPLYFGEG	2e-05
CASVYRPRGSPRYFGEG	2e-05
CASVYRPTNNQAPLFGEG	2e-05
CASVYRQQYFGPG	2e-05
CASVYRRPDTQYFGPG	4e-05
CASVYRRRVATLYFGSG	2e-05
CASVYRTAGNTLYFGEG	2e-05
CASVYSGNEQYFGPG	2e-05
CASVYSGTFPLYFGEG	2e-05
CASVYSPGTDANTEVFFGKG	6.000000000000001e-05
CASVYSQDTQYFGPG	2e-05
CASVYSQNTLYFGAG	2e-05
CASVYSYTSPLYFGEG	2e-05
CASVYTAANYAEQFFGPG	2e-05
CASVYTASGNTLYFGEG	2e-05
CASVYTGGFQDTQYFGPG	2e-05
CASVYTGTAHSDYTFGSG	2e-05
CASVYTLGNQDTQYFGPG	2e-05
CASVYTPAKYEQYFGPG	2e-05
CASVYTPDRTTEVFFGKG	2e-05
CASVYTPGANTEVFFGKG	2e-05
CASVYTPVSAETLYFGSG	4e-05
CASVYTQGYEQYFGPG	4e-05
CASVYTRAQDTQYFGPG	2e-05
CASVYTRRLNERLFFGHG	2e-05
CASVYTWTGHNQDTQYFGPG	2e-05
CASVYWRGNYAEQFFGPG	2e-05
CASWADEQYFGPG	4e-05
CASWAGAQAPLFGEG	4e-05
CASWAGLNQDTQYFGPG	2e-05
CASWANSGNTLYFGEG	4e-05
CASWASAETLYFGSG	2e-05
CASWDKYAEQFFGPG	2e-05
CASWDRDEQYFGPG	2e-05
CASWDRGAETLYFGSG	2e-05
CASWDRGSERLFFGHG	2e-05
CASWDSGNTLYFGEG	2e-05
CASWDSNNQAPLFGEG	2e-05
CASWDYAEQFFGPG	2e-05
CASWELERNTLYFGAG	2e-05
CASWGAPAEQFFGPG	2e-05
CASWGGKETLYFGSG	2e-05
CASWGGTSAETLYFGSG	2e-05
CASWGGYAEQFFGPG	2e-05
CASWGKAETLYFGSG	2e-05
CASWGTNQDTQYFGPG	2e-05
CASWKNERLFFGHG	2e-05
CASWKQNYAEQFFGPG	2e-05
CASWLGGAETLYFGSG	2e-05
CASWLGRNVTPPKWYFGEG	4e-05
CASWNNQNTLYFGAG	4e-05
CASWNPLRQNTLYFGAG	2e-05
CASWPGTGGAAETLYFGSG	2e-05
CASWPHHTSPLYFGEG	4e-05
CASWQNNSPLYFGEG	2e-05
CASWQRNAEQFFGPG	2e-05
CASWRAETLYFGSG	4e-05
CASWRGAVGGVAGCFGEG	2e-05
CASWRGGNVPPPKSYFGEG	2e-05
CASWRGRNVTPPKSYFGEG	2e-05
CASWRGSYEQYFGPG	2e-05
CASWRMKVDYAEQFFGPG	4e-05
CASWRNSDYTFGSG	2e-05
CASWRQGNTEVFFGKG	4e-05
CASWRQGTGNTLYFGEG	2e-05
CASWSGGRDAEQFFGPG	2e-05
CASWSTINTEVFFGKG	2e-05
CASWTDAETLYFGSG	2e-05
CASWTGANTEVFFGKG	2e-05
CASWTGGGQDTQYFGPG	2e-05
CASWTGTNSDYTFGSG	2e-05
CASWTGYEQYFGPG	2e-05
CASWTINNQAPLFGEG	2e-05
CASWTTSYEQYFGPG	2e-05
CASWWGGNGTPPQSYFGEG	2e-05
CASWWGRNVTPTNSYFGEG	2e-05
CASWWGRNWTPPKPYFGEG	2e-05
CASWYFGAG	2e-05
CASWYRDSGNTLYFGEG	2e-05
CASWYRNYAEQFFGPG	2e-05
CASYAAPPKPYAVFFGKG	2e-05
CASYAGGRLYFGSG	2e-05
CASYDAEQFFGPG	4e-05
CASYDWGKNTGQLYFGEG	2e-05
CASYFGEG	2e-05
CASYFIAETLYFGSG	2e-05
CASYFQGPNQDTQYFGPG	2e-05
CASYGTSETLYFGSG	2e-05
CASYHRDSAETLYFGSG	2e-05
CASYKREDTQYFGPG	2e-05
CASYLEWTGAETLYFGSG	2e-05
CASYLHWGNYAEQFFGPG	4e-05
CASYLTGSQNTLYFGAG	2e-05
CASYPDWGENTLYFGAG	2e-05
CASYPGSGGFAEQFFGPG	2e-05
CASYPGTGGTEVFFGKG	4e-05
CASYPPGQGNSDYTFGSG	2e-05
CASYPPTTSAETLYFGSG	2e-05
CASYQLYFGEG	2e-05
CASYRADTQYFGPG	2e-05
CASYRDTEVFFGKG	2e-05
CASYRELYEQYFGPG	2e-05
CASYRENSGNTLYFGEG	4e-05
CASYRGHPEVFFGKG	2e-05
CASYRGRQTGQLYFGEG	2e-05
CASYRRLGENTLYFGAG	2e-05
CASYRTGGDTEVFFGKG	2e-05
CASYRTNYAEQFFGPG	2e-05
CASYSARQQYFGPG	2e-05
CASYVTAPKSYAVFFGKG	2e-05
CASYWGDQDTQYFGPG	2e-05
CATAGRGTGKSSFGKG	2e-05
CATAGTNQDTQYFGPG	4e-05
CATAKAPLFGEG	2e-05
CATARLGGQNTLYFGAG	2e-05
CATARNVTPPKSYDVFFGKG	2e-05
CATARNVTPPTSYSVFFGKG	2e-05
CATARTETLYFGSG	2e-05
CATASNVTPPKSYAVFFGKG	2e-05
CATCAFLTTLYFGEG	6.000000000000001e-05
CATCQIPNSDYTFGSG	4e-05
CATCRNVTPPKSYAVFFGKG	2e-05
CATCSNATPPNSSAVFFGKG	2e-05
CATCTGGTGNYAEQFFGPG	2e-05
CATDKCDLIFQRCPLFGEG	4e-05
CATDNSYNSPLYFGEG	2e-05
CATDRANERLFFGHG	4e-05
CATDYTFGSG	2e-05
CATEDPETLYFGSG	4e-05
CATEKCDSTQYFGPG	2e-05
CATELGNTLYFGEG	6.000000000000001e-05
CATERNENTPKSYDVFFGKG	2e-05
CATERNGPPPKSYAVFFGKG	2e-05
CATERNGTPPKSYAVFFGKG	2e-05
CATERNVTLPKSYAVFFGKG	4e-05
CATERNVTPSKSYAVFFGKG	2e-05
CATERQLYFGEG	4e-05
CATFFNTGQLYFGEG	2e-05
CATGAGGQDTQYFGPG	4e-05
CATGAVRGGEMTLYFGEG	2e-05
CATGDDSDYTFGSG	2e-05
CATGDQNSSYEQYFGPG	2e-05
CATGDRDGNQAPLFGEG	2e-05
CATGDTEVFFGKG	2e-05
CATGDVGSDYTFGSG	2e-05
CATGDWGAETLYFGSG	2e-05
CATGDWGNAETLYFGSG	4e-05
CATGEEQYFGPG	2e-05
CATGEQGCYNTPLYFGEG	2e-05
CATGGDNYAEQFFGPG	2e-05
CATGGNQDTQYFGPG	2e-05
CATGGTDNNQAPLFGEG	2e-05
CATGHLQDTQYFGPG	2e-05
CATGISAETLYFGSG	2e-05
CATGISNERLFFGHG	2e-05
CATGLGDSQNTLYFGAG	2e-05
CATGLGDSYEQYFGPG	2e-05
CATGLGGKDTQYFGPG	2e-05
CATGLGGRAEQFFGPG	4e-05
CATGLGNYAEQFFGPG	2e-05
CATGLGSAETLYFGSG	2e-05
CATGLGSGKNTLYFGAG	2e-05
CATGLGVRAETLYFGSG	2e-05
CATGNSGNTLYFGEG	2e-05
CATGPGDWGQDTQYFGPG	4e-05
CATGPGTENTLYFGAG	2e-05
CATGPNERLFFGHG	2e-05
CATGPTGGGAETLYFGSG	2e-05
CATGQGYERLFFGHG	2e-05
CATGQHTGQLYFGEG	2e-05
CATGQNQAPLFGEG	2e-05
CATGRDTEVFFGKG	2e-05
CATGRETEVFFGKG	2e-05
CATGRGKNTLYFGAG	2e-05
CATGRNVTPHKSYAVFFGKG	2e-05
CATGRNVTPPKSSAVFFGKG	2e-05
CATGRVPQVFFGKG	2e-05
CATGSNERLFFGHG	2e-05
CATGTDQDTQYFGPG	2e-05
CATGTENTEVFFGKG	2e-05
CATGTENTLYFGAG	2e-05
CATGTEPSYNSPLYFGEG	2e-05
CATGTGAGNTLYFGEG	2e-05
CATGTGDAEQFFGPG	2e-05
CATGTGDSDYTFGSG	4e-05
CATGTGDTEVFFGKG	2e-05
CATGTGEDAEQFFGPG	2e-05
CATGTGGAKVFFGKG	2e-05
CATGTGGNYAEQFFGPG	2e-05
CATGTGGSSQNTLYFGAG	2e-05
CATGTGGWAEQFFGPG	2e-05
CATGTGGYEQYFGPG	2e-05
CATGTGNAETLYFGSG	2e-05
CATGTGRDNQAPLFGEG	2e-05
CATGTGRKAPLFGEG	2e-05
CATGTGTNTEVFFGKG	2e-05
CATGTGYEQYFGPG	2e-05
CATGTGYSDYTFGSG	2e-05
CATGTGYTEVFFGKG	2e-05
CATGTNNQAPLFGEG	2e-05
CATGTSNSDYTFGSG	4e-05
CATGTSNTEVFFGKG	2e-05
CATGTSQNTLYFGAG	2e-05
CATGTVFFGKG	2e-05
CATGVGATQYFGPG	2e-05
CATGVGEKCDSTQYFGPG	2e-05
CATGVNQDTQYFGPG	2e-05
CATGVQQNSDYTFGSG	2e-05
CATGVSEQFFGPG	2e-05
CATGVWDRDYAEQFFGPG	2e-05
CATHGATNTEVFFGKG	2e-05
CATHYTPARLFFGHG	4e-05
CATIEKKWDSTQYFGPG	2e-05
CATILANTGQLYFGEG	2e-05
CATINQANTGQLYFGEG	2e-05
CATIQGNNQAPLFGEG	2e-05
CATIRNATPPKSYAVFFGKG	2e-05
CATKDRAGAMRLHPNTEVFFGKG	4e-05
CATKDTQYFGPG	2e-05
CATKGGDTEVFFGKG	2e-05
CATKMDWGAEQFFGPG	2e-05
CATKQGAGQDTQYFGPG	2e-05
CATKRNVTPPKSYAVFFGKG	4e-05
CATKRQLYFGEG	2e-05
CATKVAQPKSYEQYFGPG	2e-05
CATKVKKCDSTQYFGPG	2e-05
CATKVMTGGTPPNPSANERLFFGHG	2e-05
CATLLSQNTLYFGAG	2e-05
CATLLTCCESTAETLYFGSG	2e-05
CATLRNVPPPKSYAVFFGKG	2e-05
CATLRNVTPPKSYAVFFGKG	2e-05
CATLTEVFFGKG	2e-05
CATLWGANTGQLYFGEG	2e-05
CATLYFGAG	4e-05
CATMGNTLYFGEG	2e-05
CATMLGEKCDSTQYFGPG	2e-05
CATNESQPNSNERLFFGHG	2e-05
CATNTEVFFGKG	4e-05
CATNWGAHTGQLYFGEG	2e-05
CATNWGTNTGQLYFGEG	2e-05
CATNWGVNTGQLYFGEG	2e-05
CATPGELSNERLFFGHG	2e-05
CATPGTGESNTEVFFGKG	2e-05
CATPQGNSDYTFGSG	2e-05
CATPTGDNTEVFFGKG	2e-05
CATPTGGRNTLYFGEG	2e-05
CATQDTNQDTQYFGPG	2e-05
CATQGNQDTQYFGPG	2e-05
CATQGNSGNTLYFGEG	2e-05
CATQLEEKQYFGPG	2e-05
CATQNSGNTLYFGEG	2e-05
CATQNTLYFGEG	2e-05
CATQTGDQDTQYFGPG	2e-05
CATQTGVNERLFFGHG	2e-05
CATQVVCRLPLFGEG	2e-05
CATRDDNERLFFGHG	2e-05
CATRDRADTQYFGPG	2e-05
CATRDRVYAEQFFGPG	2e-05
CATRDSYAEQFFGPG	2e-05
CATRGEDTEVFFGKG	2e-05
CATRGGNTGQLYFGEG	2e-05
CATRGGRDTGQLYFGEG	2e-05
CATRGQSNERLFFGHG	2e-05
CATRGRDSGNTLYFGEG	2e-05
CATRQGSNERLFFGHG	2e-05
CATRQLYNSPLYFGEG	2e-05
CATRRDSSYEQYFGPG	2e-05
CATRRETTNEMFFGPG	2e-05
CATRRLGTRQNTLYFGAG	2e-05
CATRTGGKEQYFGPG	2e-05
CATRTGGNSDYTFGSG	2e-05
CATRTGGYAEQFFGPG	2e-05
CATRVEKCDSTQYFGPG	2e-05
CATSDRAGQLYFGEG	2e-05
CATSEKCDPPKSYAVFFGKG	2e-05
CATSGDNNQAPLFGEG	2e-05
CATSGGGSDYTFGSG	2e-05
CATSGRANTEVFFGKG	2e-05
CATSGRDQDTQYFGPG	2e-05
CATSIGENTLYFGAG	2e-05
CATSKGSSAETLYFGSG	2e-05
CATSLAGYEQYFGPG	2e-05
CATSLSNSGNTLYFGEG	2e-05
CATSLTGGDPEQFFGPG	2e-05
CATSPPTNTGQLYFGEG	2e-05
CATSQEGQNTGQLYFGEG	2e-05
CATSQGISPQYFGPG	2e-05
CATSRDINQDTQYFGPG	2e-05
CATSRDSAETLYFGSG	2e-05
CATSRGRGNTLYFGEG	4e-05
CATSRNVTPPKSYAVFFGKG	2e-05
CATSRTGAGNTLYFGEG	4e-05
CATSSRGAETLYFGSG	2e-05
CATSTTQYFGPG	4e-05
CATTAQIDYKVFFGKG	2e-05
CATTECTHVAHTFGSG	2e-05
CATTGESAETLYFGSG	2e-05
CATTGGANTEVFFGKG	2e-05
CATTGKGDEQYFGPG	2e-05
CATTGQLYFGEG	2e-05
CATTGTGGSAETLYFGSG	2e-05
CATTGVSAETLYFGSG	2e-05
CATTHGEQYFGPG	2e-05
CATTIMEKCDSTQYFGPG	2e-05
CATTPRPTQNTLYFGAG	2e-05
CATTQYFGPG	4e-05
CATTRGGFGNTLYFGEG	2e-05
CATTRGLRSAETLYFGSG	4e-05
CATTVSNERLFFGHG	2e-05
CATVCNATPPKSDAVFFGKG	2e-05
CATVCNATPPKSYAVFFGKG	2e-05
CATVCNVTPPKSYAVFFGKG	2e-05
CATVCSATPPKSYAVFFGKG	2e-05
CATVCSVTPPKSYAVFFGKG	2e-05
CATVDTPNTGQLYFGEG	4e-05
CATVESETCDSTQYFGPG	4e-05
CATVIKATPPNSYAEQFFGPG	2e-05
CATVINGTPPKSYAFFGKG	2e-05
CATVINVSPPKAYAVFFGKG	2e-05
CATVKDFGPG	2e-05
CATVKNNYAEQFFGPG	2e-05
CATVKNVTPPKSYAVFFGKG	4e-05
CATVKSATPPKSYAVFFGKG	2e-05
CATVRHEPPPQYFGPG	2e-05
CATVRKETPPKSYAVFFGKG	4e-05
CATVRKVTPPKSYAVFFGKG	2e-05
CATVRNATTPKSYAVFFGKG	2e-05
CATVRNEPPHKSTAVFFGKG	4e-05
CATVRNGTPHKSYAVFFGKG	2e-05
CATVRNGTPPKSYAVFFGKG	2e-05
CATVRNMTPPKPYAVFFGKG	2e-05
CATVRNMTPPKSYAVFFGKG	2e-05
CATVRNPTPPKSYAVFFGKG	2e-05
CATVRNVIKPKSYAVFFGKG	2e-05
CATVRNVIPPKSYAVFFGKG	2e-05
CATVRNVIPPKWYAVFFGKG	2e-05
CATVRNVPPHKSYAVFFGKG	2e-05
CATVRNVSPPKSYAVFFGKG	2e-05
CATVRNVTHPKSYAVFFGKG	2e-05
CATVRNVTLPKLYAVFFGKG	2e-05
CATVRNVTPPKCYSVFFGKG	2e-05
CATVRNVTPPKPYAVFFGKG	2e-05
CATVRNVTPPKQYAVFFGKG	2e-05
CATVRNVTPPKSDAVFFGKG	2e-05
CATVRNVTPPKSDVVFFGKG	2e-05
CATVRNVTPPKSNAVFFGKG	2e-05
CATVRNVTPPKSYAFFGKG	2e-05
CATVRNVTPPTSDAVFFGKG	2e-05
CATVRNVTPSKSYAVFFGKG	2e-05
CATVRNVTQPKSHAVFFGKG	2e-05
CATVRNVTQTQYFGPG	4e-05
CATVRNVTSPKSYAVFFGKG	2e-05
CATWDQNTEVFFGKG	4e-05
CATWGDEQYFGPG	2e-05
CATWRNATPPKSYAVFFGKG	2e-05
CATWRNVTPPKEYAVFFGKG	2e-05
CATWRNVTPPKSCAVFFGKG	2e-05
CATWRNVTQPKSYAVFFGKG	2e-05
CATWRNVTQSNSYEQYFGPG	2e-05
CATWRPVTPPPSYAVFFGKG	2e-05
CATWRTVTPPKSYAVFFGKG	2e-05
CAVAEQFFGPG	2e-05
CAVAFERLFFGHG	2e-05
CAVASDYTFGSG	2e-05
CAVASERATLVPRETLYFGSG	4e-05
CAVASERPPLAPKETLYFGSG	4e-05
CAVASKKGTLAPRETLYFGSG	2e-05
CAVASYTEVFFGKG	2e-05
CAVDEKCDSPKSYAVFFGKG	2e-05
CAVDGQNTLYFGAG	2e-05
CAVERRAYCESCYVGNQAPLFGEG	2e-05
CAVERRAYFASCSLANQAPLFGEG	2e-05
CAVERRAYFASCYVDNQAPLFGEG	2e-05
CAVERRAYFESFSVGHQAPLFGEG	4e-05
CAVERRAYFGEG	2e-05
CAVERRGYCEGRYVGNQAPLFGEG	2e-05
CAVEVGEEKCDYTFGSG	2e-05
CAVGETLYFGSG	2e-05
CAVGGYEQYFGPG	2e-05
CAVGNNQAPLFGEG	2e-05
CAVGQNTLYFGAG	2e-05
CAVGQSDQNTLYFGAG	2e-05
CAVGRNVTPPKSYAVFFGKG	4e-05
CAVGRYEQYFGPG	2e-05
CAVGSAETLYFGSG	2e-05
CAVGTDAETLYFGSG	2e-05
CAVHEKCDSTQYFGPG	4e-05
CAVIANYGNTLYFGEG	6.000000000000001e-05
CAVIRNVTPPKSYAVFFGKG	2e-05
CAVKSAGNTLYFGEG	2e-05
CAVLCCALRAVLSVLYFGSG	2e-05
CAVLCCLCCAALYFGSG	2e-05
CAVLCCLSCEKCDYTFGSG	2e-05
CAVLCCQNTLYFGAG	2e-05
CAVLLNYAEQFFGPG	2e-05
CAVLVVCAETLYFGSG	2e-05
CAVMRNTLYFGEG	4e-05
CAVMRNVPPPKSYAVFFGKG	2e-05
CAVQEKCDSTQYFGPG	4e-05
CAVRHVTPPKSYAVFFGKG	2e-05
CAVRNMPPPTSYAVFFGKG	2e-05
CAVRNTLYFGEG	2e-05
CAVRNVPPPKSYAVFFGKG	2e-05
CAVRNVTPHKSHAVFFGKG	2e-05
CAVRNVTPIKSYSVFFGKG	2e-05
CAVRNVTPPKSYAVFGSG	2e-05
CAVRNVTPRKSYAVFFGKG	2e-05
CAVRNVTPSKSYAVFFGKG	4e-05
CAVRRNVTQPKSYAVFFGKG	2e-05
CAVRSNYAEQFFGPG	2e-05
CAVRTVTPPKSSAVFFGKG	2e-05
CAVSCCVDTLGPIETLYFGSG	2e-05
CAVSMRNYAEQFFGPG	2e-05
CAVSRNVTPPKSHAVFFGKG	2e-05
CAVTCLLFGEG	2e-05
CAVTYGNTLYFGEG	2e-05
CAVVCSVTPPKSYAVFFGKG	2e-05
CAVVDAWFNQDTQYFGPG	2e-05
CAVVEMWSTQYFGPG	2e-05
CAVVGNATPPKSYAVFFGKG	2e-05
CAVVGNVTPPKSYAVFFGKG	2e-05
CAVVKNVTPPKSYAVFFGKG	2e-05
CAVVREKCDSTQYFGPG	2e-05
CAVVRKVTPPKSYAVFFGKG	2e-05
CAVVRNGTSPKSYAVFFGKG	2e-05
CAVVRNVAPPKSYAVFFGKG	2e-05
CAVVRNVTPLKSYAVFFGKG	2e-05
CAVVRNVTPPKAYAVFFGKG	2e-05
CAVVRNVTPPKPYGVFFGKG	2e-05
CAVVRNVTPPKSHAVFFGKG	2e-05
CAVVRNVTPPKSYDVFFGKG	2e-05
CAVVRNVTPPTSYEQYFGPG	2e-05
CAVVRNVTPSKSYAVFFGKG	2e-05
CAVVRNVTPTQYFGPG	2e-05
CAVVRTVTPPKSYAVFFGKG	2e-05
CAVVYERLFFGHG	2e-05
CAVVYWEKCDSTQYFGPG	2e-05
CAVYFGAG	2e-05
CAVYVSEKCDSTQYFGPG	2e-05
CAWAEQFFGPG	2e-05
CAWAGANTEVFFGKG	2e-05
CAWAGAYYAEQFFGPG	2e-05
CAWAGFSNERLFFGHG	2e-05
CAWAGPGVNTEVFFGKG	2e-05
CAWAGSSAETLYFGSG	4e-05
CAWAGTANSDYTFGSG	2e-05
CAWAGTDTERLFFGHG	2e-05
CAWAGTGDERLFFGHG	2e-05
CAWAGTGHERLFFGHG	2e-05
CAWAPRRATSAETLYFGSG	2e-05
CAWAQVFFGKG	2e-05
CAWATDWGYSYEQYFGPG	2e-05
CAWATGGPSCGNTLYFGEG	2e-05
CAWAVGENTLYFGAG	2e-05
CAWCARNSTEVFFGKG	2e-05
CAWCGFANTEVFFGKG	2e-05
CAWCLAATQYFGPG	2e-05
CAWCLAPSYNSPLYFGEG	2e-05
CAWCLEIRGGAETLYFGSG	2e-05
CAWCLGGGHERLFFGHG	2e-05
CAWCLGPDTGQLYFGEG	2e-05
CAWCLGSSSAETLYFGSG	2e-05
CAWCLLGGADAEQFFGPG	2e-05
CAWCLQGTTAETLYFGSG	2e-05
CAWCLRTVPLFGEG	2e-05
CAWCLWGNYAEQFFGPG	2e-05
CAWCLWGTEVFFGKG	2e-05
CAWCNVPPPQSYAVFFGKG	2e-05
CAWCPGLGPSYEQYFGPG	2e-05
CAWCPQGGSGNTLYFGEG	2e-05
CAWCPRANTEVFFGKG	2e-05
CAWCQGQGEQFFGPG	2e-05
CAWCQNNNQAPLFGEG	2e-05
CAWCRGQSNERLFFGHG	2e-05
CAWCRLGYNYAEQFFGPG	2e-05
CAWCRPNTEVFFGKG	4e-05
CAWCTVPRPKSYAVFFGKG	2e-05
CAWCVWGGAETLYFGSG	4e-05
CAWDQGAEVFFGKG	2e-05
CAWDQGNSGNTLYFGEG	2e-05
CAWDRDSYAEQFFGPG	2e-05
CAWDRDTGQLYFGEG	2e-05
CAWDRGDYAEQFFGPG	2e-05
CAWDRGQAPLFGEG	2e-05
CAWDRNYAEQFFGPG	4e-05
CAWDRSSYEQYFGPG	2e-05
CAWDSSAETLYFGSG	2e-05
CAWDWASAETLYFGSG	2e-05
CAWDWASQNTLYFGAG	2e-05
CAWDWGSSAETLYFGSG	2e-05
CAWDYEQYFGPG	2e-05
CAWEAEKCASTQYFGPG	2e-05
CAWEAEKCDSTQYFGPG	2e-05
CAWEEQGGVWNFGPG	2e-05
CAWEGQGDERLFFGHG	2e-05
CAWEGSNTEVFFGKG	2e-05
CAWETGGAYEQYFGPG	4e-05
CAWETGSQNTLYFGAG	2e-05
CAWFNRTPPTSYAVFFGKG	2e-05
CAWFYGARTEVFFGKG	4e-05
CAWGADTQYFGPG	2e-05
CAWGASAETLYFGSG	2e-05
CAWGDDEQYFGPG	2e-05
CAWGDNNYAEQFFGPG	2e-05
CAWGDRNSPLYFGEG	4e-05
CAWGDSDYTFGSG	4e-05
CAWGDWSYTDYTFGSG	4e-05
CAWGEGVNQDTQYFGPG	6.000000000000001e-05
CAWGENQDTQYFGPG	2e-05
CAWGEVFFGKG	2e-05
CAWGFDEQYFGPG	2e-05
CAWGFGVWGDVEVFFGKG	2e-05
CAWGFSQNTLYFGAG	2e-05
CAWGGAETLYFGSG	2e-05
CAWGGAGTLYFGSG	2e-05
CAWGGEADYPGQLYFGEG	4e-05
CAWGGGGGGLFFGEG	2e-05
CAWGGGGGQDTQYFGPG	2e-05
CAWGGGIEQYFGPG	2e-05
CAWGGLGRNTQYFGPG	2e-05
CAWGGPAETLYFGSG	2e-05
CAWGGQPNTEVFFGKG	2e-05
CAWGGQQDTQYFGPG	4e-05
CAWGGQTEVFFGKG	2e-05
CAWGGRAETLYFGSG	2e-05
CAWGGTSNSDYTFGSG	2e-05
CAWGGVGWLFFGEG	2e-05
CAWGGWEWGGGVFFGEG	2e-05
CAWGHSSYEQYFGPG	2e-05
CAWGIAQDTQYFGPG	2e-05
CAWGLAGVDSDYTFGSG	2e-05
CAWGLGETLYFGSG	4e-05
CAWGLGGNTLYFGAG	2e-05
CAWGLGGRAQDTQYFGPG	2e-05
CAWGLGGSQNTLYFGAG	2e-05
CAWGLGGYAEQFFGPG	2e-05
CAWGLGSQNTLYFGAG	2e-05
CAWGPGLSTQETLYFGSG	2e-05
CAWGPNQDTQYFGPG	2e-05
CAWGPTSQNTLYFGAG	2e-05
CAWGPTSTGGTYEQYFGPG	2e-05
CAWGQGANTEVFFGKG	2e-05
CAWGQGFSNERLFFGHG	4e-05
CAWGQGRAETLYFGSG	2e-05
CAWGQGSNTEVFFGKG	2e-05
CAWGQGTNSDYTFGSG	2e-05
CAWGQGYNSPLYFGEG	2e-05
CAWGRDNYAEQFFGPG	2e-05
CAWGRDSQNTLYFGAG	4e-05
CAWGRDWGSQNTLYFGAG	4e-05
CAWGREAETLYFGSG	2e-05
CAWGRGVDTEVFFGKG	2e-05
CAWGRLGSAGLLWFGAG	2e-05
CAWGSPPSGNTLYFGEG	2e-05
CAWGSSYEQYFGPG	2e-05
CAWGTENNQAPLFGEG	2e-05
CAWGTGEQYFGPG	2e-05
CAWGTGGNQDTQYFGPG	2e-05
CAWGTGHHSGNTLYFGEG	2e-05
CAWGTGQDTQYFGPG	2e-05
CAWGTGTTNTEVFFGKG	2e-05
CAWGTNTEVFFGKG	2e-05
CAWGVNQDTQYFGPG	2e-05
CAWGVNYAEQFFGPG	2e-05
CAWGWGGAETLYFGSG	4e-05
CAWGWGGGTEVFFGKG	2e-05
CAWGWGSAEQFFGPG	2e-05
CAWGYAEQFFGPG	2e-05
CAWHREGNSDYTFGSG	2e-05
CAWIGGAETLYFGSG	2e-05
CAWIGGPTGQLYFGEG	2e-05
CAWIGGSQNTLYFGAG	2e-05
CAWIGGSSQNTLYFGAG	2e-05
CAWIGTEVFFGKG	2e-05
CAWIIRPNSDYTFGSG	2e-05
CAWILKGNNPPLYFGEG	4e-05
CAWILTGGHTEVFFGKG	4e-05
CAWIMRPAWPGNTLYFGEG	2e-05
CAWINTPPITSYAVFFGKG	2e-05
CAWINVPPPPSYAVFFGKG	2e-05
CAWIPRLSSAETLYFGSG	2e-05
CAWIQGDAETLYFGSG	2e-05
CAWIQLGSYYAEQFFGPG	2e-05
CAWIQSLTTGQLYFGEG	2e-05
CAWIQVQDTQYFGPG	2e-05
CAWISAETLYFGSG	2e-05
CAWISRGANSDYTFGSG	2e-05
CAWITGAETLYFGSG	2e-05
CAWITGPNERLFFGHG	2e-05
CAWIWATLYFGSG	4e-05
CAWIYGTPPTSYAVFFGKG	4e-05
CAWIYNHSPLYFGEG	2e-05
CAWIYRPTTPFTFGSG	2e-05
CAWIYWGRAATLYFGSG	4e-05
CAWKAGRGYAEQFFGPG	2e-05
CAWKAKCVLTQYFGPG	2e-05
CAWKDTSNTEVFFGKG	4e-05
CAWKFFGPG	2e-05
CAWKGQSNERLFFGHG	2e-05
CAWKGSAETLYFGSG	2e-05
CAWKGSGNTLYFGEG	2e-05
CAWKGTGAAEQFFGPG	2e-05
CAWKGTGQDTQYFGPG	2e-05
CAWKHISNERLFFGHG	2e-05
CAWKNVTPPKSYAVFFGKG	2e-05
CAWKQGADTEVFFGKG	2e-05
CAWKQGNTGQLYFGEG	2e-05
CAWKQGNTLYFGEG	2e-05
CAWKRDTLNERLFFGHG	4e-05
CAWKRQGVEVFFGKG	2e-05
CAWKRQTNSDYTFGSG	2e-05
CAWKSETGAYEQYFGPG	2e-05
CAWKTENYAEQFFGPG	2e-05
CAWKTGEDERLFFGHG	4e-05
CAWKTGGSNSDYTFGSG	2e-05
CAWKTGGYAEQFFGPG	2e-05
CAWKVAGSAETLYFGSG	2e-05
CAWKVGVYAEQFFGPG	2e-05
CAWKYNANTEVFFGKG	4e-05
CAWLDWFSYEQYFGPG	2e-05
CAWLLCTHCLLENGNTLYFGEG	4e-05
CAWLTGGVETLYFGSG	2e-05
CAWLYFGEG	2e-05
CAWMGDANTEVFFGKG	2e-05
CAWMGLGSSQNTLYFGAG	2e-05
CAWMGVQDTQYFGPG	2e-05
CAWMPDWGANTGQLYFGEG	2e-05
CAWMTVSSYEQYFGPG	4e-05
CAWNAGTGNTEVFFGKG	2e-05
CAWNAIQDTQYFGPG	2e-05
CAWNFPGQGNTGQLYFGEG	4e-05
CAWNFRDTSDYTFGSG	2e-05
CAWNGGNQDTQYFGPG	2e-05
CAWNGGNTEVFFGKG	2e-05
CAWNILGDYAEQFFGPG	2e-05
CAWNPGGREVFFGKG	4e-05
CAWNPGGTETLYFGSG	2e-05
CAWNPGNERLFFGHG	4e-05
CAWNPGTTNSDYTFGSG	2e-05
CAWNRANTEVFFGKG	2e-05
CAWNRDKNSDYTFGSG	2e-05
CAWNRVTLYFGAG	2e-05
CAWNSDRSFYAEQFFGPG	2e-05
CAWNSDYTFGSG	2e-05
CAWNSGNAEQFFGPG	2e-05
CAWNSVSNERLFFGHG	2e-05
CAWNTGTETLYFGSG	2e-05
CAWNVTLPKTYAVFFGKG	2e-05
CAWNWDNYAEQFFGPG	2e-05
CAWNWGGSAETLYFGSG	2e-05
CAWPQGNERLFFGHG	2e-05
CAWPRDRESAEQFFGPG	2e-05
CAWQDSGNTLYFGEG	2e-05
CAWRAGGPNERLFFGHG	2e-05
CAWRDANERLFFGHG	4e-05
CAWRDGQDTQYFGPG	2e-05
CAWRDGSNTEVFFGKG	2e-05
CAWRDISGNTLYFGEG	2e-05
CAWRDNNQAPLFGEG	2e-05
CAWRDRDNERLFFGHG	2e-05
CAWRDRDNSNERLFFGHG	2e-05
CAWRDRGNSDYTFGSG	2e-05
CAWRDRGTEVFFGKG	6.000000000000001e-05
CAWRDRTNNYAEQFFGPG	2e-05
CAWRDWGDTQYFGPG	2e-05
CAWRDWGENTLYFGAG	2e-05
CAWRDWGGTETLYFGSG	2e-05
CAWRDWGSAETLYFGSG	2e-05
CAWRDWRSAETLYFGSG	2e-05
CAWRDYAEQFFGPG	2e-05
CAWREGALTEQFFGPG	2e-05
CAWREGAPDTQYFGPG	2e-05
CAWREGVLAEQFFGPG	2e-05
CAWREHWGPGEQYFGPG	2e-05
CAWREIQNTLYFGAG	4e-05
CAWRENTLYFGAG	2e-05
CAWREVGRRKSYGVFFGKG	4e-05
CAWRFLGGWVLVFGEG	4e-05
CAWRGAYTQYFGPG	2e-05
CAWRGDKQDTQYFGPG	2e-05
CAWRGDSGEQYFGPG	2e-05
CAWRGDWYNYAEQFFGPG	2e-05
CAWRGGEQLYFGEG	2e-05
CAWRGGGLAEQFFGPG	2e-05
CAWRGGGYNYAEQFFGPG	2e-05
CAWRGGLNTEVFFGKG	2e-05
CAWRGLGAETLYFGSG	2e-05
CAWRGLGEYAEQFFGPG	2e-05
CAWRGLGGGTGQLYFGEG	2e-05
CAWRGNSYNSPLYFGEG	4e-05
CAWRGQANTEVFFGKG	2e-05
CAWRGQDNQAPLFGEG	4e-05
CAWRGQGNTEVFFGKG	2e-05
CAWRGQRNTEVFFGKG	2e-05
CAWRGRGRAEQFFGPG	2e-05
CAWRGRSYEQYFGPG	4e-05
CAWRGTAETLYFGSG	2e-05
CAWRGTFSNERLFFGHG	2e-05
CAWRGTGGVNTLYFGAG	2e-05
CAWRGTGVDTQYFGPG	4e-05
CAWRGTNSGNTLYFGEG	2e-05
CAWRGTTETLYFGSG	2e-05
CAWRGTTSAETLYFGSG	2e-05
CAWRHSGNTLYFGEG	2e-05
CAWRHVSNERLFFGHG	2e-05
CAWRIGQSNTEVFFGKG	2e-05
CAWRIQATEDNQAPLFGEG	2e-05
CAWRITANTEVFFGKG	2e-05
CAWRLAKQDTQYFGPG	2e-05
CAWRLDSGQNTLYFGAG	2e-05
CAWRLDWSQNTLYFGAG	2e-05
CAWRLEDTQYFGPG	2e-05
CAWRLEGNQDTQYFGPG	2e-05
CAWRLEGTEVFFGKG	2e-05
CAWRLEVFFGKG	4e-05
CAWRLGETLYFGSG	2e-05
CAWRLGGGGAEQFFGPG	2e-05
CAWRLGGGYAEQFFGPG	2e-05
CAWRLGGYEQYFGPG	2e-05
CAWRLGPSAETLYFGSG	2e-05
CAWRLGSQNTLYFGAG	2e-05
CAWRLGSYEQYFGPG	2e-05
CAWRLGYNYAEQFFGPG	2e-05
CAWRLMNTEVFFGKG	4e-05
CAWRLPLSYNSPFYFGEG	2e-05
CAWRLQGYNSPLYFGEG	2e-05
CAWRLRNTEVFFGKG	2e-05
CAWRLSGGSAETLYFGSG	2e-05
CAWRLTGDSDYTFGSG	4e-05
CAWRNATPPKSYYTFGSG	2e-05
CAWRNGTPPKSYAVFFGKG	2e-05
CAWRNIYEQYFGPG	2e-05
CAWRNLTPPKSYAVFFGKG	2e-05
CAWRNRAGNTLYFGEG	2e-05
CAWRNVTLPKSYAVFFGKG	2e-05
CAWRNVTPHKSYAVFFGKG	2e-05
CAWRNVTPPKPYAVFFGKG	2e-05
CAWRNVTPPKSHAVFFGKG	2e-05
CAWRNVTPPKSNAVFFGKG	2e-05
CAWRNVTPPNSYAVFFGKG	2e-05
CAWRNVTPRKSYAEQFFGPG	2e-05
CAWRPDRGRAEQFFGPG	2e-05
CAWRPGDQNTLYFGAG	2e-05
CAWRPGGNYAEQFFGPG	2e-05
CAWRPGLGASQNTLYFGAG	2e-05
CAWRPGQGGNERLFFGHG	2e-05
CAWRPGTISNERLFFGHG	2e-05
CAWRPIWGTSAETLYFGSG	2e-05
CAWRPNSDYTFGSG	2e-05
CAWRPTGDSDYTFGSG	2e-05
CAWRPTGGQNTLYFGAG	2e-05
CAWRPTGGTGEQYFGPG	2e-05
CAWRPTGTGTGNTLYFGEG	2e-05
CAWRPTVNSDYTFGSG	2e-05
CAWRQDDTEVFFGKG	2e-05
CAWRQGAGAETLYFGSG	2e-05
CAWRQGDEQYFGPG	4e-05
CAWRQGGDTEVFFGKG	4e-05
CAWRQGGNNQAPLFGEG	2e-05
CAWRQGMSAETLYFGSG	4e-05
CAWRQGRQNTLYFGAG	2e-05
CAWRQGSGETLYFGSG	2e-05
CAWRQTASNNQAPLFGEG	2e-05
CAWRQTSAETLYFGSG	2e-05
CAWRQVNTEVFFGKG	2e-05
CAWRQVSNERLFFGHG	4e-05
CAWRRASQNTLYFGAG	2e-05
CAWRRDGQDTQYFGPG	2e-05
CAWRRDRSNERLFFGHG	2e-05
CAWRRDTGQLYFGEG	2e-05
CAWRRDTNSDYTFGSG	2e-05
CAWRRDWANYAEQFFGPG	2e-05
CAWRREVFFGKG	2e-05
CAWRRGALAEQFFGPG	2e-05
CAWRRGQGSANERLFFGHG	2e-05
CAWRRGTGGYAEQFFGPG	2e-05
CAWRRLGSQNTLYFGAG	2e-05
CAWRRLGTYEQYFGPG	2e-05
CAWRRNVSPPKSYAVFFGKG	2e-05
CAWRRNVTPPKSHAVFFGKG	2e-05
CAWRRQANTEVFFGKG	2e-05
CAWRRQGGTEVFFGKG	2e-05
CAWRRQGLHTEVFFGKG	2e-05
CAWRRQGNTEVFFGKG	2e-05
CAWRSGAGNTLYFGEG	2e-05
CAWRSGINTEVFFGKG	2e-05
CAWRSNQDTQYFGPG	2e-05
CAWRSNSAETLYFGSG	2e-05
CAWRSPVCLFGEG	2e-05
CAWRSTGDSDYTFGSG	4e-05
CAWRSWGSQNTLYFGAG	4e-05
CAWRTDYAEQFFGPG	2e-05
CAWRTGFSNERLFFGHG	2e-05
CAWRTGGANTLYFGAG	2e-05
CAWRTGGNERLFFGHG	2e-05
CAWRTGGNQAPLFGEG	2e-05
CAWRTGGSYEQYFGPG	2e-05
CAWRTGGTEVFFGKG	2e-05
CAWRTGLLQNTLYFGAG	6.000000000000001e-05
CAWRTGNTEVFFGKG	2e-05
CAWRTGPNYAEQFFGPG	2e-05
CAWRTGSSNERLFFGHG	2e-05
CAWRTGTGGTAETLYFGSG	2e-05
CAWRTGTGRNTEVFFGKG	2e-05
CAWRTGVSNERLFFGHG	2e-05
CAWRTGYNSPLYFGEG	2e-05
CAWRTGYTSPLYFGEG	2e-05
CAWRTIYEQYFGPG	2e-05
CAWRTLWGGYAEQFFGPG	4e-05
CAWRTNSDYTFGSG	2e-05
CAWRTPNSDYTFGSG	2e-05
CAWRTRGNERLFFGHG	2e-05
CAWRTTGGENTLYFGAG	2e-05
CAWRVGTSQNTLYFGAG	2e-05
CAWRVSSAETLYFGSG	2e-05
CAWRVSVAETLYFGSG	2e-05
CAWRVWGGAETLYFGSG	4e-05
CAWRWDNNQAPLFGEG	2e-05
CAWRWEGRTGNTLYFGEG	2e-05
CAWRWGERQNTLYFGAG	2e-05
CAWRWGSDYTFGSG	2e-05
CAWRWTDSYNSPLYFGEG	2e-05
CAWSADSNQAPLFGEG	2e-05
CAWSADSSGNTLYFGEG	2e-05
CAWSAGGYEQYFGPG	2e-05
CAWSAGIKHTQYFGPG	2e-05
CAWSAGKNTLYFGAG	4e-05
CAWSAGNTLYFGAG	2e-05
CAWSAGRGNTGQLYFGEG	2e-05
CAWSAGTTNTEVFFGKG	2e-05
CAWSAGTVKHSLYFGAG	2e-05
CAWSAGTVKNTLYFGAG	2e-05
CAWSARDTYAEQFFGPG	2e-05
CAWSAREEQYFGPG	2e-05
CAWSATGNERLFFGHG	2e-05
CAWSAVDCGLNYAEQFFGPG	2e-05
CAWSAWGDEQYFGPG	4e-05
CAWSDAEQFFGPG	2e-05
CAWSDAGGRAGQLYFGEG	4e-05
CAWSDGNTLYFGEG	2e-05
CAWSDGYSDYTFGSG	2e-05
CAWSDNSDYTFGSG	2e-05
CAWSDRGNTEVFFGKG	2e-05
CAWSDSSDYTFGSG	4e-05
CAWSDSSQNTLYFGAG	2e-05
CAWSDSSYNSPLYFGEG	2e-05
CAWSDSYNSPLYFGEG	4e-05
CAWSDYTFGSG	4e-05
CAWSEAGTGAAETLYFGSG	2e-05
CAWSEAGVYEQYFGPG	2e-05
CAWSEASQNTLYFGAG	2e-05
CAWSEDNNQAPLFGEG	2e-05
CAWSEDTQYFGPG	2e-05
CAWSEGAETLYFGSG	2e-05
CAWSEGAYNSPLYFGEG	2e-05
CAWSEGGGDTQYFGPG	2e-05
CAWSEGGYNSPLYFGEG	2e-05
CAWSEGHEQYFGPG	2e-05
CAWSEGQPNTEVFFGKG	2e-05
CAWSEGSNNNQAPLFGEG	2e-05
CAWSEGSNTEVFFGKG	2e-05
CAWSEHKSNSDYTFGSG	2e-05
CAWSEKCDSTQYFGPG	2e-05
CAWSENSGNTLYFGEG	2e-05
CAWSENTLYFGAG	4e-05
CAWSEQGARGTGQLYFGEG	2e-05
CAWSETVNSDYTFGSG	2e-05
CAWSFAEQFFGPG	2e-05
CAWSFGDSGNTLYFGEG	4e-05
CAWSFGQWNTLYFGAG	2e-05
CAWSFPYAEQFFGPG	2e-05
CAWSFRDSGNTLYFGEG	2e-05
CAWSFRLGGYKDTQYFGPG	2e-05
CAWSFRQVSNERLFFGHG	2e-05
CAWSFTANTGQLYFGEG	2e-05
CAWSFTGGTEVFFGKG	2e-05
CAWSFTLVPPLFGEG	2e-05
CAWSFYTEVFFGKG	2e-05
CAWSGDIYNSPLYFGEG	2e-05
CAWSGDLFYAEQFFGPG	4e-05
CAWSGDRGNTEVFFGKG	2e-05
CAWSGDWGAEQFFGPG	2e-05
CAWSGDWGAYEQYFGPG	2e-05
CAWSGDWGDAEQFFGPG	2e-05
CAWSGDWGNAEQFFGPG	2e-05
CAWSGDWGSQNTLYFGAG	2e-05
CAWSGEDTQYFGPG	2e-05
CAWSGFSAETLYFGSG	2e-05
CAWSGGATGQLYFGEG	2e-05
CAWSGGEKYFGPG	2e-05
CAWSGGGAETLYFGSG	2e-05
CAWSGGSQNTLYFGAG	4e-05
CAWSGLDNYAEQFFGPG	2e-05
CAWSGLGASAETLYFGSG	2e-05
CAWSGLGGAETLYFGSG	2e-05
CAWSGLGGGAETLYFGSG	2e-05
CAWSGLGLSYEQYFGPG	2e-05
CAWSGLRSSQNTLYFGAG	2e-05
CAWSGPTTSQNTLYFGAG	2e-05
CAWSGQANSDYTFGSG	2e-05
CAWSGQSNTEVFFGKG	2e-05
CAWSGQSSAETLYFGSG	2e-05
CAWSGQSSDYTFGSG	2e-05
CAWSGQSSYEQYFGPG	2e-05
CAWSGRSNERLFFGHG	2e-05
CAWSGSDNYAEQFFGPG	2e-05
CAWSGTANYAEQFFGPG	2e-05
CAWSGTGASAETLYFGSG	6.000000000000001e-05
CAWSGTGASYEQYFGPG	2e-05
CAWSGTGDSPLYFGEG	2e-05
CAWSGTGDTEVFFGKG	2e-05
CAWSGTGESDYTFGSG	2e-05
CAWSGTGGGNYAEQFFGPG	4e-05
CAWSGTGGIAEQFFGPG	2e-05
CAWSGTGNSDYTFGSG	2e-05
CAWSGTGRGEQYFGPG	2e-05
CAWSGTGYNSPLYFGEG	4e-05
CAWSGTKNTLYFGAG	2e-05
CAWSGTLSAETLYFGSG	2e-05
CAWSGTSSQNTLYFGAG	2e-05
CAWSGTVNTGQLYFGEG	2e-05
CAWSGVRGGAETLYFGSG	2e-05
CAWSGVRGGAKTLYFGSG	2e-05
CAWSGVTYNYPLYFGEG	2e-05
CAWSHDKNTGQLYFGEG	2e-05
CAWSHDNSGNTLYFGEG	2e-05
CAWSHDSSGNTLYFGEG	2e-05
CAWSHDWGRDTQYFGPG	2e-05
CAWSHDWGRGETLYFGSG	4e-05
CAWSHFGEG	2e-05
CAWSHGETLYFGSG	2e-05
CAWSHGQKNYAEQFFGPG	2e-05
CAWSHGSAETLYFGSG	2e-05
CAWSHGTSQNTLYFGAG	2e-05
CAWSHGTTNERLFFGHG	2e-05
CAWSHHTANTEVFFGKG	2e-05
CAWSHIQNTLYFGAG	2e-05
CAWSHISRTEVFFGKG	4e-05
CAWSHKNNYAEQFFGPG	4e-05
CAWSHLGGASAETLYFGSG	2e-05
CAWSHLGLNQDTQYFGPG	4e-05
CAWSHPDYEQYFGPG	4e-05
CAWSHPGQIYAEQFFGPG	2e-05
CAWSHQENSDYTFGSG	2e-05
CAWSHQYTSPLYFGEG	2e-05
CAWSHRCQNTLYFGAG	4e-05
CAWSHRDKNQDTQYFGPG	2e-05
CAWSHRDNQAPLFGEG	2e-05
CAWSHRDRAQAPLFGEG	2e-05
CAWSHRDSNERLFFGHG	4e-05
CAWSHRGDTLYFGAG	2e-05
CAWSHRGGERLFFGHG	2e-05
CAWSHRLGDRYFGAG	4e-05
CAWSHRNQDTQYFGPG	2e-05
CAWSHTISNERLFFGHG	2e-05
CAWSHWGQGTEVFFGKG	2e-05
CAWSHWGSEQFFGPG	2e-05
CAWSHYEQYFGPG	2e-05
CAWSIDWGGYAEQFFGPG	2e-05
CAWSIGDSYNSPLYFGEG	6.000000000000001e-05
CAWSIGGNSQNTLYFGAG	2e-05
CAWSIGQGEPEVFFGKG	2e-05
CAWSIGTVNTEVFFGKG	2e-05
CAWSIPGERLFFGHG	2e-05
CAWSIRANSDYTFGSG	2e-05
CAWSIREDKIFGEG	2e-05
CAWSKDKYEQYFGPG	2e-05
CAWSKETPPKSYAVFFGKG	2e-05
CAWSKGAGTEVFFGKG	4e-05
CAWSKGFNERLFFGHG	2e-05
CAWSKGGALQNTLYFGAG	2e-05
CAWSKGGNYAEQFFGPG	2e-05
CAWSKGHSNTGQLYFGEG	2e-05
CAWSKGQKTEVFFGKG	2e-05
CAWSKGTISPLYFGEG	2e-05
CAWSKLSSAETLYFGSG	2e-05
CAWSKNSQNTLYFGAG	4e-05
CAWSKQIPNRSKAVFFGKG	2e-05
CAWSKQQNTEVFFGKG	2e-05
CAWSLAAGKTLYFGEG	2e-05
CAWSLAANSDYTFGSG	2e-05
CAWSLAARVAETLYFGSG	2e-05
CAWSLAASAEQFFGPG	2e-05
CAWSLADAVQYFGPG	2e-05
CAWSLADIAEQFFGPG	2e-05
CAWSLADNSPLYFGEG	2e-05
CAWSLADRQDTQYFGPG	2e-05
CAWSLADSPLYFGEG	2e-05
CAWSLADWAYEQYFGPG	2e-05
CAWSLAEPGYEQYFGPG	2e-05
CAWSLAETLYFGSG	2e-05
CAWSLAGARGSDYTFGSG	2e-05
CAWSLAGAYNYAEQFFGPG	4e-05
CAWSLAGAYSDYTFGSG	2e-05
CAWSLAGDNERLFFGHG	2e-05
CAWSLAGDYEQYFGPG	2e-05
CAWSLAGGENTLYFGAG	2e-05
CAWSLAGGFYEQYFGPG	2e-05
CAWSLAGGNAETLYFGSG	2e-05
CAWSLAGGNTGQLYFGEG	2e-05
CAWSLAGGNYAEQFFGPG	2e-05
CAWSLAGGPYFGPG	2e-05
CAWSLAGGQDTQYFGPG	2e-05
CAWSLAGGQNTLYFGAG	2e-05
CAWSLAGGYEQYFGPG	2e-05
CAWSLAGHNSGNTLYFGEG	4e-05
CAWSLAGIANTEVFFGKG	4e-05
CAWSLAGIDTGQLYFGEG	4e-05
CAWSLAGLGGLNYAEQFFGPG	2e-05
CAWSLAGNSGNTLYFGEG	2e-05
CAWSLAGNTEVFFGKG	2e-05
CAWSLAGRATEVFFGKG	2e-05
CAWSLAGRQDTQYFGPG	2e-05
CAWSLAGRSAETLYFGSG	2e-05
CAWSLAGSSAETLYFGSG	2e-05
CAWSLAGTEVFFGKG	2e-05
CAWSLAGTGSSQNTLYFGAG	4e-05
CAWSLAGTSAETLYFGSG	2e-05
CAWSLAGVNTEVFFGKG	2e-05
CAWSLAGVTEVFFGKG	2e-05
CAWSLALGGDSTLYFGAG	2e-05
CAWSLALGGYAEQFFGPG	2e-05
CAWSLALNERLFFGHG	2e-05
CAWSLALNTGQLYFGEG	4e-05
CAWSLALQDTQYFGPG	2e-05
CAWSLANSDYTFGSG	2e-05
CAWSLANTEVFFGKG	2e-05
CAWSLANTGQLYFGEG	2e-05
CAWSLAQYEQYFGPG	2e-05
CAWSLAQYTEVFFGKG	2e-05
CAWSLARGQNTLYFGAG	2e-05
CAWSLATSGNTLYFGEG	4e-05
CAWSLAVAEQFFGPG	4e-05
CAWSLAWGPYFGPG	2e-05
CAWSLAYNSPLYFGEG	2e-05
CAWSLCGAGETLYFGSG	4e-05
CAWSLDEQYFGPG	2e-05
CAWSLDFENQAPLFGEG	2e-05
CAWSLDGFSAETLYFGSG	4e-05
CAWSLDGGASQNTLYFGAG	2e-05
CAWSLDGGGAETLYFGSG	2e-05
CAWSLDGGYTEVFFGKG	2e-05
CAWSLDGQANTEVFFGKG	2e-05
CAWSLDGSEQFFGPG	2e-05
CAWSLDGTNTGQLYFGEG	2e-05
CAWSLDGTSGNTLYFGEG	2e-05
CAWSLDGYAEQFFGPG	2e-05
CAWSLDGYEQYFGPG	2e-05
CAWSLDKANSDYTFGSG	2e-05
CAWSLDKSSYEQYFGPG	2e-05
CAWSLDNNNQAPLFGEG	2e-05
CAWSLDNQDTQYFGPG	4e-05
CAWSLDNSGNTLYFGEG	2e-05
CAWSLDPSAETLYFGSG	4e-05
CAWSLDQGQNTLYFGAG	2e-05
CAWSLDQVDTEVFFGKG	2e-05
CAWSLDQYNSPLYFGEG	2e-05
CAWSLDRANERLFFGHG	4e-05
CAWSLDRDEQYFGPG	2e-05
CAWSLDRDERLFFGHG	2e-05
CAWSLDRGAEQFFGPG	2e-05
CAWSLDRGDAEQFFGPG	2e-05
CAWSLDRGDPEVFFGKG	2e-05
CAWSLDRGDSDYTFGSG	2e-05
CAWSLDRGEAPLFGEG	2e-05
CAWSLDRGGTEVFFGKG	2e-05
CAWSLDRGPDTQYFGPG	2e-05
CAWSLDRGSAETLYFGSG	2e-05
CAWSLDRGTGQLYFGEG	2e-05
CAWSLDRNSPLYFGEG	4e-05
CAWSLDRNTEVFFGKG	2e-05
CAWSLDRNTGQLYFGEG	4e-05
CAWSLDRTTGQLYFGEG	2e-05
CAWSLDRVAETLYFGSG	2e-05
CAWSLDRYNSPLYFGEG	2e-05
CAWSLDSDYTFGSG	2e-05
CAWSLDSGGYAEQFFGPG	2e-05
CAWSLDSNERLFFGHG	2e-05
CAWSLDSNSGNTLYFGEG	2e-05
CAWSLDSPNSDYTFGSG	2e-05
CAWSLDSSGNTLYFGEG	2e-05
CAWSLDSSSAETLYFGSG	2e-05
CAWSLDSYAEQFFGPG	2e-05
CAWSLDTANSDYTFGSG	2e-05
CAWSLDTGGYAEQFFGPG	2e-05
CAWSLDTLYFGEG	2e-05
CAWSLDTTSGNTLYFGEG	2e-05
CAWSLDVYEQYFGPG	2e-05
CAWSLDWDTGQLYFGEG	4e-05
CAWSLDWGGQDTQYFGPG	2e-05
CAWSLDWGGQNTLYFGAG	2e-05
CAWSLDWGIYAEQFFGPG	2e-05
CAWSLDWGKDTQYFGPG	2e-05
CAWSLDWGNAEQFFGPG	2e-05
CAWSLDWGQNTLYFGAG	2e-05
CAWSLDWGRDTQYFGPG	2e-05
CAWSLDWGREETLYFGSG	2e-05
CAWSLDWGSYAEQFFGPG	4e-05
CAWSLDWGTPSYEQYFGPG	2e-05
CAWSLDWHAEQFFGPG	2e-05
CAWSLDWHLGSSFGSG	2e-05
CAWSLDYNSPLYFGEG	2e-05
CAWSLEAAGNTLYFGEG	2e-05
CAWSLEALNTLYFGEG	2e-05
CAWSLEAPEVFFGKG	2e-05
CAWSLEASNTEVFFGKG	2e-05
CAWSLEDRGDTQYFGPG	2e-05
CAWSLEEDSPLYFGEG	2e-05
CAWSLEEIQNTLYFGAG	2e-05
CAWSLEENSGNTLYFGEG	4e-05
CAWSLEERDTQYFGPG	2e-05
CAWSLEGDEQYFGPG	2e-05
CAWSLEGDSPLYFGEG	2e-05
CAWSLEGEQFFGPG	2e-05
CAWSLEGGAEQFFGPG	2e-05
CAWSLEGGDLPLYFGEG	2e-05
CAWSLEGGFTGQLYFGEG	2e-05
CAWSLEGGGAEQFFGPG	2e-05
CAWSLEGGGDTQYFGPG	2e-05
CAWSLEGGGIFGPG	2e-05
CAWSLEGGGNTLYFGEG	2e-05
CAWSLEGGGNYAEQFFGPG	2e-05
CAWSLEGGGQYFGPG	4e-05
CAWSLEGGNYAEQFFGPG	2e-05
CAWSLEGGRDYAEQFFGPG	2e-05
CAWSLEGGTGNTLYFGEG	2e-05
CAWSLEGHERLFFGHG	4e-05
CAWSLEGHNTEVFFGKG	4e-05
CAWSLEGHSDYTFGSG	2e-05
CAWSLEGIERLFFGHG	2e-05
CAWSLEGIGNTLYFGEG	4e-05
CAWSLEGLDTQYFGPG	2e-05
CAWSLEGNTGQLYFGEG	2e-05
CAWSLEGNYAEQFFGPG	2e-05
CAWSLEGPGSEQFFGPG	2e-05
CAWSLEGQDTQYFGPG	2e-05
CAWSLEGQTNSDYTFGSG	2e-05
CAWSLEGRGTEVFFGKG	2e-05
CAWSLEGRSYEQYFGPG	2e-05
CAWSLEGSGGQDTQYFGPG	2e-05
CAWSLEGSNSDYTFGSG	2e-05
CAWSLEGSSDYTFGSG	4e-05
CAWSLEGVAETLYFGSG	2e-05
CAWSLEGVDTEVFFGKG	2e-05
CAWSLEGVFFGKG	2e-05
CAWSLEGVQDTQYFGPG	2e-05
CAWSLEGYAEQFFGPG	2e-05
CAWSLEGYQDTQYFGPG	2e-05
CAWSLEIRGGAETLYFGSG	2e-05
CAWSLELLQNTLYFGAG	2e-05
CAWSLELQYFGPG	2e-05
CAWSLELRGSQNTLYFGAG	2e-05
CAWSLENRGTEVFFGKG	2e-05
CAWSLENTLYFGAG	2e-05
CAWSLEQGAETLYFGSG	2e-05
CAWSLEQNTGQLYFGEG	2e-05
CAWSLERANTEVFFGKG	2e-05
CAWSLESNQDTQYFGPG	2e-05
CAWSLESQNTLYFGAG	2e-05
CAWSLETSPEQFFGPG	4e-05
CAWSLEVGAETLYFGSG	2e-05
CAWSLEVGRQNTLYFGAG	2e-05
CAWSLEVSNERLFFGHG	2e-05
CAWSLEWEQYFGPG	2e-05
CAWSLEWTNQDTQYFGPG	2e-05
CAWSLEYEQYFGPG	2e-05
CAWSLEYTGQLYFGEG	2e-05
CAWSLFGANTEVFFGKG	4e-05
CAWSLFGANYAEQFFGPG	2e-05
CAWSLFGGDYEQYFGPG	2e-05
CAWSLFGHG	2e-05
CAWSLFGKG	2e-05
CAWSLFRAKYAEQFFGPG	2e-05
CAWSLFSSSAETLYFGSG	2e-05
CAWSLFWTGSNERLFFGHG	2e-05
CAWSLGAANTEVFFGKG	2e-05
CAWSLGAEEQYFGPG	2e-05
CAWSLGAGGQEVFFGKG	2e-05
CAWSLGAGGRQDTQYFGPG	2e-05
CAWSLGAGTTEVFFGKG	4e-05
CAWSLGAISNERLFFGHG	2e-05
CAWSLGANSVDTLYFGEG	2e-05
CAWSLGAPGGTEVFFGKG	2e-05
CAWSLGAPLFGEG	2e-05
CAWSLGAPSYAEQFFGPG	2e-05
CAWSLGCQNTLYFGAG	2e-05
CAWSLGDINTEVFFGKG	2e-05
CAWSLGDLTNERLFFGHG	2e-05
CAWSLGDPSAETLYFGSG	2e-05
CAWSLGDRANSDYTFGSG	2e-05
CAWSLGDRGPNERLFFGHG	2e-05
CAWSLGDRGYAEQFFGPG	2e-05
CAWSLGDRNSDYTFGSG	2e-05
CAWSLGDRNYAEQFFGPG	4e-05
CAWSLGDRYNSPLYFGEG	2e-05
CAWSLGDTEVFFGKG	2e-05
CAWSLGDWGSQNTLYFGAG	2e-05
CAWSLGDWTYEQYFGPG	2e-05
CAWSLGEDNQAPLFGEG	2e-05
CAWSLGEGKLFFGEG	2e-05
CAWSLGEQYFGPG	2e-05
CAWSLGETLYFGSG	2e-05
CAWSLGEYFGPG	2e-05
CAWSLGGACQNTLYFGAG	2e-05
CAWSLGGAETLYFGSG	2e-05
CAWSLGGAGAETLYFGSG	4e-05
CAWSLGGAGERLFFGHG	4e-05
CAWSLGGAGTGQLYFGEG	2e-05
CAWSLGGAQDTQYFGPG	2e-05
CAWSLGGAREQYFGPG	2e-05
CAWSLGGASAETLYFGSG	2e-05
CAWSLGGASGNTLYFGEG	2e-05
CAWSLGGASNQAPLFGEG	2e-05
CAWSLGGAYEQYFGPG	2e-05
CAWSLGGDTEVFFGKG	2e-05
CAWSLGGEQYFGPG	2e-05
CAWSLGGFNQDTQYFGPG	2e-05
CAWSLGGGAAETLYFGSG	2e-05
CAWSLGGGAGAETLYFGSG	2e-05
CAWSLGGGAGQLYFGEG	2e-05
CAWSLGGGALSQNTLYFGAG	2e-05
CAWSLGGGASAETLYFGSG	2e-05
CAWSLGGGEVFFGKG	2e-05
CAWSLGGGGLRQNTLYFGAG	2e-05
CAWSLGGGGLSQNTLYFGAG	2e-05
CAWSLGGGIAETLYFGSG	2e-05
CAWSLGGGRGAETLYFGSG	2e-05
CAWSLGGGRRGAETLYFGSG	2e-05
CAWSLGGGSQNTLYFGAG	2e-05
CAWSLGGGTGAETLYFGSG	2e-05
CAWSLGGGTGKLFFGKG	4e-05
CAWSLGGGTSAETLYFGSG	4e-05
CAWSLGGGYYAEQFFGPG	2e-05
CAWSLGGHAEQFFGPG	2e-05
CAWSLGGHTEVFFGKG	6.000000000000001e-05
CAWSLGGIAEQFFGPG	2e-05
CAWSLGGIDERLFFGHG	2e-05
CAWSLGGKNTEVFFGKG	2e-05
CAWSLGGKRSQNTLYFGAG	2e-05
CAWSLGGNEQYFGPG	2e-05
CAWSLGGNNNQAPLFGEG	2e-05
CAWSLGGNNYAEQFFGPG	2e-05
CAWSLGGNTEVFFGKG	2e-05
CAWSLGGPGNTLYFGEG	2e-05
CAWSLGGPSSDYTFGSG	4e-05
CAWSLGGRAETLYFGSG	2e-05
CAWSLGGRGDQDTQYFGPG	2e-05
CAWSLGGSEKCDSTQYFGPG	2e-05
CAWSLGGSGNTLYFGEG	2e-05
CAWSLGGSNERLFFGHG	2e-05
CAWSLGGSNTEVFFGKG	6.000000000000001e-05
CAWSLGGSSAETLYFGSG	2e-05
CAWSLGGSTEVFFGKG	2e-05
CAWSLGGTFSNERLFFGHG	2e-05
CAWSLGGTGNTLYFGEG	2e-05
CAWSLGGTLANTEVFFGKG	2e-05
CAWSLGGTNERLFFGHG	4e-05
CAWSLGGTTNTEVFFGKG	2e-05
CAWSLGGTVYNSPLYFGEG	2e-05
CAWSLGGVKNTLYFGAG	2e-05
CAWSLGGVNNQAPLFGEG	2e-05
CAWSLGGWGAETLYFGSG	2e-05
CAWSLGGYNYAEQFFGPG	2e-05
CAWSLGHANTEVFFGKG	2e-05
CAWSLGHRGTEVFFGKG	4e-05
CAWSLGHSSAETLYFGSG	2e-05
CAWSLGIANTEVFFGKG	2e-05
CAWSLGISDQAPLFGEG	2e-05
CAWSLGKEQYFGPG	2e-05
CAWSLGLAKTETLYFGSG	2e-05
CAWSLGLDQNTLYFGAG	2e-05
CAWSLGLETLYFGSG	4e-05
CAWSLGLFAETLYFGSG	2e-05
CAWSLGLGATGQLYFGEG	2e-05
CAWSLGLGAYEQYFGPG	2e-05
CAWSLGLGDTLYFGAG	4e-05
CAWSLGLGGHDTQYFGPG	2e-05
CAWSLGLGGIETLYFGSG	2e-05
CAWSLGLGGLNYAEQFFGPG	2e-05
CAWSLGLGGRETLYFGSG	2e-05
CAWSLGLGGYAEQFFGPG	2e-05
CAWSLGLGIETLYFGSG	2e-05
CAWSLGLGPGQLYFGEG	2e-05
CAWSLGLGPQNTLYFGAG	6.000000000000001e-05
CAWSLGLGPTGQLYFGEG	4e-05
CAWSLGLGVREQYFGPG	2e-05
CAWSLGLVGTSAETLYFGSG	2e-05
CAWSLGNNQAPLFGEG	2e-05
CAWSLGNSNERLFFGHG	2e-05
CAWSLGNSPLYFGEG	2e-05
CAWSLGNTLYFGEG	2e-05
CAWSLGPGTSGNTLYFGEG	2e-05
CAWSLGPNTGQLYFGEG	2e-05
CAWSLGPSQNTLYFGAG	2e-05
CAWSLGQAGGETLYFGSG	2e-05
CAWSLGQASYEQYFGPG	4e-05
CAWSLGQEDTQYFGPG	4e-05
CAWSLGQENTEVFFGKG	2e-05
CAWSLGQGAQDTQYFGPG	2e-05
CAWSLGQGATEVFFGKG	2e-05
CAWSLGQGDGTEVFFGKG	2e-05
CAWSLGQGGNTGQLYFGEG	2e-05
CAWSLGQGHEQYFGPG	2e-05
CAWSLGQGNSPLYFGEG	2e-05
CAWSLGQGRNSDYTFGSG	2e-05
CAWSLGQGRNSPLYFGEG	2e-05
CAWSLGQGRNTEVFFGKG	2e-05
CAWSLGQGTEVFFGKG	2e-05
CAWSLGQGTGNTLYFGEG	2e-05
CAWSLGQGVNQAPLFGEG	2e-05
CAWSLGQGYAEQFFGPG	2e-05
CAWSLGQISNERLFFGHG	2e-05
CAWSLGQNSDYTFGSG	2e-05
CAWSLGQNSPLYFGEG	2e-05
CAWSLGQNTEVFFGKG	2e-05
CAWSLGQNTGQLYFGEG	2e-05
CAWSLGQNYAEQFFGPG	2e-05
CAWSLGQPNTEVFFGKG	2e-05
CAWSLGQPNYAEQFFGPG	2e-05
CAWSLGQQDTQYFGPG	2e-05
CAWSLGQQNTLYFGAG	2e-05
CAWSLGQRTGQLYFGEG	2e-05
CAWSLGQSGNTLYFGEG	2e-05
CAWSLGQTEVFFGKG	2e-05
CAWSLGQTNERLFFGHG	2e-05
CAWSLGQYNNQAPLFGEG	2e-05
CAWSLGRAERLFFGHG	2e-05
CAWSLGRAGNTLYFGEG	2e-05
CAWSLGRAWGETLYFGSG	2e-05
CAWSLGRAYTEVFFGKG	2e-05
CAWSLGRDGAETLYFGSG	2e-05
CAWSLGRDSYNSPLYFGEG	2e-05
CAWSLGRDTGQLYFGEG	2e-05
CAWSLGREGNSPLYFGEG	2e-05
CAWSLGRGAQNTLYFGAG	2e-05
CAWSLGRGDSDYTFGSG	2e-05
CAWSLGRGEAPLFGEG	2e-05
CAWSLGRGKNLYFGAG	2e-05
CAWSLGRGNERLFFGHG	2e-05
CAWSLGRGTEVFFGKG	2e-05
CAWSLGRGVRAEQFFGPG	2e-05
CAWSLGRGYEQYFGPG	2e-05
CAWSLGRNNNQAPLFGEG	2e-05
CAWSLGRSNERLFFGHG	2e-05
CAWSLGRVDTEVFFGKG	2e-05
CAWSLGSGRAETLYFGSG	2e-05
CAWSLGSNTEVFFGKG	2e-05
CAWSLGSSGNTLYFGEG	6.000000000000001e-05
CAWSLGSTNTEVFFGKG	2e-05
CAWSLGTAAETLYFGSG	2e-05
CAWSLGTALNERLFFGHG	2e-05
CAWSLGTANQAPLFGEG	2e-05
CAWSLGTANSPLYFGEG	4e-05
CAWSLGTDTQYFGPG	2e-05
CAWSLGTEVFFGKG	2e-05
CAWSLGTFNERLFFGHG	2e-05
CAWSLGTGAYTEVFFGKG	2e-05
CAWSLGTGDYEQYFGPG	2e-05
CAWSLGTGEDTQYFGPG	2e-05
CAWSLGTGEGEVFFGKG	2e-05
CAWSLGTGGAERLFFGHG	2e-05
CAWSLGTGGAETLYFGSG	2e-05
CAWSLGTGGEQAEQFFGPG	2e-05
CAWSLGTGGGAEQFFGPG	2e-05
CAWSLGTGGLAEQFFGPG	2e-05
CAWSLGTGGRNSDYTFGSG	2e-05
CAWSLGTGGRQNTLYFGAG	2e-05
CAWSLGTGGSQNTLYFGAG	2e-05
CAWSLGTGGTGQLYFGEG	4e-05
CAWSLGTGHNSPLYFGEG	2e-05
CAWSLGTGLGNTLYFGEG	2e-05
CAWSLGTGNAEQFFGPG	2e-05
CAWSLGTGPSQNTLYFGAG	2e-05
CAWSLGTGQETLYFGSG	2e-05
CAWSLGTGSSAETLYFGSG	2e-05
CAWSLGTGTNTGQLYFGEG	2e-05
CAWSLGTGTSAETLYFGSG	2e-05
CAWSLGTGVERLFFGHG	4e-05
CAWSLGTGVTGQLYFGEG	2e-05
CAWSLGTGYNSPLYFGEG	2e-05
CAWSLGTPLYFGEG	4e-05
CAWSLGTPSAETLYFGSG	4e-05
CAWSLGTQNTLYFGAG	2e-05
CAWSLGTSQNTLYFGAG	2e-05
CAWSLGTSSGNTLYFGEG	2e-05
CAWSLGTTNTEVFFGKG	2e-05
CAWSLGTTSAETLYFGSG	2e-05
CAWSLGTVSAETLYFGSG	2e-05
CAWSLGTYSAETLYFGSG	2e-05
CAWSLGVAETLYFGSG	2e-05
CAWSLGVEDTQYFGPG	2e-05
CAWSLGVFFGKG	2e-05
CAWSLGVNQDTQYFGPG	2e-05
CAWSLGVSGNTLYFGEG	2e-05
CAWSLGVYEQYFGPG	2e-05
CAWSLGWDYEQYFGPG	4e-05
CAWSLGWGLNTGQLYFGEG	2e-05
CAWSLGWGNTLYFGEG	2e-05
CAWSLGWGVNTGQLYFGEG	2e-05
CAWSLGWSSAETLYFGSG	2e-05
CAWSLHANSDYTFGSG	2e-05
CAWSLHEQYFGPG	4e-05
CAWSLHGNSDYTFGSG	2e-05
CAWSLHGTGDTQYFGPG	2e-05
CAWSLHGTGGNQDTQYFGPG	2e-05
CAWSLHIKDTQYFGPG	2e-05
CAWSLHITEVFFGKG	2e-05
CAWSLHKYEQYFGPG	2e-05
CAWSLHNSDYTFGSG	2e-05
CAWSLHQGQGERLFFGHG	4e-05
CAWSLHSSGNTLYFGEG	2e-05
CAWSLIANSDYTFGSG	4e-05
CAWSLIDSYSAETLYFGSG	4e-05
CAWSLIGEYNYAEQFFGPG	2e-05
CAWSLINSPLYFGEG	2e-05
CAWSLIQGAGEQYFGPG	2e-05
CAWSLIRGAETLYFGSG	2e-05
CAWSLKANQDTQYFGPG	2e-05
CAWSLKDHSYEQYFGPG	2e-05
CAWSLKDRASNERLFFGHG	4e-05
CAWSLKDRVSNERLFFGHG	2e-05
CAWSLKGAGNERLFFGHG	2e-05
CAWSLKGATEVFFGKG	4e-05
CAWSLKGGRDTGQLYFGEG	2e-05
CAWSLKGGSSYEQYFGPG	2e-05
CAWSLKGISQNTLYFGAG	4e-05
CAWSLKGKAEQFFGPG	2e-05
CAWSLKGLGAYAEQFFGPG	2e-05
CAWSLKGLGVYEQYFGPG	2e-05
CAWSLKGNSDYTFGSG	4e-05
CAWSLKGRNASTNTEVFFGKG	2e-05
CAWSLKGVEQYFGPG	2e-05
CAWSLKGYEQYFGPG	4e-05
CAWSLKGYNSPLYFGEG	2e-05
CAWSLKISGNTLYFGEG	2e-05
CAWSLKLGGGAETLYFGSG	2e-05
CAWSLKNTLYFGEG	2e-05
CAWSLKNYAEQFFGPG	2e-05
CAWSLKPNSDYTFGSG	2e-05
CAWSLKRKNPPLYFGEG	2e-05
CAWSLKTNNQAPLFGEG	2e-05
CAWSLLAEQFFGPG	2e-05
CAWSLLDWGVYAEQFFGPG	2e-05
CAWSLLGANYAEQFFGPG	2e-05
CAWSLLGARAETLYFGSG	2e-05
CAWSLLGASQNTLYFGAG	4e-05
CAWSLLGDTLYFGAG	2e-05
CAWSLLGGDAEQFFGPG	2e-05
CAWSLLGGDTQYFGPG	2e-05
CAWSLLGGFAEQFFGPG	2e-05
CAWSLLGGLAQYFGPG	4e-05
CAWSLLGGNQDTQYFGPG	2e-05
CAWSLLGGNTGQLYFGEG	2e-05
CAWSLLGGQDTQYFGPG	2e-05
CAWSLLGGRGQYFGPG	2e-05
CAWSLLGGSSAETLYFGSG	2e-05
CAWSLLGGTSQNTLYFGAG	2e-05
CAWSLLGHQAPLFGEG	2e-05
CAWSLLGLNQDTQYFGPG	2e-05
CAWSLLGNERLFFGHG	2e-05
CAWSLLGNYAEQFFGPG	4e-05
CAWSLLGQNTEVFFGKG	2e-05
CAWSLLGSGAEQFFGPG	2e-05
CAWSLLGSGTQYFGPG	2e-05
CAWSLLGTQDTQYFGPG	4e-05
CAWSLLGVAETLYFGSG	2e-05
CAWSLLGVYEQYFGPG	2e-05
CAWSLLNSQNTLYFGAG	2e-05
CAWSLLPDSAETLYFGSG	2e-05
CAWSLLQGEVFFGKG	2e-05
CAWSLLRDGNTLYFGEG	2e-05
CAWSLLSAETLYFGSG	2e-05
CAWSLMDWGTAETLYFGSG	2e-05
CAWSLMGASAETLYFGSG	2e-05
CAWSLMGRSYEQYFGPG	2e-05
CAWSLMGSYEQYFGPG	2e-05
CAWSLNATSDYTFGSG	2e-05
CAWSLNIQDTQYFGPG	2e-05
CAWSLNLGNAEQFFGPG	2e-05
CAWSLNLGNQDTQYFGPG	2e-05
CAWSLNPGTEQFFGPG	2e-05
CAWSLNPNTGQLYFGEG	2e-05
CAWSLNQAPLFGEG	2e-05
CAWSLNRGGERLFFGHG	2e-05
CAWSLNRGNNERLFFGHG	2e-05
CAWSLNRNTLYFGAG	2e-05
CAWSLNRVAEQFFGPG	2e-05
CAWSLNSAETLYFGSG	2e-05
CAWSLNSDYTFGSG	2e-05
CAWSLNSNSPLYFGEG	2e-05
CAWSLNSQNTLYFGAG	4e-05
CAWSLNWGAETLYFGSG	2e-05
CAWSLNWGDEQYFGPG	2e-05
CAWSLNWGFAEQFFGPG	2e-05
CAWSLNWGYEQFFGPG	2e-05
CAWSLNWGYEQYFGPG	2e-05
CAWSLNYAEQFFGPG	2e-05
CAWSLNYNNQAPLFGEG	2e-05
CAWSLPANTEVFFGKG	2e-05
CAWSLPDRDEQYFGPG	2e-05
CAWSLPDSNQDTQYFGPG	4e-05
CAWSLPDTGQLYFGEG	2e-05
CAWSLPDWASAETLYFGSG	2e-05
CAWSLPENQDTQYFGPG	2e-05
CAWSLPGAETLYFGSG	2e-05
CAWSLPGGEDTQYFGPG	2e-05
CAWSLPGGGNYAEQFFGPG	2e-05
CAWSLPGGLEQYFGPG	2e-05
CAWSLPGGSDYTFGSG	2e-05
CAWSLPGGTEVFFGKG	2e-05
CAWSLPGGYAEQFFGPG	2e-05
CAWSLPGLTSAETLYFGSG	2e-05
CAWSLPGQGSGNTLYFGEG	2e-05
CAWSLPGSAETLYFGSG	4e-05
CAWSLPGTDYEQYFGPG	2e-05
CAWSLPGVSNERLFFGHG	2e-05
CAWSLPGVYAEQFFGPG	2e-05
CAWSLPPGTRKYEQYFGPG	2e-05
CAWSLPQRGTEVFFGKG	2e-05
CAWSLPRQSNERLFFGHG	2e-05
CAWSLPSAETLYFGSG	2e-05
CAWSLPSNQDTQYFGPG	2e-05
CAWSLPTGGFAEQFFGPG	2e-05
CAWSLPTGGYAETLYFGSG	2e-05
CAWSLQEGTEVFFGKG	2e-05
CAWSLQGAGDAEQFFGPG	2e-05
CAWSLQGANNQAPLFGEG	2e-05
CAWSLQGANSDYTFGSG	2e-05
CAWSLQGANTGQLYFGEG	2e-05
CAWSLQGGERLFFGHG	2e-05
CAWSLQGGNQAPLFGEG	2e-05
CAWSLQGGNTEVFFGKG	2e-05
CAWSLQGGSDYTFGSG	2e-05
CAWSLQGHTSPLYFGEG	2e-05
CAWSLQGIDEQFFGPG	2e-05
CAWSLQGIEQYFGPG	2e-05
CAWSLQGNGNTLYFGEG	4e-05
CAWSLQGNNSPLYFGEG	2e-05
CAWSLQGNSDYTFGSG	2e-05
CAWSLQGNTGQLYFGEG	2e-05
CAWSLQGNTLYFGAG	2e-05
CAWSLQGNTSPLYFGEG	2e-05
CAWSLQGNYAEQFFGPG	2e-05
CAWSLQGQDTQYFGPG	2e-05
CAWSLQGRAETLYFGSG	2e-05
CAWSLQGRDTEVFFGKG	2e-05
CAWSLQGRSAETLYFGSG	2e-05
CAWSLQGSAETLYFGSG	2e-05
CAWSLQGSNTEVFFGKG	2e-05
CAWSLQGTDYTFGSG	2e-05
CAWSLQGTEVFFGKG	2e-05
CAWSLQGTGNTLYFGEG	2e-05
CAWSLQGVSAETLYFGSG	4e-05
CAWSLQGYNSLLYFGEG	2e-05
CAWSLQGYNSPLFFGKG	2e-05
CAWSLQGYNSPQYFGPG	2e-05
CAWSLQISGNTLYFGEG	2e-05
CAWSLQLGGETLYFGSG	2e-05
CAWSLQNNPPLYFGEG	2e-05
CAWSLQNNYAEQFFGPG	2e-05
CAWSLQNSPLYFGEG	2e-05
CAWSLQNSYNSPLYFGEG	2e-05
CAWSLQNTLYFGAG	2e-05
CAWSLQPANSDYTFGSG	2e-05
CAWSLQPEDTQYFGPG	2e-05
CAWSLQPGQGTERLFFGHG	2e-05
CAWSLQPNSDYTFGSG	2e-05
CAWSLQQANTEVFFGKG	2e-05
CAWSLQQYEQYFGPG	2e-05
CAWSLQSANTEVFFGKG	2e-05
CAWSLQTSNERLFFGHG	4e-05
CAWSLQVYISQLYFGEG	2e-05
CAWSLQYNSPLYFGEG	2e-05
CAWSLRAGSGNTLYFGEG	2e-05
CAWSLRAGSYNSPLYFGEG	2e-05
CAWSLRANSDYTFGSG	2e-05
CAWSLRAYAEQFFGPG	2e-05
CAWSLRDINSGNTLYFGEG	2e-05
CAWSLRDISYHSPLYFGEG	2e-05
CAWSLRDNSYNSPLYFGEG	4e-05
CAWSLRDNTGQLYFGEG	2e-05
CAWSLRDRGTEVFFGKG	2e-05
CAWSLRDSAETLYFGSG	4e-05
CAWSLRDSGNTLYFGEG	2e-05
CAWSLRDSNYAEQFFGPG	2e-05
CAWSLRDWANYAEQFFGPG	2e-05
CAWSLRDWGDYAEQFFGPG	2e-05
CAWSLREDSPLYFGEG	2e-05
CAWSLREERLFFGHG	4e-05
CAWSLREGTEVFFGKG	2e-05
CAWSLRGADYTFGSG	2e-05
CAWSLRGAHQDTQYFGPG	2e-05
CAWSLRGANQAPLFGEG	2e-05
CAWSLRGANTEVFFGKG	2e-05
CAWSLRGAPAETLYFGSG	2e-05
CAWSLRGATQAPLFGEG	4e-05
CAWSLRGDQNTLYFGAG	2e-05
CAWSLRGDSDYTFGSG	4e-05
CAWSLRGDSPLYFGEG	4e-05
CAWSLRGDYAEQFFGPG	2e-05
CAWSLRGENTLYFGAG	2e-05
CAWSLRGETGQLYFGEG	2e-05
CAWSLRGEVFFGKG	2e-05
CAWSLRGFNQDTQYFGPG	2e-05
CAWSLRGGLGEQYFGPG	4e-05
CAWSLRGGNYAEQFFGPG	2e-05
CAWSLRGGREQYFGPG	2e-05
CAWSLRGHTEVFFGKG	2e-05
CAWSLRGNQAPLFGEG	2e-05
CAWSLRGNTLYFGAG	2e-05
CAWSLRGQGRDTQYFGPG	2e-05
CAWSLRGQNNERLFFGHG	2e-05
CAWSLRGRGTEVFFGKG	4e-05
CAWSLRGRPNTLYFGAG	2e-05
CAWSLRGSDTEVFFGKG	2e-05
CAWSLRGSEVFFGKG	2e-05
CAWSLRGSGNTLYFGEG	2e-05
CAWSLRGSNTEVFFGKG	2e-05
CAWSLRGSQNTLYFGAG	2e-05
CAWSLRGSTEVFFGKG	2e-05
CAWSLRGTGQLYFGEG	2e-05
CAWSLRGVYFGSG	2e-05
CAWSLRGYSDYTFGSG	2e-05
CAWSLRKQDTQYFGPG	2e-05
CAWSLRLGDTLYFGAG	2e-05
CAWSLRLGGRNAEQFFGPG	2e-05
CAWSLRLNTEVFFGKG	2e-05
CAWSLRQAPLFGEG	4e-05
CAWSLRQGRYAEQFFGPG	2e-05
CAWSLRQKDNQAPLFGEG	2e-05
CAWSLRQNTEVFFGKG	2e-05
CAWSLRREGNTEVFFGKG	2e-05
CAWSLRRGRKTLYFGEG	6.000000000000001e-05
CAWSLRRTEVFFGKG	2e-05
CAWSLRSEFAETLYFGSG	2e-05
CAWSLRTDTEVFFGKG	2e-05
CAWSLRTGDAEQFFGPG	2e-05
CAWSLRTGETQYFGPG	2e-05
CAWSLRTGGNERLFFGHG	2e-05
CAWSLRTGGQDTQYFGPG	2e-05
CAWSLRTGGTDTQYFGPG	4e-05
CAWSLRTGINYAEQFFGPG	2e-05
CAWSLRTGSSQNTLYFGAG	2e-05
CAWSLRTGSYEQYFGPG	2e-05
CAWSLRTISNERLFFGHG	2e-05
CAWSLRTLNTEVFFGKG	2e-05
CAWSLRTNSDYTFGSG	2e-05
CAWSLRVASDYTFGSG	2e-05
CAWSLRVDTEVFFGKG	4e-05
CAWSLRVGQDTQYFGPG	4e-05
CAWSLRVSYEQYFGPG	2e-05
CAWSLRYEQYFGPG	2e-05
CAWSLSANTEVFFGKG	2e-05
CAWSLSDYEQYFGPG	2e-05
CAWSLSEQYFGPG	2e-05
CAWSLSERLFFGHG	2e-05
CAWSLSGANYAEQFFGPG	2e-05
CAWSLSGEGSDYTFGSG	2e-05
CAWSLSGGDTEVFFGKG	2e-05
CAWSLSGGNYAEQFFGPG	2e-05
CAWSLSGGTEVFFGKG	2e-05
CAWSLSGGYEQYFGPG	6.000000000000001e-05
CAWSLSGQNTLYFGAG	2e-05
CAWSLSGVAYEQYFGPG	2e-05
CAWSLSHKNTEVFFGKG	2e-05
CAWSLSHTNTEVFFGKG	2e-05
CAWSLSISNERLFFGHG	2e-05
CAWSLSKYEQYFGPG	2e-05
CAWSLSKYNSPLYFGEG	2e-05
CAWSLSLFSNERLFFGHG	2e-05
CAWSLSPGQPNSDYTFGSG	2e-05
CAWSLSQDTQYFGPG	2e-05
CAWSLSQGFFGKG	2e-05
CAWSLSQNNQAPLFGEG	2e-05
CAWSLSRAGNTLYFGEG	4e-05
CAWSLSRGNNQAPLFGEG	4e-05
CAWSLSRGNTLYFGAG	2e-05
CAWSLSRNTEVFFGKG	2e-05
CAWSLSRSAETLYFGSG	2e-05
CAWSLSRSQNTLYFGAG	2e-05
CAWSLSSGNTLYFGEG	2e-05
CAWSLSSSNERLFFGHG	2e-05
CAWSLSSSNSPLYFGEG	2e-05
CAWSLSTHSGNTLYFGEG	2e-05
CAWSLSWGGEQYFGPG	4e-05
CAWSLSWGRKQYFGPG	2e-05
CAWSLSWGSEQYFGPG	2e-05
CAWSLTAISNERLFFGHG	2e-05
CAWSLTAKNTEVFFGKG	2e-05
CAWSLTANNQAPLFGEG	2e-05
CAWSLTCILNTLYFGEG	2e-05
CAWSLTDAETLYFGSG	2e-05
CAWSLTDNPPLYFGEG	2e-05
CAWSLTDNSPLYFGEG	2e-05
CAWSLTDYAEQFFGPG	2e-05
CAWSLTEDTQYFGPG	2e-05
CAWSLTEVFFGKG	2e-05
CAWSLTEYEQYFGPG	2e-05
CAWSLTGAGQNTLYFGAG	4e-05
CAWSLTGANEQYFGPG	2e-05
CAWSLTGANSDYTFGSG	2e-05
CAWSLTGEGNTLYFGEG	2e-05
CAWSLTGFSNERLFFGHG	2e-05
CAWSLTGGAKNSDYTFGSG	4e-05
CAWSLTGGALDTLYFGAG	2e-05
CAWSLTGGANYAEQFFGPG	2e-05
CAWSLTGGDTQYFGPG	2e-05
CAWSLTGGGVFFGKG	2e-05
CAWSLTGGNERLFFGHG	4e-05
CAWSLTGGNQAPLFGEG	4e-05
CAWSLTGGNTGQLYFGEG	4e-05
CAWSLTGGPNSDYTFGSG	4e-05
CAWSLTGGQDTQYFGPG	2e-05
CAWSLTGGRATGQLYFGEG	2e-05
CAWSLTGGRFTGQLYFGEG	2e-05
CAWSLTGGSAETLYFGSG	2e-05
CAWSLTGGSQNTLYFGAG	2e-05
CAWSLTGGTERLFFGHG	4e-05
CAWSLTGKGTSPLYFGEG	2e-05
CAWSLTGNTLYFGAG	2e-05
CAWSLTGNTLYFGEG	2e-05
CAWSLTGQLYFGEG	2e-05
CAWSLTGSETLYFGSG	2e-05
CAWSLTGSNTGQLYFGEG	2e-05
CAWSLTGSSAETLYFGSG	2e-05
CAWSLTGTGQLYFGEG	2e-05
CAWSLTGVAEQFFGPG	2e-05
CAWSLTGVAETLYFGSG	2e-05
CAWSLTGVNQDTQYFGPG	2e-05
CAWSLTGVNSPLYFGEG	2e-05
CAWSLTGVNYAEQFFGPG	2e-05
CAWSLTGVTYNSPLYFGEG	2e-05
CAWSLTGYEDTQYFGPG	4e-05
CAWSLTHNERLFFGHG	2e-05
CAWSLTLANSDYTFGSG	4e-05
CAWSLTNNQAPLFGEG	2e-05
CAWSLTQAPLFGEG	2e-05
CAWSLTQDTQYFGPG	2e-05
CAWSLTRANSDYTFGSG	2e-05
CAWSLTRDPEVFFGKG	4e-05
CAWSLTRTEVFFGKG	2e-05
CAWSLTSSGNTLYFGEG	2e-05
CAWSLTTGDTQYFGPG	6.000000000000001e-05
CAWSLTTGQNTLYFGAG	2e-05
CAWSLTTNSDYTFGSG	2e-05
CAWSLTVNSPLYFGEG	2e-05
CAWSLVDSGNTLYFGEG	2e-05
CAWSLVDSTEVFFGKG	2e-05
CAWSLVFSNERLFFGHG	2e-05
CAWSLVGAGPDYTFGSG	2e-05
CAWSLVGANTEVFFGKG	2e-05
CAWSLVGAREETLYFGSG	2e-05
CAWSLVGASAETLYFGSG	2e-05
CAWSLVGAYTGQLYFGEG	2e-05
CAWSLVGGEDTQYFGPG	4e-05
CAWSLVGGEVFFGKG	2e-05
CAWSLVGGGVFFGKG	2e-05
CAWSLVGGNYAEQFFGPG	2e-05
CAWSLVGGQLYFGEG	2e-05
CAWSLVGQYNERLFFGHG	2e-05
CAWSLVGRNTGQLYFGEG	2e-05
CAWSLVGSSAETLYFGSG	2e-05
CAWSLVGTNERLFFGHG	2e-05
CAWSLVGYTEVFFGKG	4e-05
CAWSLVHNSDYTFGSG	2e-05
CAWSLVLGGSEQYFGPG	4e-05
CAWSLVLGNTLYFGAG	2e-05
CAWSLVMGDHAEQFFGPG	2e-05
CAWSLVNNYAEQFFGPG	2e-05
CAWSLVPNSDYTFGSG	2e-05
CAWSLVPVSNERLFFGHG	2e-05
CAWSLVQGFTEVFFGKG	2e-05
CAWSLVQGNTEVFFGKG	2e-05
CAWSLVQGSNERLFFGHG	2e-05
CAWSLVQNSGNTLYFGEG	2e-05
CAWSLVRGPGTLYFGAG	2e-05
CAWSLVSGGPEVFFGKG	2e-05
CAWSLVSGSETLYFGSG	2e-05
CAWSLVSNSGNTLYFGEG	2e-05
CAWSLVSSGNTLYFGEG	2e-05
CAWSLVTEVFFGKG	2e-05
CAWSLVTGGAEQFFGPG	4e-05
CAWSLVWGGSQDTQYFGPG	2e-05
CAWSLVWGGSQNTLYFGAG	2e-05
CAWSLVWGWTLYFGAG	2e-05
CAWSLVWSSYEQYFGPG	2e-05
CAWSLVYQAPLFGEG	2e-05
CAWSLWDNANTEVFFGKG	2e-05
CAWSLWDRAGNTLYFGEG	2e-05
CAWSLWGAGTEVFFGKG	4e-05
CAWSLWGASYEQYFGPG	2e-05
CAWSLWGGAETLYFGSG	2e-05
CAWSLWGGDYEQYFGPG	2e-05
CAWSLWGGGAEQFFGPG	4e-05
CAWSLWGGNQDTQYFGPG	4e-05
CAWSLWGGSAETLYFGSG	4e-05
CAWSLWGGYEQYFGPG	2e-05
CAWSLWGPNTEVFFGKG	2e-05
CAWSLWGPSAETLYFGSG	4e-05
CAWSLWGQDTQYFGPG	2e-05
CAWSLWGQNNERLFFGHG	2e-05
CAWSLWGRAETLYFGSG	2e-05
CAWSLWGSDYTFGSG	2e-05
CAWSLWGSNERLFFGHG	4e-05
CAWSLWGSQNTLYFGAG	2e-05
CAWSLWGSSYEQYFGPG	4e-05
CAWSLWGTEVFFGKG	2e-05
CAWSLWQNSDYTFGSG	4e-05
CAWSLWSGAETLYFGSG	2e-05
CAWSLWSLEKCDYTFGSG	2e-05
CAWSLWVQDTQYFGPG	2e-05
CAWSLWVSYEQYFGPG	2e-05
CAWSLYASQNTLYFGAG	2e-05
CAWSLYNAEQFFGPG	2e-05
CAWSMGAEVFFGKG	2e-05
CAWSMGQYNSPLYFGEG	2e-05
CAWSNATTPKSYAVFGPG	4e-05
CAWSNETGAMAETLYFGSG	4e-05
CAWSNETPPQSYAVFFGKG	2e-05
CAWSNETPPTAYAVFFGKG	2e-05
CAWSNGANSDYTFGSG	2e-05
CAWSNGTPLKSYAVFFGKG	2e-05
CAWSNGTPPKSHAVFFGKG	2e-05
CAWSNLTPPKSYAVFFGKG	2e-05
CAWSNPNYAEQFFGPG	2e-05
CAWSNRDWGREQYFGPG	2e-05
CAWSNRTWGREQYFGPG	2e-05
CAWSNSYEQYFGPG	2e-05
CAWSNTGETEVFFGKG	2e-05
CAWSNVPPPKSYAVFFGKG	2e-05
CAWSNVPPPTSYAVFFGKG	2e-05
CAWSNVSPPKPYAEQFFGPG	2e-05
CAWSPAANERLFFGHG	2e-05
CAWSPAANTEVFFGKG	2e-05
CAWSPASNERLFFGHG	2e-05
CAWSPAWGANTGQLYFGEG	2e-05
CAWSPAWSSYEQYFGPG	2e-05
CAWSPDAETLYFGSG	2e-05
CAWSPDISAETLYFGSG	2e-05
CAWSPDIYAEQFFGPG	2e-05
CAWSPDKYEQYFGPG	2e-05
CAWSPDNQAPLFGEG	2e-05
CAWSPDNSGNTLYFGEG	2e-05
CAWSPDNYNSPLYFGEG	2e-05
CAWSPDREETLYFGSG	2e-05
CAWSPDRGEVFFGKG	2e-05
CAWSPDRNAEQFFGPG	2e-05
CAWSPDRNTEVFFGKG	4e-05
CAWSPDRVGNTLYFGEG	2e-05
CAWSPDSDNSPLYFGEG	2e-05
CAWSPDSPSQNTLYFGAG	2e-05
CAWSPDSSGNTLYFGEG	2e-05
CAWSPDSTEVFFGKG	2e-05
CAWSPDTEVFFGKG	2e-05
CAWSPDTSRQNTLYFGAG	2e-05
CAWSPDWADAEQFFGPG	2e-05
CAWSPDWASQNTLYFGAG	4e-05
CAWSPDWGAAETLYFGSG	4e-05
CAWSPDWGGAPHYFGEG	2e-05
CAWSPDWGGGAETLYFGSG	2e-05
CAWSPDWGKDTQYFGPG	2e-05
CAWSPDWINQDTQYFGPG	2e-05
CAWSPDWIQNTLYFGAG	2e-05
CAWSPDWVNYAEQFFGPG	2e-05
CAWSPDYQDTQYFGPG	2e-05
CAWSPEGAGNTLYFGEG	2e-05
CAWSPEGQDTQYFGPG	4e-05
CAWSPENSDYTFGSG	2e-05
CAWSPEVFFGKG	2e-05
CAWSPFRLGGRAEQFFGPG	2e-05
CAWSPFTGVQDTQYFGPG	2e-05
CAWSPGDEQYFGPG	2e-05
CAWSPGDSDYTFGSG	4e-05
CAWSPGDTQYFGPG	2e-05
CAWSPGEAPLFGEG	2e-05
CAWSPGEAYAEQFFGPG	2e-05
CAWSPGGAGAEQFFGPG	2e-05
CAWSPGGARAETLYFGSG	4e-05
CAWSPGGDNTLYFGAG	2e-05
CAWSPGGDTEVFFGKG	2e-05
CAWSPGGGQDTQYFGPG	2e-05
CAWSPGGGTGQLYFGEG	4e-05
CAWSPGGNQAPLFGEG	2e-05
CAWSPGGNTLYFGAG	2e-05
CAWSPGGNYAEQFFGPG	2e-05
CAWSPGGPHLEYFGSG	2e-05
CAWSPGGPLYFGEG	4e-05
CAWSPGGPYEQYFGPG	2e-05
CAWSPGGQDTQYFGPG	2e-05
CAWSPGGRQNTLYFGAG	2e-05
CAWSPGGRVQNTLYFGAG	2e-05
CAWSPGGSSAETLYFGSG	2e-05
CAWSPGGTGGGTEVFFGKG	2e-05
CAWSPGGYNTGQLYFGEG	2e-05
CAWSPGHEQYFGPG	2e-05
CAWSPGHNERLFFGHG	2e-05
CAWSPGHTSQNTLYFGAG	2e-05
CAWSPGLCSAETLYFGSG	4e-05
CAWSPGLGAEQFFGPG	4e-05
CAWSPGLGDEQFFGPG	2e-05
CAWSPGLGFSAETLYFGSG	2e-05
CAWSPGLGGRFAEQFFGPG	2e-05
CAWSPGLGGSNTGQLYFGEG	2e-05
CAWSPGLGGYAEQFFGPG	2e-05
CAWSPGLGGYEQYFGPG	4e-05
CAWSPGLGQDTQYFGPG	2e-05
CAWSPGLGSSAETLYFGSG	2e-05
CAWSPGLGTSYEQYFGPG	4e-05
CAWSPGLGVETLYFGSG	2e-05
CAWSPGLSNERLFFGHG	2e-05
CAWSPGLSNSGTLYFGSG	2e-05
CAWSPGLSQKSTLYFGSG	2e-05
CAWSPGLVQDTQYFGPG	2e-05
CAWSPGLVSAETLYFGSG	4e-05
CAWSPGMSSAETLYFGSG	4e-05
CAWSPGNYEQYFGPG	2e-05
CAWSPGPGDSDYTFGSG	4e-05
CAWSPGPNYAEQFFGPG	2e-05
CAWSPGPYAEQFFGPG	2e-05
CAWSPGQAETLYFGSG	2e-05
CAWSPGQGFNERLFFGHG	2e-05
CAWSPGQGGAPLFGEG	2e-05
CAWSPGQGNSDYTFGSG	2e-05
CAWSPGQGNTEVFFGKG	2e-05
CAWSPGQGRNQAPLFGEG	2e-05
CAWSPGQGVSNERLFFGHG	2e-05
CAWSPGQGYEQYFGPG	4e-05
CAWSPGQLYFGEG	2e-05
CAWSPGQNNSPLYFGEG	2e-05
CAWSPGQNTLYFGAG	2e-05
CAWSPGQNYEQYFGPG	2e-05
CAWSPGQPSQNTLYFGAG	4e-05
CAWSPGQRSTEVFFGKG	6.000000000000001e-05
CAWSPGQRVAEQFFGPG	2e-05
CAWSPGQYNQAPLFGEG	2e-05
CAWSPGRANTEVFFGKG	2e-05
CAWSPGRGLNERLFFGHG	2e-05
CAWSPGRGRGNTLYFGEG	2e-05
CAWSPGRSGNTLYFGEG	4e-05
CAWSPGSQNTLYFGAG	4e-05
CAWSPGTANAETLYFGSG	2e-05
CAWSPGTASAETLYFGSG	2e-05
CAWSPGTENTLYFGAG	2e-05
CAWSPGTGAEQFFGPG	2e-05
CAWSPGTGAETLYFGSG	2e-05
CAWSPGTGANTGQLYFGEG	2e-05
CAWSPGTGDNERLFFGHG	2e-05
CAWSPGTGENTLYFGAG	2e-05
CAWSPGTGGARQYFGPG	2e-05
CAWSPGTGGPYEQYFGPG	2e-05
CAWSPGTGQDTQYFGPG	2e-05
CAWSPGTGQLYFGEG	2e-05
CAWSPGTGYAEQFFGPG	2e-05
CAWSPGTLNTLYFGAG	2e-05
CAWSPGTNTEVFFGKG	2e-05
CAWSPGTNTLYFGEG	2e-05
CAWSPGTTNTEVFFGKG	2e-05
CAWSPGTTNYAEQFFGPG	2e-05
CAWSPGTVNQAPLFGEG	2e-05
CAWSPGTVPLYFGAG	2e-05
CAWSPGTVSNERLFFGHG	4e-05
CAWSPGVDTGQLYFGEG	2e-05
CAWSPGVDYAEQFFGPG	2e-05
CAWSPGVNQDTQYFGPG	2e-05
CAWSPGVSAETLYFGSG	2e-05
CAWSPGVSNERLFFGHG	2e-05
CAWSPGWNSDYTFGSG	2e-05
CAWSPGYTEVFFGKG	4e-05
CAWSPIGETLYFGSG	2e-05
CAWSPISQNTLYFGAG	2e-05
CAWSPISYISPLYFGEG	4e-05
CAWSPLGDYAEQFFGPG	2e-05
CAWSPLGGAYEQYFGPG	2e-05
CAWSPLGGGAETLYFGSG	2e-05
CAWSPLGGLYAEQFFGPG	2e-05
CAWSPLGPSQNTLYFGAG	2e-05
CAWSPLGTGGPSQNTLYFGAG	2e-05
CAWSPLGVYEQYFGPG	2e-05
CAWSPLIYEQYFGPG	2e-05
CAWSPLPKNTEVFFGKG	2e-05
CAWSPLSQNTLYFGAG	2e-05
CAWSPLWGGAETLYFGSG	2e-05
CAWSPNSEQYFGPG	4e-05
CAWSPNSGNTLYFGEG	2e-05
CAWSPNSNSDYTFGSG	2e-05
CAWSPNSQNTLYFGAG	2e-05
CAWSPPAGPDYTFGSG	2e-05
CAWSPPATGSYEQYFGPG	2e-05
CAWSPPGGLQDTQYFGPG	2e-05
CAWSPPGLGQDTQYFGPG	2e-05
CAWSPPGNQDTQYFGPG	2e-05
CAWSPPGQGAETLYFGSG	2e-05
CAWSPPGQGGNTLYFGEG	4e-05
CAWSPPGTFYAEQFFGPG	2e-05
CAWSPPGTSYNSPLYFGEG	2e-05
CAWSPPGVGTEVFFGKG	2e-05
CAWSPPGYNNQAPLFGEG	4e-05
CAWSPPLASLSPLYFGEG	2e-05
CAWSPPLSYNSPLYFGEG	2e-05
CAWSPPNSSAVFFGKG	2e-05
CAWSPPPSNTEVFFGKG	2e-05
CAWSPPRDRENTLYFGAG	2e-05
CAWSPPSTGSNERLFFGHG	2e-05
CAWSPPTGANSDYTFGSG	2e-05
CAWSPPTGASAETLYFGSG	4e-05
CAWSPPWDRENTLYFGAG	2e-05
CAWSPPWTGNGNTLYFGEG	2e-05
CAWSPQENSDYTFGSG	2e-05
CAWSPQGADTGQLYFGEG	2e-05
CAWSPQGAEVFFGKG	2e-05
CAWSPQGAGDTQYFGPG	2e-05
CAWSPQGDTQYFGPG	2e-05
CAWSPQGEEQYFGPG	2e-05
CAWSPQGFGNTLYFGEG	2e-05
CAWSPQGFSDYTFGSG	2e-05
CAWSPQGNTEVFFGKG	2e-05
CAWSPQGQFFGPG	2e-05
CAWSPQGRSNERLFFGHG	4e-05
CAWSPQGSGNTLYFGEG	2e-05
CAWSPQGVNTEVFFGKG	2e-05
CAWSPQISGNTLYFGEG	2e-05
CAWSPQNSDYTFGSG	4e-05
CAWSPQQAPLFGEG	2e-05
CAWSPQSSAETLYFGSG	2e-05
CAWSPQTNTEVFFGKG	2e-05
CAWSPQVSNERLFFGHG	4e-05
CAWSPRANSDYTFGSG	2e-05
CAWSPRDNNERLFFGHG	2e-05
CAWSPRDNYYAEQFFGPG	2e-05
CAWSPRDWGYEQYFGPG	2e-05
CAWSPRGSETLYFGSG	4e-05
CAWSPRGVGNTLYFGEG	2e-05
CAWSPRKNTLYFGAG	2e-05
CAWSPRLEQYFGPG	2e-05
CAWSPRLGAQDTQYFGPG	2e-05
CAWSPRPATQYFGPG	2e-05
CAWSPRPDTQYFGPG	2e-05
CAWSPRQDTQYFGPG	2e-05
CAWSPRQEEVFFGKG	2e-05
CAWSPRQNTLYFGAG	2e-05
CAWSPRRTGTYEQYFGPG	2e-05
CAWSPRTDSPLYFGEG	4e-05
CAWSPRTGEAEQFFGPG	2e-05
CAWSPRTYAEQFFGPG	2e-05
CAWSPRVEQYFGPG	2e-05
CAWSPSASSQNTLYFGAG	2e-05
CAWSPSDWEYAEQFFGPG	4e-05
CAWSPSGANTGQLYFGEG	2e-05
CAWSPSGDYSDYTFGSG	2e-05
CAWSPSGGGAEQFFGPG	2e-05
CAWSPSISNERLFFGHG	2e-05
CAWSPSQLQNTLYFGAG	4e-05
CAWSPSQNTLYFGAG	2e-05
CAWSPSTAAETLYFGSG	2e-05
CAWSPSTEVFFGKG	2e-05
CAWSPSTEYEQYFGPG	2e-05
CAWSPSTGQLYFGEG	2e-05
CAWSPSWGREQYFGPG	2e-05
CAWSPTAETLYFGSG	2e-05
CAWSPTANNQAPLFGEG	2e-05
CAWSPTANSDYTFGSG	2e-05
CAWSPTANTGQLYFGEG	2e-05
CAWSPTENTLYFGAG	2e-05
CAWSPTGANTEVFFGKG	2e-05
CAWSPTGAQDTQYFGPG	2e-05
CAWSPTGDGNTLYFGEG	2e-05
CAWSPTGEDTQYFGPG	4e-05
CAWSPTGGADTQYFGPG	2e-05
CAWSPTGGANAEQFFGPG	2e-05
CAWSPTGGDAEQFFGPG	2e-05
CAWSPTGGDTQYFGPG	4e-05
CAWSPTGGENTLYFGAG	2e-05
CAWSPTGGGTPKYFGPG	2e-05
CAWSPTGGHERLFFGHG	4e-05
CAWSPTGGHPEVFFGKG	2e-05
CAWSPTGGRNTLYFGAG	2e-05
CAWSPTGGTEVFFGKG	4e-05
CAWSPTGGTNERLFFGHG	2e-05
CAWSPTGGVQNTLYFGAG	2e-05
CAWSPTGGYAEQFFGPG	4e-05
CAWSPTGLNQAPLFGEG	2e-05
CAWSPTGLSDYTFGSG	2e-05
CAWSPTGNNSPLYFGEG	2e-05
CAWSPTGPNERLFFGHG	2e-05
CAWSPTGRQDTQYFGPG	2e-05
CAWSPTGRQNTLYFGAG	4e-05
CAWSPTGTAGNTLYFGEG	2e-05
CAWSPTGTDQAPLFGEG	2e-05
CAWSPTGTERLFFGHG	2e-05
CAWSPTGVSNERLFFGHG	4e-05
CAWSPTGYAEQFFGPG	2e-05
CAWSPTINERLFFGHG	2e-05
CAWSPTIPQYFGPG	2e-05
CAWSPTKEVFFGKG	2e-05
CAWSPTLSTEVFFGKG	2e-05
CAWSPTPGGYEQYFGPG	2e-05
CAWSPTSTGGTYEQYFGPG	2e-05
CAWSPTTNSDYTFGSG	2e-05
CAWSPTTNTEVFFGKG	2e-05
CAWSPTVSNERLFFGHG	2e-05
CAWSPVAETLYFGSG	2e-05
CAWSPVFGEG	2e-05
CAWSPVGQNTLYFGAG	2e-05
CAWSPWDWGGAETLYFGSG	2e-05
CAWSPWGATGQLYFGEG	2e-05
CAWSPWGTEVFFGKG	2e-05
CAWSPWPPQYFGPG	4e-05
CAWSPWTGNTEVFFGKG	4e-05
CAWSPYNYAEQFFGPG	2e-05
CAWSPYSAETLYFGSG	2e-05
CAWSQAGGTKLYFGAG	2e-05
CAWSQAGTEVFFGKG	2e-05
CAWSQANTEVFFGKG	2e-05
CAWSQDAETLYFGSG	2e-05
CAWSQDMNSPLYFGEG	2e-05
CAWSQDNQAPLFGEG	2e-05
CAWSQDNSGNTLYFGEG	2e-05
CAWSQDRNTEVFFGKG	2e-05
CAWSQDSAETLYFGSG	2e-05
CAWSQDSQDTQYFGPG	6.000000000000001e-05
CAWSQDSYNSPLYFGEG	2e-05
CAWSQDTEVFFGKG	2e-05
CAWSQDWGSAETLYFGSG	2e-05
CAWSQEFYNSPLYFGEG	2e-05
CAWSQGAETEVFFGKG	8e-05
CAWSQGAETLYFGSG	2e-05
CAWSQGANSDYTFGSG	2e-05
CAWSQGANTEVFFGKG	4e-05
CAWSQGARQNTLYFGAG	2e-05
CAWSQGARTEVFFGKG	2e-05
CAWSQGDSPLYFGEG	2e-05
CAWSQGDWASAETLYFGSG	4e-05
CAWSQGDYNSPLYFGEG	2e-05
CAWSQGEDTEVFFGKG	2e-05
CAWSQGFSDYTFGSG	2e-05
CAWSQGGGTQYFGPG	2e-05
CAWSQGGQDTQYFGPG	2e-05
CAWSQGGYAEQFFGPG	4e-05
CAWSQGHYNNQAPLFGEG	2e-05
CAWSQGLGAYEQYFGPG	2e-05
CAWSQGLGGPGTGQLYFGEG	4e-05
CAWSQGLVEQYFGPG	2e-05
CAWSQGMGAETLYFGSG	2e-05
CAWSQGMNSDYTFGSG	2e-05
CAWSQGNQAPLFGEG	2e-05
CAWSQGNSDYTFGSG	2e-05
CAWSQGNYAEQFFGPG	2e-05
CAWSQGPEVFFGKG	2e-05
CAWSQGPSAETLYFGSG	2e-05
CAWSQGPTLNTEVFFGKG	2e-05
CAWSQGQDSGNTLYFGEG	2e-05
CAWSQGQIQNTLYFGAG	2e-05
CAWSQGQWNSDYTFGSG	2e-05
CAWSQGRGGNTEVFFGKG	2e-05
CAWSQGRNTEVFFGKG	2e-05
CAWSQGSEVFFGKG	2e-05
CAWSQGSNERLFFGHG	2e-05
CAWSQGSNTEVFFGKG	2e-05
CAWSQGSYNSPLYFGEG	2e-05
CAWSQGTGAPEVFFGKG	4e-05
CAWSQGTGNERLFFGHG	2e-05
CAWSQGTTSGNTLYFGEG	2e-05
CAWSQGVEQYFGPG	4e-05
CAWSQGVNSDYTFGSG	2e-05
CAWSQKGSQNTLYFGAG	2e-05
CAWSQLGGLGQNTLYFGAG	2e-05
CAWSQPDTQYFGPG	2e-05
CAWSQPGGADTQYFGPG	2e-05
CAWSQQGAETEVFFGKG	2e-05
CAWSQQGASTEVFFGKG	4e-05
CAWSQQGNSDYTFGSG	4e-05
CAWSQQGTNSDYTFGSG	2e-05
CAWSQQNTGQLYFGEG	2e-05
CAWSQQRGTEVFFGKG	4e-05
CAWSQQSSAETLYFGSG	2e-05
CAWSQQVANTEVFFGKG	2e-05
CAWSQQYTSPLYFGEG	4e-05
CAWSQRGPSQNTLYFGAG	4e-05
CAWSQSANTEVFFGKG	4e-05
CAWSQSGGGEVFFGKG	2e-05
CAWSQSSAETLYFGSG	2e-05
CAWSQSTEVFFGKG	4e-05
CAWSQTDQDTQYFGPG	4e-05
CAWSQTDYEQYFGPG	2e-05
CAWSQTGDAEQFFGPG	2e-05
CAWSQTGGAETLYFGSG	2e-05
CAWSQTGGDTLYFGAG	4e-05
CAWSQTGGNQDTQYFGPG	4e-05
CAWSQTGGNYAEQFFGPG	2e-05
CAWSQTGGSQNTLYFGAG	2e-05
CAWSQTGHDTQYFGPG	2e-05
CAWSQTGRNTEVFFGKG	2e-05
CAWSQTLYFGEG	4e-05
CAWSQVLGGPGTGQLYFGEG	4e-05
CAWSQYEQYFGPG	2e-05
CAWSRAAGANERLFFGHG	2e-05
CAWSRAGGDSDYTFGSG	4e-05
CAWSRAINSDYTFGSG	2e-05
CAWSRANSDYTFGSG	2e-05
CAWSRARKPFFGKG	2e-05
CAWSRASNTEVFFGKG	2e-05
CAWSRATGATLYFGSG	2e-05
CAWSRATGSAETLYFGSG	2e-05
CAWSRDFNTEVFFGKG	2e-05
CAWSRDFSYNSPLYFGEG	2e-05
CAWSRDIGNTLYFGEG	2e-05
CAWSRDINNQAPLFGEG	2e-05
CAWSRDKGNTGQLYFGEG	4e-05
CAWSRDKNSPLYFGEG	2e-05
CAWSRDNAETLYFGSG	2e-05
CAWSRDNANSDYTFGSG	2e-05
CAWSRDNQAPLFGEG	2e-05
CAWSRDNTEVFFGKG	2e-05
CAWSRDRANERLFFGHG	2e-05
CAWSRDRANTEVFFGKG	2e-05
CAWSRDRASDYTFGSG	2e-05
CAWSRDRDERLFFGHG	2e-05
CAWSRDRDYERLFFGHG	2e-05
CAWSRDREDSDYTFGSG	2e-05
CAWSRDRGDAEQFFGPG	2e-05
CAWSRDRGETEVFFGKG	2e-05
CAWSRDRGGTEVFFGKG	4e-05
CAWSRDRGQAEQFFGPG	2e-05
CAWSRDRGRAEQFFGPG	2e-05
CAWSRDRGRAETLYFGSG	2e-05
CAWSRDRGRGDTEVFFGKG	2e-05
CAWSRDRGRGNTLYFGEG	2e-05
CAWSRDRGSQNTLYFGAG	2e-05
CAWSRDRGTDYTFGSG	2e-05
CAWSRDRISNERLFFGHG	2e-05
CAWSRDRKNTEVFFGKG	2e-05
CAWSRDRNQAPLFGEG	2e-05
CAWSRDRNTEVFFGKG	2e-05
CAWSRDRTNSDYTFGSG	4e-05
CAWSRDSANSDYTFGSG	2e-05
CAWSRDSNYAEQFFGPG	2e-05
CAWSRDSSQNTLYFGAG	2e-05
CAWSRDTGNTLYFGEG	2e-05
CAWSRDTNNQAPLFGEG	2e-05
CAWSRDWDHQDTQYFGPG	2e-05
CAWSRDWGAAEQFFGPG	2e-05
CAWSRDWGDAEQFFGPG	4e-05
CAWSRDWGENTLYFGAG	4e-05
CAWSRDWGGSAETLYFGSG	2e-05
CAWSRDWGINYAEQFFGPG	2e-05
CAWSRDWGNYAEQFFGPG	2e-05
CAWSRDWGRNTLYFGAG	4e-05
CAWSRDWGSQNTLYFGAG	2e-05
CAWSRDWGYAEQFFGPG	2e-05
CAWSREDRNTEVFFGKG	2e-05
CAWSREGAGKDTQYFGPG	4e-05
CAWSREGNTEVFFGKG	2e-05
CAWSREGSPEVFFGKG	2e-05
CAWSREGSTEVFFGKG	2e-05
CAWSREGYTEVFFGKG	4e-05
CAWSRENQDTQYFGPG	2e-05
CAWSRETEVFFGKG	2e-05
CAWSRFYSYNSPLYFGEG	2e-05
CAWSRGANTEVFFGKG	2e-05
CAWSRGAYEQYFGPG	2e-05
CAWSRGAYNYAEQFFGPG	4e-05
CAWSRGDRNTEVFFGKG	2e-05
CAWSRGEGNTLYFGAG	4e-05
CAWSRGGAYEQYFGPG	2e-05
CAWSRGGERLFFGHG	2e-05
CAWSRGGGFAQHFFGHG	2e-05
CAWSRGGGTGQLYFGEG	2e-05
CAWSRGGGVAETLYFGSG	2e-05
CAWSRGGGYAEQFFGPG	2e-05
CAWSRGGNSDYTFGSG	2e-05
CAWSRGGQGDSDYTFGSG	2e-05
CAWSRGGSAEQFFGPG	2e-05
CAWSRGGTEVFFGKG	2e-05
CAWSRGHTNQAPLFGEG	4e-05
CAWSRGLGGNYAEQFFGPG	2e-05
CAWSRGNYAEQFFGPG	2e-05
CAWSRGPNSDYTFGSG	4e-05
CAWSRGQAPEVFFGKG	2e-05
CAWSRGQISGNTLYFGEG	2e-05
CAWSRGQTNTLYFGAG	2e-05
CAWSRGQYEQYFGPG	2e-05
CAWSRGRREVFFGKG	2e-05
CAWSRGSNERLFFGHG	2e-05
CAWSRGSRAETLYFGSG	2e-05
CAWSRGSSAETLYFGSG	2e-05
CAWSRGSTGQLYFGEG	2e-05
CAWSRGTGGLFSNERLFFGHG	2e-05
CAWSRGTGGNTEVFFGKG	2e-05
CAWSRGTSNTEVFFGKG	2e-05
CAWSRGWGPDTQYFGPG	2e-05
CAWSRGYAEQFFGPG	2e-05
CAWSRGYEQYFGPG	2e-05
CAWSRHSGNTLYFGEG	2e-05
CAWSRISDYTFGSG	2e-05
CAWSRIYAEQFFGPG	2e-05
CAWSRKGALAEQFFGPG	2e-05
CAWSRLFQDTQYFGPG	2e-05
CAWSRLGEQYFGPG	2e-05
CAWSRLGGDTQYFGPG	2e-05
CAWSRLGGRGAEQFFGPG	2e-05
CAWSRLGGSYEQYFGPG	2e-05
CAWSRLGGWEETLYFGSG	2e-05
CAWSRLGGYEQYFGPG	2e-05
CAWSRLGIYEQYFGPG	2e-05
CAWSRLGSNTGQLYFGEG	2e-05
CAWSRLGTGDYAEQFFGPG	2e-05
CAWSRLGYAEQFFGPG	2e-05
CAWSRNRGLAETLYFGSG	2e-05
CAWSRNTGQLYFGEG	2e-05
CAWSRNTLYFGAG	2e-05
CAWSRPGGGETLYFGSG	2e-05
CAWSRPGQGYAEQFFGPG	2e-05
CAWSRPGRGNTLYFGEG	2e-05
CAWSRPGTGEEANTEVFFGKG	2e-05
CAWSRPGYNSPLYFGEG	2e-05
CAWSRQANTEVFFGKG	2e-05
CAWSRQASNERLFFGHG	2e-05
CAWSRQASNTEVFFGKG	2e-05
CAWSRQEGLFFGHG	2e-05
CAWSRQGAGAEQFFGPG	2e-05
CAWSRQGAHQAPLFGEG	2e-05
CAWSRQGANTEVFFGKG	2e-05
CAWSRQGEDTQYFGPG	4e-05
CAWSRQGGPDYTFGSG	2e-05
CAWSRQGNQAPLFGEG	4e-05
CAWSRQGNSDYTFGSG	2e-05
CAWSRQGYAEQFFGPG	2e-05
CAWSRQHRANTEVFFGKG	2e-05
CAWSRQLSNERLFFGHG	2e-05
CAWSRQNNERLFFGHG	2e-05
CAWSRQNQAPLFGEG	4e-05
CAWSRQRNSDYTFGSG	2e-05
CAWSRQSNSDYTFGSG	4e-05
CAWSRQTANSDYTFGSG	2e-05
CAWSRQYNSPLYFGEG	2e-05
CAWSRRDRGIGNTLYFGEG	2e-05
CAWSRRGAETLYFGSG	2e-05
CAWSRRGGTEVFFGKG	2e-05
CAWSRRGRGAETLYFGSG	2e-05
CAWSRRGSQNTLYFGAG	2e-05
CAWSRRSDSDYTFGSG	2e-05
CAWSRRTEVFFGKG	4e-05
CAWSRSANNQAPLFGEG	2e-05
CAWSRSGLGETLYFGSG	2e-05
CAWSRSQNTLYFGAG	2e-05
CAWSRTASAETLYFGSG	2e-05
CAWSRTEFSNERLFFGHG	2e-05
CAWSRTEKTEVFFGKG	2e-05
CAWSRTESQNTLYFGAG	2e-05
CAWSRTGACAEQFFGPG	2e-05
CAWSRTGEAEQFFGPG	6.000000000000001e-05
CAWSRTGEGNTLYFGEG	4e-05
CAWSRTGESQNTLYFGAG	2e-05
CAWSRTGGAGDTQYFGPG	6.000000000000001e-05
CAWSRTGGALEQYFGPG	4e-05
CAWSRTGGDEQYFGPG	2e-05
CAWSRTGGRRQNTLYFGAG	2e-05
CAWSRTGGRSQNTLYFGAG	2e-05
CAWSRTGGSAETLYFGSG	2e-05
CAWSRTGKNTLYFGAG	2e-05
CAWSRTGNTEVFFGKG	2e-05
CAWSRTGPGNTLYFGEG	2e-05
CAWSRTGPSQNTLYFGAG	4e-05
CAWSRTGQNTLYFGAG	2e-05
CAWSRTGSNSDYTFGSG	2e-05
CAWSRTGSNTGQLYFGEG	2e-05
CAWSRTGSQDTQYFGPG	2e-05
CAWSRTGVNTGQLYFGEG	2e-05
CAWSRTNTGQLYFGEG	2e-05
CAWSRTNYAEQFFGPG	2e-05
CAWSRTPRPKPLYFGSG	2e-05
CAWSRTSNYAEQFFGPG	2e-05
CAWSRTVNQDTQYFGPG	2e-05
CAWSRTVNTLYFGAG	4e-05
CAWSRVKQDTQYFGPG	2e-05
CAWSRVNNERLFFGHG	2e-05
CAWSRVNTLYFGAG	2e-05
CAWSSAETLYFGSG	2e-05
CAWSSDNQDTQYFGPG	2e-05
CAWSSDNSDYTFGSG	2e-05
CAWSSDRGQAPLFGEG	2e-05
CAWSSDRGRAEQFFGPG	2e-05
CAWSSDTSQNTLYFGAG	2e-05
CAWSSDWGSSYEQYFGPG	2e-05
CAWSSDYTFGSG	2e-05
CAWSSGANTGQLYFGEG	4e-05
CAWSSGDYAEQFFGPG	2e-05
CAWSSGGGNQAPLFGEG	4e-05
CAWSSGGQNTLYFGAG	2e-05
CAWSSGHQDTQYFGPG	2e-05
CAWSSGISQNTLYFGAG	2e-05
CAWSSGLGVYAEQFFGPG	2e-05
CAWSSGMSYAEQFFGPG	4e-05
CAWSSGQGATEVFFGKG	2e-05
CAWSSGQGNERLFFGHG	4e-05
CAWSSGQGYTEVFFGKG	2e-05
CAWSSGQKNTLYFGAG	2e-05
CAWSSGQTSAETLYFGSG	2e-05
CAWSSGRGRGHTLYFGEG	2e-05
CAWSSGTGASQNTLYFGAG	2e-05
CAWSSGTGDGQLYFGEG	2e-05
CAWSSGTGGGNTLYFGEG	2e-05
CAWSSGTGNNYAEQFFGPG	4e-05
CAWSSGTGRSPLYFGEG	2e-05
CAWSSGTTNERLFFGHG	2e-05
CAWSSGVSGNTLYFGEG	2e-05
CAWSSGVSNERLFFGHG	2e-05
CAWSSKETLYFGSG	2e-05
CAWSSLGNYAEQFFGPG	2e-05
CAWSSLSAETLYFGSG	2e-05
CAWSSMGHSNTEVFFGKG	4e-05
CAWSSNWGNQDTQYFGPG	2e-05
CAWSSNWGNYAEQFFGPG	2e-05
CAWSSPGGPEQFFGPG	4e-05
CAWSSPTSQDTQYFGPG	2e-05
CAWSSQGAGEQYFGPG	4e-05
CAWSSQGGEVFFGKG	2e-05
CAWSSQISNERLFFGHG	2e-05
CAWSSQYNSPQYFGPG	4e-05
CAWSSRDSYEQYFGPG	2e-05
CAWSSRDWGSAETLYFGSG	2e-05
CAWSSRQGNSDYTFGSG	4e-05
CAWSSSAETLYFGSG	2e-05
CAWSSSGGADTQYFGPG	2e-05
CAWSSSGNNQAPLFGEG	2e-05
CAWSSTGGGDTQYFGPG	2e-05
CAWSSTGGGYEQYFGPG	4e-05
CAWSSTNERLFFGHG	2e-05
CAWSSTQNTLYFGAG	2e-05
CAWSSVNERLFFGHG	4e-05
CAWSSWDRGNTEVFFGKG	2e-05
CAWSSYEQYFGPG	2e-05
CAWSTANSDYTFGSG	2e-05
CAWSTDNIYEQYFGPG	4e-05
CAWSTDRGDTQYFGPG	2e-05
CAWSTEAEQFFGPG	2e-05
CAWSTGDTEVFFGKG	4e-05
CAWSTGDYAEQFFGPG	2e-05
CAWSTGGARAETLYFGSG	2e-05
CAWSTGGQTGQLYFGEG	2e-05
CAWSTGGRQNTLYFGAG	2e-05
CAWSTGGSAETLYFGSG	2e-05
CAWSTGLGASAETLYFGSG	4e-05
CAWSTGLGNTGQLYFGEG	2e-05
CAWSTGQLYFGEG	2e-05
CAWSTGTNSDYTFGSG	2e-05
CAWSTGTVSNERLFFGHG	2e-05
CAWSTIGGALEQYFGPG	2e-05
CAWSTLGGGDTQYFGPG	2e-05
CAWSTLGNYAEQFFGPG	2e-05
CAWSTNRRDTQYFGPG	2e-05
CAWSTPRGNTGQLYFGEG	2e-05
CAWSTRGNERLFFGHG	4e-05
CAWSTSYEQYFGPG	2e-05
CAWSTTGGYAEQFFGPG	2e-05
CAWSTTNTLYFGAG	2e-05
CAWSTVGEVFFGKG	2e-05
CAWSTVTPPKSYAVFFGKG	2e-05
CAWSTWHPQYFGPG	2e-05
CAWSVDTYYNSPLYFGEG	2e-05
CAWSVGDQNTLYFGAG	2e-05
CAWSVGGRGAETLYFGSG	2e-05
CAWSVGGRNTGQLYFGEG	2e-05
CAWSVGVSQNTLYFGAG	2e-05
CAWSVMGVFAEQFFGPG	2e-05
CAWSVPGGTEVFFGKG	2e-05
CAWSVQGRGAETLYFGSG	2e-05
CAWSVRDNQAPLFGEG	2e-05
CAWSVSNQDTQYFGPG	2e-05
CAWSVSYEQYFGPG	2e-05
CAWSVTGGAGEQYFGPG	4e-05
CAWSVTGTGTGNTLYFGEG	2e-05
CAWSVWGGSYEQYFGPG	2e-05
CAWSWDRTEVFFGKG	2e-05
CAWSWDRTGNTLYFGEG	2e-05
CAWSWDRVAQDPHFGEG	2e-05
CAWSWDSSGNTLYFGEG	2e-05
CAWSWDTTQNTLYFGAG	2e-05
CAWSWGGITYEQYFGPG	2e-05
CAWSWRATDYTFGSG	2e-05
CAWSWTDSYNSPLYFGEG	2e-05
CAWSWTENTLYFGAG	2e-05
CAWSWTGGNYAEQFFGPG	2e-05
CAWSWVNTEVFFGKG	2e-05
CAWSYGPPPKSYAVFFGKG	2e-05
CAWSYLGSQNTLYFGAG	2e-05
CAWSYRANTEVFFGKG	4e-05
CAWSYRDEQYFGPG	2e-05
CAWSYRGRQDTQYFGPG	2e-05
CAWSYRTPPKSYAVFFGKG	2e-05
CAWSYRTPPRSYAVFFGKG	2e-05
CAWSYRVEQYFGPG	2e-05
CAWSYTSGNTLYFGEG	2e-05
CAWSYWGGAETLYFGSG	2e-05
CAWSYYEQYFGPG	4e-05
CAWTAGDVLSPLYFGEG	4e-05
CAWTANSDYTFGSG	2e-05
CAWTAQNSGNTLYFGEG	2e-05
CAWTASQNTLYFGAG	2e-05
CAWTDYSGNTLYFGEG	6.000000000000001e-05
CAWTFSNERLFFGHG	2e-05
CAWTGANTEVFFGKG	2e-05
CAWTGDTEVFFGKG	2e-05
CAWTGDWGKEQYFGPG	2e-05
CAWTGENTLYFGAG	2e-05
CAWTGESQNTLYFGAG	4e-05
CAWTGGAGTGQLYFGEG	2e-05
CAWTGGDEQYFGPG	4e-05
CAWTGGDNERLFFGHG	2e-05
CAWTGGDTQYFGPG	4e-05
CAWTGGEDTGQLYFGEG	2e-05
CAWTGGFEVFFGKG	4e-05
CAWTGGKNTLYFGAG	2e-05
CAWTGGNTGQLYFGEG	2e-05
CAWTGGNYAEQFFGPG	2e-05
CAWTGGQNTLYFGAG	2e-05
CAWTGGSYEQYFGPG	2e-05
CAWTGGYAEQFFGPG	4e-05
CAWTGLYAEQFFGPG	4e-05
CAWTGNYAEQFFGPG	2e-05
CAWTGQNSGNTLYFGEG	2e-05
CAWTGRDTEVFFGKG	2e-05
CAWTGTNNERLFFGHG	2e-05
CAWTGTVTEVFFGKG	4e-05
CAWTGVQNTLYFGAG	2e-05
CAWTGVSNERLFFGHG	4e-05
CAWTIANTEVFFGKG	2e-05
CAWTIQNTLYFGAG	2e-05
CAWTLEKCDSTQYFGPG	2e-05
CAWTLGNYAEQFFGPG	2e-05
CAWTLQTMGGIRPLYFGAG	2e-05
CAWTLRGYAEQFFGPG	2e-05
CAWTLSYNSPLYFGEG	2e-05
CAWTLTDGNTLYFGEG	2e-05
CAWTLVSSYEQYFGPG	4e-05
CAWTPETLYFGSG	2e-05
CAWTPGDEQYFGPG	2e-05
CAWTPGLSSAETLYFGSG	2e-05
CAWTPGTGSSGNTLYFGEG	4e-05
CAWTPSAETLYFGSG	2e-05
CAWTPSDTANSDYTFGSG	2e-05
CAWTPSGAETLYFGSG	4e-05
CAWTPSQNTLYFGAG	4e-05
CAWTPTGATEVFFGKG	2e-05
CAWTQETLYFGSG	2e-05
CAWTQGAYAEQFFGPG	2e-05
CAWTQGDERLFFGHG	2e-05
CAWTQGDSYEQYFGPG	2e-05
CAWTQGQNTLYFGAG	2e-05
CAWTQGRNSPLYFGEG	2e-05
CAWTQGVSNTEVFFGKG	2e-05
CAWTQTGGVYAEQFFGPG	2e-05
CAWTRAIAEQFFGPG	2e-05
CAWTRARDSDYTFGSG	4e-05
CAWTRDKNTEVFFGKG	4e-05
CAWTRDRANYAEQFFGPG	2e-05
CAWTRDWQNTLYFGAG	2e-05
CAWTSDWSSAETLYFGSG	2e-05
CAWTSGVDTQYFGPG	2e-05
CAWTSNTEVFFGKG	2e-05
CAWTSQNTLYFGAG	2e-05
CAWTSTGASYEQYFGPG	2e-05
CAWTSTGGSYEQYFGPG	2e-05
CAWTTGGAEQYFGPG	2e-05
CAWTTGGGGTLYFGAG	2e-05
CAWTTGSTGQLYFGEG	4e-05
CAWTTNERLFFGHG	2e-05
CAWTTNTEVFFGKG	2e-05
CAWTVSYNSPLYFGEG	6.000000000000001e-05
CAWTWDRAGNTLYFGEG	2e-05
CAWTWGDTQNTLYFGAG	2e-05
CAWTWKCSSKKAQYFGPG	2e-05
CAWTYNNQAPLFGEG	2e-05
CAWVGDNQAPLFGEG	4e-05
CAWVQGFHTEVFFGKG	4e-05
CAWVRSLTLEKCDSTQYFGPG	2e-05
CAWWGANQDTQYFGPG	4e-05
CAWWGPSNERLFFGHG	6.000000000000001e-05
CAWWLAGGGALTLYFGSG	2e-05
CAWWTGHYNSPLYFGEG	2e-05
CAWYLAADTLYFGEG	2e-05
CAWYLGKQDTQYFGPG	2e-05
CAWYLTGVTSPLYFGEG	2e-05
CAWYPAFVSPLYFGEG	2e-05
CAWYRPANTEVFFGKG	2e-05
CAWYSAETLYFGSG	2e-05
CAYDVVFGPG	2e-05
CAYEQYFGPG	2e-05
CAYERERERERDMTLHQAPLFGEG	2e-05
CAYFGSG	2e-05
CAYGSEQFFGPG	2e-05
CAYLRLYQDTQYFGPG	2e-05
CAYPPYGNTLYFGEG	2e-05
CAYPQYTFEKCDSTQYFGPG	2e-05
CAYPRLYQDTQYFGPG	4e-05
CAYQYFGSG	2e-05
CAYRDRGNERLFFGHG	2e-05
CAYRTQYFGPG	2e-05
CAYRVSYNSPLYFGEG	2e-05
CAYTEVFFGKG	2e-05
CAYTMEKCDSTQVVCPSGNTLYFGEG	2e-05
CAYTQYFGPG	2e-05
CAYTRGGSDTQYFGPG	2e-05
CAYVFGSG	2e-05
CAYVRNVTPPKSYAVFFGKG	6.000000000000001e-05
CCEKCDSTQVVCRLPLFGEG	2e-05
CCFSRNVTPPKSYAVFFGKG	2e-05
CCGLWGWWLGCVFGEG	2e-05
CCMPLFGEG	2e-05
CCSTERLFFGHG	2e-05
CCTGGRGGTQYFGPG	2e-05
CCVRDTNTEVFFGKG	2e-05
CCVSGNTLYFGEG	2e-05
CCWDGNSGNTLYFGEG	2e-05
CDAQRNVTPPKSYAVFFGKG	2e-05
CDDAEQFFGPG	2e-05
CDECDSTQVVCRLPLFGEG	2e-05
CDEPGDYTFGSG	2e-05
CDEQCACTQYFGPG	2e-05
CDEREKCDSTQYFGPG	2e-05
CDEVGSTDTQYFGPG	2e-05
CDFCDSTQYFGPG	2e-05
CDFGPG	2e-05
CDGGRNVTPPKSYAVFFGKG	4e-05
CDGGVHGTARTQYFGPG	2e-05
CDGGWFTEVFFGKG	2e-05
CDGNEKCDSPKSYAVFFGKG	2e-05
CDGRLLGNERLFFGHG	2e-05
CDIGAETLYFGSG	4e-05
CDITVGNCDSTQYFGPG	2e-05
CDKCESTQYFGPG	2e-05
CDKLGGNTLYFGEG	2e-05
CDKRDEQSVSTQDTQYFGPG	2e-05
CDLCHGETLYFGSG	2e-05
CDLLRNVTPPKSYAVFFGKG	2e-05
CDLPRNVTPPKSYAVFFGKG	4e-05
CDLQRNLTPPKSYAVFFGKG	4e-05
CDLRNVTPPKSYAVFFGKG	4e-05
CDLVGNTLYFGEG	2e-05
CDMMEKCAYTQYFGPG	2e-05
CDNGGTTRELYFGSG	2e-05
CDNTLYFGAG	2e-05
CDNYWNQDTQYFGPG	4e-05
CDPKAEKCDSTQYFGPG	2e-05
CDPKVGKCDSTQYFGPG	2e-05
CDPLTVSLIEKCDSTQYFGPG	2e-05
CDPPETGAERLFFGHG	2e-05
CDPPQEDRGRDNQAPLFGEG	2e-05
CDPRGEKCDPNQDTQYFGPG	2e-05
CDQDTQYFGPG	6.000000000000001e-05
CDQLEKCDSTQYFGPG	2e-05
CDQLYFGEG	2e-05
CDRESQNTLYFGAG	2e-05
CDRRLGTPDTQYFGPG	2e-05
CDRRNVTPPKSYAVFFGKG	6.000000000000001e-05
CDRRRKGNSHPFFGPG	2e-05
CDRSFNYAEQFFGPG	4e-05
CDRVDAVTHAEQFFGPG	2e-05
CDSAIGRPNSDYTFGSG	2e-05
CDSCKSLENQDTQYFGPG	2e-05
CDSCYQANTEVFFGKG	4e-05
CDSEKCDSTKSYAVFFGKG	2e-05
CDSFTGGGTQYFGPG	4e-05
CDSIKGRRTRPPLFGEG	2e-05
CDSLRNVTPPKSYAVFFGKG	2e-05
CDSRGNQYFGPG	4e-05
CDSSAQGADTLYFGSG	2e-05
CDSSNERLFFGHG	2e-05
CDSSPTDTEVFFGKG	2e-05
CDSSRDRNTEVFFGKG	2e-05
CDSSTDTPNTEVFFGKG	2e-05
CDSSTRGPSCGNTLYFGEG	2e-05
CDSTEVFFGKG	2e-05
CDTDRNNYAEQFFGPG	6.000000000000001e-05
CDTEHEKCDSTQYFGPG	2e-05
CDTEVFFGKG	2e-05
CDTFGSG	4e-05
CDTIGEKCHSTQDTQYFGPG	2e-05
CDTIVDKGDPTQDTQYFGPG	2e-05
CDTKAEKCDPTQDTQYFGPG	2e-05
CDTKGEKCDSTQYFGPG	2e-05
CDTKVEKCDSTQDTQYFGPG	2e-05
CDTKVEKCDSTQVVCRSGNTLYFGEG	2e-05
CDTKVEKCDSTQYFGPG	2e-05
CDTKVEKCDSTSRMPSSGNTLYFGEG	2e-05
CDTKVENCDYTEVFFGKG	2e-05
CDTKVGKCDSTVEQFFGPG	2e-05
CDTQYFGPG	2e-05
CDTRAEKCDSTQYFGPG	2e-05
CDTRVEKCAYTQYFGPG	4e-05
CDTRVEKCDSTHRMPSSGNTLYFGEG	2e-05
CDTRVEKCDSTQYFGPG	4e-05
CDTRVEKCDSTSRIPSSGNTLYFGEG	2e-05
CDTRVEKCDSTSRMPSSGNTLYFGEG	4e-05
CDTRVEKWDYNQDTQYFGPG	4e-05
CDTRVENSDYTFGSG	2e-05
CDTSEVFFGKG	2e-05
CDTTEVFFGKG	4e-05
CDTTTDKRDPTQDTQYFGPG	2e-05
CDTTTDQCDPTQDTQYFGPG	2e-05
CDTTTEKCASPQDTQYFGPG	2e-05
CDTTVAKWDSTEVFFGKG	2e-05
CDTTVEKCDSTQDTQYFGPG	2e-05
CDTTVEPYEQYFGPG	2e-05
CDTVRNVTPPKSYAVFFGKG	2e-05
CDVVRNVTPPKSYAVFFGKG	2e-05
CDWGDTQYFGPG	4e-05
CDWQLYFGEG	6.000000000000001e-05
CEAQRNVTPPKSYAVFFGKG	2e-05
CEAQRNVTSPKSYAVFFGKG	2e-05
CEASWGHQDTQYFGPG	4e-05
CECVRNVTPPKSYAVFFGKG	2e-05
CEDGLLRSCVLFFGKG	2e-05
CEDPREKCDSTQYFGPG	4e-05
CEDWAGGRAETLYFGSG	2e-05
CEEAETLYFGSG	2e-05
CEECDSTKSYAVFFGKG	4e-05
CEECGSTQDTQYFGPG	2e-05
CEECYSTQYFGPG	2e-05
CEEFYTTQYFGPG	2e-05
CEELVEKCDSTQYFGPG	2e-05
CEERNVTPPKSYAVFFGKG	2e-05
CEEYEQYFGPG	2e-05
CEFKASLLYFGEG	2e-05
CEGCNQAPLFGEG	2e-05
CEGDYFGAG	2e-05
CEHSGNTLYFGEG	4e-05
CEIKRNVTPPKSYAVFFGKG	2e-05
CEKCDATQDTQYFGPG	2e-05
CEKCDPTQDTQYFGPG	2e-05
CEKCDSIEVFFGKG	2e-05
CEKCDSNQDTQYFGPG	2e-05
CEKCDSTKVVCRLPLFGEG	2e-05
CEKCDSTQPYAVFFGKG	2e-05
CEKCDSTQVVCRIPLFGEG	4e-05
CEKCDSTQVVCRLPLFGEG	2e-05
CEKCDSTQVVCRRTLYFGEG	4e-05
CEKCDYNQAPLFGEG	2e-05
CEKCKSTQVVCRLTLYFGEG	2e-05
CEKCTQPKSYAVFFGKG	2e-05
CEKCYSPKTYAVFFGKG	2e-05
CEKFDSPTSSAVFFGKG	2e-05
CEKFDYTFGSG	2e-05
CEKFYSTQYFGPG	2e-05
CEKLDTQYFGPG	2e-05
CEKRDSTQDTQYFGPG	2e-05
CEKVTPPKPYAVFFGKG	2e-05
CEKVTPPKSYAVFFGKG	2e-05
CEKYDSTQVVFGHG	2e-05
CELFSQYFGPG	6.000000000000001e-05
CELQEKCDSTQYFGPG	2e-05
CELYFGEG	2e-05
CEMKRNVTPPKSYAVFFGKG	2e-05
CEMRLHQSYAVFFGKG	2e-05
CENTEVFFGKG	2e-05
CEPCDSTQYFGPG	2e-05
CEPPPQGEKCNSTQYFGPG	4e-05
CEPREKCDSTQYFGPG	2e-05
CEQYFGPG	2e-05
CERCAETLYFGSG	2e-05
CERCASRGAPFSPFGSG	2e-05
CERCESRPVGQLYFGEG	2e-05
CERCPLYEQYFGPG	2e-05
CERERNVTPPKSYAVFFGKG	2e-05
CERHVTKNTLYFGAG	2e-05
CERIEVRRDTQYFGPG	2e-05
CERLFFGHG	2e-05
CERNATPPKPHAVFFGKG	2e-05
CERNATPPNPYAVFFGKG	2e-05
CERNATQPKSYAVFFGKG	2e-05
CERNDDPPKAFFGPG	2e-05
CERNGNTLYFGEG	2e-05
CERNMVRRTPYAVFFGKG	2e-05
CERNVTPPKSSAVFFGKG	2e-05
CERNVTPPNPYAVFFGKG	2e-05
CERNVTPPTPYAVFFGKG	4e-05
CERNVTPRKPYAVFFGKG	2e-05
CERNVTPRKSYAVFFGKG	4e-05
CERNVTPRKWYAVFFGKG	2e-05
CERNVTPRTSYAVFFGKG	4e-05
CERNVTQHKSYAVFFGKG	2e-05
CERSVTPPKPYAVFFGKG	2e-05
CERTTTPPNPYAVFFGKG	2e-05
CERTTTPPNSYAVFFGKG	2e-05
CERTVTPPKPYAVFFGKG	4e-05
CERVGDRKPEVFFGKG	2e-05
CERYATPPNPYAVFFGKG	2e-05
CERYETPPNPYAVFFGKG	2e-05
CERYITPPKPYAVFFGKG	2e-05
CESCKARGARFGPG	2e-05
CESCTGGGTEVFFGKG	2e-05
CESCTRDRDNSRLFFGKG	2e-05
CESCTVRRLFFGHG	2e-05
CESGTGRPETLYFGSG	2e-05
CESNTTPPTSYAVFFGKG	2e-05
CESRAGQTSAETLYFGSG	2e-05
CESSKGNTEVFFGKG	2e-05
CESSSVHQDTQYFGPG	2e-05
CESSTARRYPHAVFFGKG	2e-05
CESSTGRDTQYFGPG	4e-05
CESSTVRGAREQYFGPG	2e-05
CESTRTRQTYAEQFFGPG	2e-05
CESTSGLGARTQYFGPG	2e-05
CESTTEQCASTQYFGPG	2e-05
CESTTRRPNTEVFFGKG	4e-05
CESTTTGQLYFGEG	2e-05
CETCDSTQDTQYFGPG	2e-05
CETCDSTQSYAVFFGKG	2e-05
CETGGGQDTQYFGPG	2e-05
CETIEEKCDSTQYFGPG	2e-05
CETIEEKWDPTQYFGPG	4e-05
CETIEKQCDPTQYFGPG	2e-05
CETKAEQCDPTQYFGPG	2e-05
CETKGAKCVSTQYFGPG	2e-05
CETKTEKCDSTQYFGPG	2e-05
CETRLFFGHG	2e-05
CETTAAKCASTQYFGPG	2e-05
CETTAEKCAPTQDTQYFGPG	2e-05
CETTTEQCASTQDTQYFGPG	2e-05
CETTTVRCDSTQYFGPG	2e-05
CEVVRNGPPPKSYAVFFGKG	2e-05
CEWMGAEQFFGPG	2e-05
CEWRNVTQPKSYAVFFGKG	2e-05
CEYEQYFGPG	2e-05
CFEEKCASTQYFGPG	2e-05
CFGEG	2e-05
CFGPG	2e-05
CFGSG	2e-05
CFTLPFGEG	4e-05
CGAADRGRETLYFGSG	2e-05
CGAADWDYAEQFFGPG	2e-05
CGAAGGIYAEQFFGPG	2e-05
CGAAGQGEDTQYFGPG	2e-05
CGAAGSSAETLYFGSG	2e-05
CGAAGTGDTEVFFGKG	2e-05
CGAAGTGGAEQFFGPG	2e-05
CGAAGTGGAETLYFGSG	2e-05
CGAAGTLANTEVFFGKG	2e-05
CGAAQGPEVFFGKG	2e-05
CGAARDAYAEQFFGPG	4e-05
CGAARDITNSDYTFGSG	4e-05
CGAARDNYEQYFGPG	6.000000000000001e-05
CGAARGAGNTLYFGEG	2e-05
CGAARYEQYFGPG	2e-05
CGAASGQLYFGEG	2e-05
CGAATEVHSDYTFGSG	4e-05
CGACGTGGAETLYFGSG	2e-05
CGADNNERLFFGHG	2e-05
CGADNYAEQFFGPG	6.000000000000001e-05
CGADWVNQDTQYFGPG	2e-05
CGADYTFGSG	4e-05
CGAEGVNERLFFGHG	2e-05
CGAEIYGRMGENTQYFGPG	4e-05
CGAEQGSGNTLYFGEG	2e-05
CGAETASAETLYFGSG	2e-05
CGAETGGENTLYFGAG	2e-05
CGAETGSSYEQYFGPG	2e-05
CGAETLYFGSG	4e-05
CGAEVYRGSGPLYFGEG	2e-05
CGAFDRGRTEVFFGKG	2e-05
CGAFDRNTEVFFGKG	2e-05
CGAFGAG	2e-05
CGAFGEG	2e-05
CGAFGGRTYEQYFGPG	2e-05
CGAFGSAETLYFGSG	2e-05
CGAFPGQGNQAPLFGEG	2e-05
CGAFRAGQNTLYFGAG	2e-05
CGAFRDNSDYTFGSG	2e-05
CGAFRDTEVFFGKG	2e-05
CGAFRDTYAEQFFGPG	2e-05
CGAFRGGQNTLYFGAG	2e-05
CGAFRNTEVFFGKG	2e-05
CGAFSGVQDTQYFGPG	2e-05
CGAGGDNYAEQFFGPG	2e-05
CGAGGGPYAEQFFGPG	2e-05
CGAGGNYAEQFFGPG	4e-05
CGAGHNTEVFFGKG	2e-05
CGAGHTGQLYFGEG	4e-05
CGAGLGVNTGQLYFGEG	2e-05
CGAGNTLYFGEG	2e-05
CGAGPGHLSNERLFFGHG	6.000000000000001e-05
CGAGPGQLYFGEG	6.000000000000001e-05
CGAGPPANSDYTFGSG	2e-05
CGAGQFSGNTLYFGEG	2e-05
CGAGQFYAEQFFGPG	2e-05
CGAGQGAYTFGSG	4e-05
CGAGQGEDTQYFGPG	2e-05
CGAGQGNNQAPLFGEG	2e-05
CGAGQGNTGQLYFGEG	2e-05
CGAGQGPSAETLYFGSG	2e-05
CGAGQGRSTEVFFGKG	2e-05
CGAGQGSGNTLYFGEG	2e-05
CGAGQGWAETLYFGSG	2e-05
CGAGQGYEQYFGPG	2e-05
CGAGQGYTEVFFGKG	2e-05
CGAGQISAETLYFGSG	2e-05
CGAGQLQDTQYFGPG	2e-05
CGAGQLYFGEG	2e-05
CGAGQNERLFFGHG	2e-05
CGAGQYEQYFGPG	2e-05
CGAGQYNNQAPLFGEG	2e-05
CGAGRGTNERLFFGHG	2e-05
CGAGRRAETLYFGSG	4e-05
CGAGRSTNSDYTFGSG	2e-05
CGAGSLNYAEQFFGPG	2e-05
CGAGTASAETLYFGSG	2e-05
CGAGTASQNTLYFGAG	4e-05
CGAGTEHSGNTLYFGEG	2e-05
CGAGTFNQDTQYFGPG	2e-05
CGAGTFQNTLYFGAG	4e-05
CGAGTGAGNTLYFGEG	4e-05
CGAGTGEVFFGKG	2e-05
CGAGTGFNSPLYFGEG	2e-05
CGAGTGGDTQYFGPG	2e-05
CGAGTGGMEQYFGPG	2e-05
CGAGTGGNTEVFFGKG	2e-05
CGAGTGGSAETLYFGSG	4e-05
CGAGTGISGNTLYFGEG	2e-05
CGAGTGRNTLYFGEG	2e-05
CGAGTGSAETLYFGSG	8e-05
CGAGTGVGNTLYFGEG	2e-05
CGAGTGVSGNTLYFGEG	2e-05
CGAGTGYAEQFFGPG	2e-05
CGAGTGYNSPLYFGEG	2e-05
CGAGTGYQNTLYFGAG	2e-05
CGAGTGYYAEQFFGPG	2e-05
CGAGTIYEQYFGPG	2e-05
CGAGTNSDYTFGSG	4e-05
CGAGTPHTEVFFGKG	2e-05
CGAGTQNTGQLYFGEG	2e-05
CGAGTTNTEVFFGKG	2e-05
CGAGTTSAETLYFGSG	2e-05
CGAGTVAETLYFGSG	2e-05
CGAGTYAEQFFGPG	2e-05
CGAGWGLSQNTLYFGAG	2e-05
CGAGYRGRDTQYFGPG	2e-05
CGAHGTANTGQLYFGEG	4e-05
CGAHQGAGNTLYFGEG	2e-05
CGAHRDTEVFFGKG	2e-05
CGAHRGGNERLFFGHG	2e-05
CGAHSAETLYFGSG	4e-05
CGAHWASAETLYFGSG	2e-05
CGAHWGQDTQYFGPG	4e-05
CGAHWGSSQNTLYFGAG	2e-05
CGAIADPANTEVFFGKG	2e-05
CGAIAGKGGNTLYFGEG	2e-05
CGAIDSAETLYFGSG	2e-05
CGAIDWGGSPEQFFGPG	2e-05
CGAIDWGSYAEQFFGPG	2e-05
CGAIGTANTEVFFGKG	6.000000000000001e-05
CGAIKNSDYTFGSG	2e-05
CGAILGDAEQFFGPG	2e-05
CGAILWGRGTEVFFGKG	4e-05
CGAIQDTEVFFGKG	2e-05
CGAIQDTQYFGPG	2e-05
CGAIQGHSGNTLYFGEG	2e-05
CGAIQGSSAETLYFGSG	4e-05
CGAIRDIYAEQFFGPG	2e-05
CGAIRDNYAEQFFGPG	2e-05
CGAIRDREATQYFGPG	2e-05
CGAIRDRGYNNQAPLFGEG	4e-05
CGAIRGQDTQYFGPG	2e-05
CGAIRLGGSYEQYFGPG	2e-05
CGAIWGANYAEQFFGPG	2e-05
CGAIWGSDYTFGSG	2e-05
CGAIWGTETLYFGSG	2e-05
CGAKAETLYFGSG	2e-05
CGAKAGTNERLFFGHG	2e-05
CGAKDRADSPLYFGEG	2e-05
CGAKGEGTEVFFGKG	2e-05
CGAKGSAISNERLFFGHG	2e-05
CGAKHPNSDYTFGSG	2e-05
CGAKIFKQRANTEVFFGKG	4e-05
CGAKLDETLYFGSG	8e-05
CGAKLYSTGQLYFGEG	4e-05
CGAKNGGAPEQYFGPG	2e-05
CGAKNSYNSPLYFGEG	2e-05
CGAKNTGQLYFGEG	2e-05
CGAKQANTGQLYFGEG	2e-05
CGAKQGADTGQLYFGEG	2e-05
CGAKQGAEVFFGKG	4e-05
CGAKQGGDTQYFGPG	4e-05
CGAKQGGRNTEVFFGKG	2e-05
CGAKQGNQDTQYFGPG	2e-05
CGAKQGVGSDYTFGSG	4e-05
CGAKQTNSDYTFGSG	2e-05
CGAKRDRGRAPLFGEG	2e-05
CGAKRDRQNTLYFGAG	2e-05
CGAKSFRGRKDTQYFGPG	2e-05
CGAKSGGETLYFGSG	2e-05
CGAKSLHATVPLFGEG	2e-05
CGAKSQGQNQAPLFGEG	2e-05
CGAKTAGNTLYFGEG	2e-05
CGAKTANTEVFFGKG	2e-05
CGAKTANTGQLYFGEG	4e-05
CGAKTFYNSPLYFGEG	2e-05
CGAKTGFYEQYFGPG	4e-05
CGAKTGGNSDYTFGSG	2e-05
CGAKTGISAETLYFGSG	2e-05
CGAKTGPETLYFGSG	2e-05
CGAKTGSNSDYTFGSG	2e-05
CGAKTGYAEQFFGPG	2e-05
CGAKTGYTGQLYFGEG	4e-05
CGAKTNTLYFGAG	2e-05
CGAKVRETRYVFFGKG	2e-05
CGAKWGLYAEQFFGPG	2e-05
CGALAGGDTQYFGPG	2e-05
CGALDGSYNSPLYFGEG	2e-05
CGALDSSQNTLYFGAG	2e-05
CGALGLGENTLYFGAG	2e-05
CGALGQGTYEQYFGPG	2e-05
CGALGQHISNERLFFGHG	2e-05
CGALNEKCDSTQYFGPG	2e-05
CGALNNNQAPLFGEG	4e-05
CGALPGYNSPLYFGEG	2e-05
CGALQAYAEQFFGPG	4e-05
CGALQGNTGQLYFGEG	4e-05
CGALQINQDTQYFGPG	4e-05
CGALQKYEQYFGPG	2e-05
CGALQVNNQAPLFGEG	2e-05
CGALRDGERLFFGHG	2e-05
CGALRGAKDTQYFGPG	2e-05
CGALRGIGQLYFGEG	2e-05
CGALRGLAATSDVNYTFGSG	2e-05
CGALRGREVFFGKG	2e-05
CGALSGNQNTLYFGAG	2e-05
CGALSGQSNERLFFGHG	2e-05
CGALTEQDTQYFGPG	2e-05
CGALTGAVTLYFGAG	2e-05
CGALTGDSYEQYFGPG	2e-05
CGALTGSAETLYFGSG	4e-05
CGALTGYAEQFFGPG	2e-05
CGALTSAETLYFGSG	2e-05
CGALVSAETLYFGSG	2e-05
CGALWGGAETLYFGSG	4e-05
CGAMGNERLFFGHG	2e-05
CGAMGQQDTQYFGPG	6.000000000000001e-05
CGAMSSAETLYFGSG	2e-05
CGAMTGDTQYFGPG	2e-05
CGAMTGFQNTLYFGAG	2e-05
CGANANTEVFFGKG	2e-05
CGANDRQDTQYFGPG	2e-05
CGANDWGSAETLYFGSG	2e-05
CGANFDNYAEQFFGPG	2e-05
CGANGGDSDYTFGSG	6.000000000000001e-05
CGANIYTPALPVFFGKG	2e-05
CGANNRDRNTLYFGAG	2e-05
CGANPGGEQYFGPG	2e-05
CGANRDTEVFFGKG	2e-05
CGANRDWGQDTQYFGPG	2e-05
CGANRDYEQYFGPG	2e-05
CGANREGAETLYFGSG	2e-05
CGANRGEPSQNTLYFGAG	2e-05
CGANRGHTEVFFGKG	4e-05
CGANRGLDTQYFGPG	2e-05
CGANRGNTEVFFGKG	2e-05
CGANRGQDTQYFGPG	2e-05
CGANRGQNYAEQFFGPG	2e-05
CGANRGYAEQFFGPG	2e-05
CGANRNSGNTLYFGEG	2e-05
CGANWGNYAEQFFGPG	2e-05
CGANWGSAEQFFGPG	2e-05
CGAPDNSAETLYFGSG	2e-05
CGAPDRKNSDYTFGSG	2e-05
CGAPEQGSYNSPLYFGEG	2e-05
CGAPGQGKTEVFFGKG	2e-05
CGAPGQGSAETLYFGSG	2e-05
CGAPGQNYAEQFFGPG	2e-05
CGAPGTANTEVFFGKG	2e-05
CGAPPGQSPNTEVFFGKG	2e-05
CGAPQANTGQLYFGEG	4e-05
CGAPQGAETLYFGSG	2e-05
CGAPQGNNERLFFGHG	4e-05
CGAPRDNNNQAPLFGEG	2e-05
CGAPSNTGQLYFGEG	2e-05
CGAPSYEQYFGPG	2e-05
CGAPTGYEQYFGPG	2e-05
CGAQDWGPSAETLYFGSG	2e-05
CGAQGANYAEQFFGPG	2e-05
CGAQGDTEVFFGKG	2e-05
CGAQGGQNTLYFGAG	6.000000000000001e-05
CGAQGQHNSPLYFGEG	4e-05
CGAQGQLRTGQLYFGEG	2e-05
CGAQGSQNTLYFGAG	2e-05
CGAQGTNERLFFGHG	2e-05
CGAQGTRNTEVFFGKG	2e-05
CGAQIGSQNTLYFGAG	2e-05
CGAQLGASQNTLYFGAG	2e-05
CGAQNTLYFGAG	2e-05
CGAQQGANERLFFGHG	2e-05
CGAQTGGAEVFFGKG	2e-05
CGAQTGPYAEQFFGPG	2e-05
CGAQTGQNTLYFGAG	2e-05
CGAQTGRNTGQLYFGEG	2e-05
CGAQTGSQNTLYFGAG	2e-05
CGAQTVSQNTLYFGAG	2e-05
CGARAAGLGLGNTLYFGEG	2e-05
CGARAAQNTGQLYFGEG	4e-05
CGARAASNERLFFGHG	2e-05
CGARADISYEQYFGPG	2e-05
CGARADNSYEQYFGPG	4e-05
CGARADRGNTEVFFGKG	2e-05
CGARADSGNTLYFGEG	2e-05
CGARADWQDTQYFGPG	2e-05
CGARAEINERLFFGHG	2e-05
CGARAEVFFGKG	2e-05
CGARAGADTEVFFGKG	2e-05
CGARAGAEVFFGKG	2e-05
CGARAGANTEVFFGKG	2e-05
CGARAGASAETLYFGSG	2e-05
CGARAGDAETLYFGSG	2e-05
CGARAGDTQYFGPG	2e-05
CGARAGGDSDYTFGSG	2e-05
CGARAGGHAETLYFGSG	6.000000000000001e-05
CGARAGGNTEVFFGKG	6.000000000000001e-05
CGARAGGRNSPLYFGEG	2e-05
CGARAGGRYEQYFGPG	2e-05
CGARAGGTGNTLYFGAG	4e-05
CGARAGGTSAETLYFGSG	2e-05
CGARAGGYAEQFFGPG	2e-05
CGARAGGYYAEQFFGPG	4e-05
CGARAGHANTEVFFGKG	2e-05
CGARAGHANTGQLYFGEG	2e-05
CGARAGHNQDTQYFGPG	2e-05
CGARAGHNTEVFFGKG	2e-05
CGARAGKSETLYFGSG	2e-05
CGARAGNEQYFGPG	4e-05
CGARAGNNQDTQYFGPG	2e-05
CGARAGNSAETLYFGSG	2e-05
CGARAGQFSNSDYTFGSG	2e-05
CGARAGQGRAETLYFGSG	2e-05
CGARAGQGVFFGKG	4e-05
CGARAGSNSDYTFGSG	2e-05
CGARAGTGFERLFFGHG	2e-05
CGARAGTGGNYAEQFFGPG	2e-05
CGARAGTGVSERLFFGHG	2e-05
CGARAGTISYEQYFGPG	2e-05
CGARAGTNTGQLYFGEG	2e-05
CGARAGVGNTLYFGEG	2e-05
CGARAHLNTEVFFGKG	2e-05
CGARAKGSGSDYTFGSG	4e-05
CGARAKVNQDTQYFGPG	2e-05
CGARALGGYAEQFFGPG	6.000000000000001e-05
CGARALNTGQLYFGEG	2e-05
CGARAPSGNTEVFFGKG	2e-05
CGARAQGDTLYFGAG	2e-05
CGARAQGGSGNTLYFGEG	2e-05
CGARAQGNTEVFFGKG	2e-05
CGARAQGNTGQLYFGEG	6.000000000000001e-05
CGARAQNNQAPLFGEG	6.000000000000001e-05
CGARAQNTGQLYFGEG	2e-05
CGARAQTEVFFGKG	4e-05
CGARAQYEQYFGPG	2e-05
CGARAREVFFGKG	2e-05
CGARARGNTGQLYFGEG	4e-05
CGARARGREQYFGPG	2e-05
CGARARQNTLYFGAG	2e-05
CGARARTGGAEQFFGPG	2e-05
CGARARTNTGQLYFGEG	2e-05
CGARASNERLFFGHG	2e-05
CGARASSAETLYFGSG	2e-05
CGARATEEVFFGKG	2e-05
CGARATGDNQAPLFGEG	2e-05
CGARATGGHAEQFFGPG	2e-05
CGARATIYAEQFFGPG	2e-05
CGARATSQNTLYFGAG	2e-05
CGARATTNSDYTFGSG	2e-05
CGARAVQNTLYFGAG	2e-05
CGARAVTEQYFGPG	2e-05
CGARAVYEQYFGPG	2e-05
CGARAWGANYAEQFFGPG	2e-05
CGARAWGGGGAETLYFGSG	2e-05
CGARAWGGQNTLYFGAG	2e-05
CGARAYAEQFFGPG	4e-05
CGARAYNNQAPLFGEG	2e-05
CGARCWGALQDTQYFGPG	2e-05
CGARCWGVLQDTQYFGPG	2e-05
CGARDAGGGDTQYFGPG	4e-05
CGARDAGGSGNTLYFGEG	2e-05
CGARDAGNTLYFGEG	6.000000000000001e-05
CGARDAHSDYTFGSG	2e-05
CGARDAKNTLYFGAG	2e-05
CGARDASNSDYTFGSG	2e-05
CGARDAVETLYFGSG	4e-05
CGARDCDPPTITLYFGSG	2e-05
CGARDCGGENTLYFGAG	4e-05
CGARDDREGAETLYFGSG	2e-05
CGARDDRVSYEQYFGPG	4e-05
CGARDDYTFGSG	2e-05
CGARDEGSTGQLYFGEG	2e-05
CGARDERLFFGHG	2e-05
CGARDFNYAEQFFGPG	2e-05
CGARDFSNERLFFGHG	2e-05
CGARDFSSAETLYFGSG	4e-05
CGARDFSSYEQYFGPG	2e-05
CGARDGAETLYFGSG	2e-05
CGARDGAEVFFGKG	2e-05
CGARDGAGEQYFGPG	4e-05
CGARDGARGNTLYFGEG	2e-05
CGARDGDNQDTQYFGPG	4e-05
CGARDGDTQYFGPG	2e-05
CGARDGFFGPG	2e-05
CGARDGGGQDTQYFGPG	2e-05
CGARDGGGSYEQYFGPG	2e-05
CGARDGGKGNTQYFGPG	2e-05
CGARDGGQDTQYFGPG	4e-05
CGARDGGSYEQYFGPG	2e-05
CGARDGLGISAETLYFGSG	2e-05
CGARDGLTEVFFGKG	2e-05
CGARDGNSPLYFGEG	2e-05
CGARDGNTLYFGEG	2e-05
CGARDGPTEVFFGKG	2e-05
CGARDGQLYFGEG	2e-05
CGARDGQNTGQLYFGEG	2e-05
CGARDGQSYEQYFGPG	2e-05
CGARDGSAETLYFGSG	2e-05
CGARDGSNERLFFGHG	2e-05
CGARDGTDQAPLFGEG	2e-05
CGARDGTGTGNTLYFGEG	4e-05
CGARDGTKDTQYFGPG	2e-05
CGARDGTQAPLFGEG	4e-05
CGARDGTSETLYFGSG	2e-05
CGARDGTYEQYFGPG	2e-05
CGARDGWAQHNQAPLFGEG	2e-05
CGARDGWGQDTQYFGPG	2e-05
CGARDGWYEQYFGPG	4e-05
CGARDHNQAPLFGEG	2e-05
CGARDHQISNERLFFGHG	4e-05
CGARDHQKDTQYFGPG	2e-05
CGARDHRSGNTLYFGEG	2e-05
CGARDHTNYAEQFFGPG	2e-05
CGARDIANSDYTFGSG	2e-05
CGARDISQNTLYFGAG	4e-05
CGARDITNERLFFGHG	2e-05
CGARDIYAEQFFGPG	2e-05
CGARDIYNYAEQFFGPG	4e-05
CGARDKGASDYTFGSG	2e-05
CGARDKGSGNTLYFGEG	2e-05
CGARDKGSNERLFFGHG	4e-05
CGARDKNQDTQYFGPG	2e-05
CGARDKSYEQYFGPG	2e-05
CGARDLAGGDTQYFGPG	4e-05
CGARDLFSAETLYFGSG	2e-05
CGARDLGAGNTLYFGEG	2e-05
CGARDLGAYEQYFGPG	2e-05
CGARDLGGDYAEQFFGPG	2e-05
CGARDLGPDTEVFFGKG	2e-05
CGARDLGVSYEQYFGPG	2e-05
CGARDLGYSSPLYFGEG	2e-05
CGARDLNANPPKSYAVFFGKG	2e-05
CGARDLQGAGNTLYFGEG	2e-05
CGARDLQGTEVFFGKG	4e-05
CGARDLRGAYAEQFFGPG	2e-05
CGARDLRNTEVFFGKG	2e-05
CGARDLSYNSPLYFGEG	2e-05
CGARDLTGGSEQYFGPG	2e-05
CGARDLTGSDTQYFGPG	2e-05
CGARDLVSYEQYFGPG	2e-05
CGARDLYEQYFGPG	2e-05
CGARDMANTEVFFGKG	2e-05
CGARDMGKDTQYFGPG	2e-05
CGARDMTGGDTLYFGAG	2e-05
CGARDNANTEVFFGKG	2e-05
CGARDNNTEVFFGKG	6.000000000000001e-05
CGARDNNYAEQFFGPG	2e-05
CGARDNQNTLYFGAG	6.000000000000001e-05
CGARDNRAETLYFGSG	4e-05
CGARDNSAETLYFGSG	2e-05
CGARDNSDYTFGSG	2e-05
CGARDNSGNTLYFGEG	2e-05
CGARDNSYNSPLYFGEG	6.000000000000001e-05
CGARDNTKNTLYFGAG	2e-05
CGARDNTLYFGAG	2e-05
CGARDNYAEQFFGPG	6.000000000000001e-05
CGARDPANTEVFFGKG	2e-05
CGARDPDRGGEQYFGPG	2e-05
CGARDPDWQNTLYFGAG	4e-05
CGARDPGGHAEQFFGPG	2e-05
CGARDPGGRGQDTQYFGPG	2e-05
CGARDPGHEQYFGPG	4e-05
CGARDPGKAEQFFGPG	2e-05
CGARDPGNSDYTFGSG	2e-05
CGARDPGNTLYFGEG	2e-05
CGARDPGPSEVFFGKG	2e-05
CGARDPGQGNSDYTFGSG	4e-05
CGARDPGRLQDTQYFGPG	2e-05
CGARDPGTAPLFGEG	2e-05
CGARDPGTTNTEVFFGKG	2e-05
CGARDPGVNTLYFGAG	2e-05
CGARDPGWGRSSAETLYFGSG	2e-05
CGARDPISNERLFFGHG	2e-05
CGARDPNNNQAPLFGEG	2e-05
CGARDPNTQYFGPG	2e-05
CGARDPPNTEVFFGKG	2e-05
CGARDPQSSAETLYFGSG	2e-05
CGARDPRGTNTLYFGAG	2e-05
CGARDPRTGGSDYTFGSG	2e-05
CGARDPSSYEQYFGPG	2e-05
CGARDQAETLYFGSG	2e-05
CGARDQETGNTLYFGEG	2e-05
CGARDQGANERLFFGHG	2e-05
CGARDQGANSDYTFGSG	4e-05
CGARDQGANTEVFFGKG	2e-05
CGARDQGNSDYTFGSG	4e-05
CGARDQGNTEVFFGKG	4e-05
CGARDQGRGGDTQYFGPG	2e-05
CGARDQGRNSPLYFGEG	2e-05
CGARDQGSAETLYFGSG	2e-05
CGARDQGSQNTLYFGAG	2e-05
CGARDQNSDYTFGSG	2e-05
CGARDQNTLYFGAG	4e-05
CGARDQRSGNTLYFGEG	2e-05
CGARDQSSYEQYFGPG	2e-05
CGARDQSVYEQYFGPG	2e-05
CGARDRAAEQFFGPG	2e-05
CGARDRAANTEVFFGKG	4e-05
CGARDRADTEVFFGKG	2e-05
CGARDRAGGSSGNTLYFGEG	2e-05
CGARDRAGVNSDYTFGSG	2e-05
CGARDRANSDYTFGSG	4e-05
CGARDRANTEVFFGKG	2e-05
CGARDRDEQYFGPG	2e-05
CGARDRDERLFFGHG	2e-05
CGARDRDNSPLYFGEG	2e-05
CGARDRDYNSPLYFGEG	2e-05
CGARDREDTQYFGPG	2e-05
CGARDREEQYFGPG	2e-05
CGARDREGTEVFFGKG	2e-05
CGARDRGADTEVFFGKG	2e-05
CGARDRGAGDTQYFGPG	2e-05
CGARDRGASTLYFGEG	2e-05
CGARDRGDGNTLYFGEG	2e-05
CGARDRGDQDTQYFGPG	2e-05
CGARDRGDTGQLYFGEG	2e-05
CGARDRGDTQYFGPG	2e-05
CGARDRGHYAEQFFGPG	2e-05
CGARDRGLQDTQYFGPG	2e-05
CGARDRGLYAEQFFGPG	2e-05
CGARDRGNSPLYFGEG	6.000000000000001e-05
CGARDRGPLYFGSG	2e-05
CGARDRGPNSDYTFGSG	2e-05
CGARDRGQNTLYFGAG	2e-05
CGARDRGQNYAEQFFGPG	2e-05
CGARDRGQSNERLFFGHG	4e-05
CGARDRGRGNTLYFGEG	2e-05
CGARDRGRYEQYFGPG	2e-05
CGARDRGSDYTFGSG	2e-05
CGARDRGTEVFFGKG	2e-05
CGARDRGTNERLFFGHG	2e-05
CGARDRGTQKAFFGKG	4e-05
CGARDRGVRNTLYFGEG	2e-05
CGARDRGYAEQFFGPG	2e-05
CGARDRGYSGNTLYFGEG	2e-05
CGARDRINTEVFFGKG	2e-05
CGARDRKDTQYFGPG	2e-05
CGARDRKGERLFFGHG	2e-05
CGARDRKNTLYFGAG	2e-05
CGARDRLNSDYTFGSG	2e-05
CGARDRLSGNTLYFGEG	2e-05
CGARDRNQDTQYFGPG	2e-05
CGARDRNSGNTLYFGEG	2e-05
CGARDRNSPLYFGEG	2e-05
CGARDRNTEVFFGKG	4e-05
CGARDRNTGQLYFGEG	2e-05
CGARDRNTLYFGAG	2e-05
CGARDRNYAEQFFGPG	2e-05
CGARDRPYNSPLYFGEG	2e-05
CGARDRQRNTEVFFGKG	2e-05
CGARDRQVNTEVFFGKG	4e-05
CGARDRRARYFGPG	2e-05
CGARDRRDNQAPLFGEG	2e-05
CGARDRRDSDYTFGSG	6.000000000000001e-05
CGARDRRFYEQYFGPG	6.000000000000001e-05
CGARDRRNTEVFFGKG	2e-05
CGARDRRTGVYAEQFFGPG	2e-05
CGARDRSGNTLYFGEG	2e-05
CGARDRSQNTLYFGAG	2e-05
CGARDRTSGNTLYFGEG	2e-05
CGARDRTYEQYFGPG	2e-05
CGARDRVFEQYFGPG	2e-05
CGARDRVFSNERLFFGHG	2e-05
CGARDRVSNERLFFGHG	2e-05
CGARDRVTGQLYFGEG	2e-05
CGARDRYAEQFFGPG	2e-05
CGARDRYQDTQYFGPG	2e-05
CGARDSAETLYFGSG	2e-05
CGARDSANTEVFFGKG	2e-05
CGARDSANTGQLYFGEG	2e-05
CGARDSGSAETLYFGSG	2e-05
CGARDSGSYNSPLYFGEG	2e-05
CGARDSGTGDAETLYFGSG	2e-05
CGARDSLEQYFGPG	2e-05
CGARDSNSPLYFGEG	2e-05
CGARDSPAQAPLFGEG	2e-05
CGARDSPGNTLYFGEG	2e-05
CGARDSQDTQYFGPG	2e-05
CGARDSQNQDTQYFGPG	2e-05
CGARDSQNSDYTFGSG	2e-05
CGARDSQNTLYFGAG	2e-05
CGARDSQTYEQYFGPG	2e-05
CGARDSSSYEQYFGPG	2e-05
CGARDSSYNSPLYFGEG	2e-05
CGARDSTGQLYFGEG	4e-05
CGARDSTGSSQNTLYFGAG	2e-05
CGARDSWDEQYFGPG	2e-05
CGARDSYNSTLYFGEG	2e-05
CGARDTGGRDTQYFGPG	2e-05
CGARDTGGREQYFGPG	2e-05
CGARDTGQLYFGEG	4e-05
CGARDTGSAETLYFGSG	2e-05
CGARDTGYEQYFGPG	2e-05
CGARDTGYNSPLYFGEG	2e-05
CGARDTISNERLFFGHG	2e-05
CGARDTQANTGQLYFGEG	2e-05
CGARDTQNSDYTFGSG	2e-05
CGARDTSNSDYTFGSG	4e-05
CGARDTSYNSPLYFGEG	2e-05
CGARDTTANSDYTFGSG	2e-05
CGARDTTGQNTLYFGAG	2e-05
CGARDTTNSDYTFGSG	2e-05
CGARDTTYISPLYFGEG	2e-05
CGARDTVNTLYFGAG	2e-05
CGARDTYYAEQFFGPG	2e-05
CGARDVETLYFGSG	2e-05
CGARDVGGSAEQFFGPG	6.000000000000001e-05
CGARDVGSGNTLYFGEG	2e-05
CGARDVQGNTLYFGAG	2e-05
CGARDVTGAPEVFFGKG	2e-05
CGARDVTGDPEVFFGKG	2e-05
CGARDVTPLFGEG	4e-05
CGARDWAQNTLYFGAG	2e-05
CGARDWASAETLYFGSG	4e-05
CGARDWASSYEQYFGPG	2e-05
CGARDWDNYAEQFFGPG	4e-05
CGARDWDQDTQYFGPG	2e-05
CGARDWEGQDTQYFGPG	2e-05
CGARDWESSYEQYFGPG	4e-05
CGARDWEYEQYFGPG	2e-05
CGARDWGADEQYFGPG	4e-05
CGARDWGAETLYFGSG	4e-05
CGARDWGAQNTLYFGAG	2e-05
CGARDWGASAETLYFGSG	2e-05
CGARDWGASETLYFGSG	2e-05
CGARDWGDEQYFGPG	2e-05
CGARDWGENYEQYFGPG	2e-05
CGARDWGERLFFGHG	2e-05
CGARDWGFQDTQYFGPG	2e-05
CGARDWGGADEQYFGPG	2e-05
CGARDWGGADTLYFGAG	2e-05
CGARDWGGADYAEQFFGPG	2e-05
CGARDWGGAETLYFGSG	2e-05
CGARDWGGAREQYFGPG	4e-05
CGARDWGGAYEQYFGPG	2e-05
CGARDWGGEQYFGPG	2e-05
CGARDWGGETLYFGSG	2e-05
CGARDWGGGTQYFGPG	2e-05
CGARDWGGNYAEQFFGPG	2e-05
CGARDWGGPSAETLYFGSG	2e-05
CGARDWGGRQNTLYFGAG	2e-05
CGARDWGGSETLYFGSG	2e-05
CGARDWGGVNTLYFGAG	4e-05
CGARDWGGVQDNQAPLFGEG	2e-05
CGARDWGGVYEQYFGPG	4e-05
CGARDWGGYEQYFGPG	2e-05
CGARDWGINTLYFGAG	2e-05
CGARDWGLDTQYFGPG	2e-05
CGARDWGLNQDTQYFGPG	2e-05
CGARDWGNTLYFGAG	4e-05
CGARDWGNYAEQFFGPG	2e-05
CGARDWGQGNERLFFGHG	2e-05
CGARDWGREETLYFGSG	2e-05
CGARDWGSAETLYFGSG	2e-05
CGARDWGSQNTLYFGAG	2e-05
CGARDWGSTEVFFGKG	2e-05
CGARDWGSVYEQYFGPG	2e-05
CGARDWGSYAEQFFGPG	2e-05
CGARDWGTPANSDYTFGSG	2e-05
CGARDWGTQNTLYFGAG	2e-05
CGARDWGTRTQLYFGSG	4e-05
CGARDWGTSAETLYFGSG	2e-05
CGARDWGVAETLYFGSG	2e-05
CGARDWGVQNTLYFGAG	4e-05
CGARDWGVSYEQYFGPG	2e-05
CGARDWGVVDTQYFGPG	2e-05
CGARDWHLNTEVFFGKG	2e-05
CGARDWPQDTQYFGPG	2e-05
CGARDWSQDTQYFGPG	2e-05
CGARDWSQNTLYFGAG	2e-05
CGARDWTSAETLYFGSG	2e-05
CGARDWTTAETLYFGSG	4e-05
CGARDWVYAEQFFGPG	2e-05
CGARDWYEQYFGPG	2e-05
CGAREAGGQDTQYFGPG	2e-05
CGAREAGHYAEQFFGPG	2e-05
CGAREAGKDTQYFGPG	2e-05
CGAREAGNDTQYFGPG	2e-05
CGAREAGRSDYTFGSG	2e-05
CGAREAGSGNTLYFGEG	2e-05
CGAREAGSSYEQYFGPG	2e-05
CGAREAGTAEVFFGKG	2e-05
CGAREANSDYTFGSG	2e-05
CGAREAVSHNPLHFGPG	4e-05
CGAREDGNSDYTFGSG	2e-05
CGAREDNQAPLFGEG	2e-05
CGAREDNSAETLYFGSG	4e-05
CGAREDSYEQYFGPG	2e-05
CGAREDTNSDYTFGSG	4e-05
CGAREEEVFFGKG	2e-05
CGAREEGNYNSPLYFGEG	2e-05
CGAREENSPLYFGEG	2e-05
CGAREERSGNTLYFGEG	4e-05
CGAREEVYFGEG	2e-05
CGAREFFGPG	2e-05
CGAREGADTGQLYFGEG	2e-05
CGAREGAEVFFGKG	4e-05
CGAREGASAETLYFGSG	2e-05
CGAREGDERLFFGHG	4e-05
CGAREGDYNSPLYFGEG	2e-05
CGAREGERALFFGKG	4e-05
CGAREGFSYEQYFGPG	2e-05
CGAREGGGDTQYFGPG	2e-05
CGAREGGNSDYTFGSG	2e-05
CGAREGGNYAEQFFGPG	4e-05
CGAREGGQDTQYFGPG	2e-05
CGAREGGQEKNFGSG	2e-05
CGAREGGQNTLYFGAG	2e-05
CGAREGGRDERLFFGHG	2e-05
CGAREGGRGNTLYFGEG	6.000000000000001e-05
CGAREGGRNTLYFGAG	2e-05
CGAREGGVDTEVFFGKG	2e-05
CGAREGHGNTLYFGEG	4e-05
CGAREGLGDTQYFGPG	6.000000000000001e-05
CGAREGLNTGQLYFGEG	2e-05
CGAREGNAETLYFGSG	2e-05
CGAREGNSDYTFGSG	4e-05
CGAREGNTLYFGEG	2e-05
CGAREGNYAEQFFGPG	2e-05
CGAREGPDTQYFGPG	2e-05
CGAREGPTEVFFGKG	4e-05
CGAREGQGDNSPLYFGEG	2e-05
CGAREGQGGQYFGPG	2e-05
CGAREGQGNSDYTFGSG	2e-05
CGAREGQGYEQYFGPG	2e-05
CGAREGQKNTLYFGAG	2e-05
CGAREGQKSQNTLYFGAG	4e-05
CGAREGQNERLFFGHG	6.000000000000001e-05
CGAREGQNTGQLYFGEG	2e-05
CGAREGQRNTEVFFGKG	2e-05
CGAREGQSNERLFFGHG	2e-05
CGAREGQTSAETLYFGSG	2e-05
CGAREGRENTLYFGAG	6.000000000000001e-05
CGAREGSAETLYFGSG	2e-05
CGAREGSGNTLYFGEG	2e-05
CGAREGSQDTQYFGPG	2e-05
CGAREGSSAETLYFGSG	2e-05
CGAREGSSPLYFGEG	2e-05
CGAREGTEVFFGKG	6.000000000000001e-05
CGAREGTGGAETLYFGSG	2e-05
CGAREGTGGEQYFGPG	2e-05
CGAREGTGVDTQYFGPG	2e-05
CGAREGTIYEQYFGPG	2e-05
CGAREGTNQAPLFGEG	2e-05
CGAREGTNQDTQYFGPG	4e-05
CGAREGTQNTLYFGAG	2e-05
CGAREGTSDYTFGSG	2e-05
CGAREGVSNERLFFGHG	2e-05
CGAREGYNNQAPLFGEG	2e-05
CGAREGYSDYTFGSG	2e-05
CGAREHANSDYTFGSG	2e-05
CGAREHLYNSPLYFGEG	2e-05
CGAREHYNNQAPLFGEG	2e-05
CGAREIIAKCDYTFGSG	2e-05
CGAREISCEEDDTTLYFGEG	4e-05
CGAREKCDPPKSYAVFFGKG	2e-05
CGAREKCDSTQYFGPG	2e-05
CGAREKCYAEQFFGPG	4e-05
CGAREKDTQYFGPG	2e-05
CGARELGDEQYFGPG	2e-05
CGARELGGRDAETLYFGSG	2e-05
CGARENSGNTLYFGEG	2e-05
CGARENYEQYFGPG	2e-05
CGAREPGGTYTFGSG	2e-05
CGAREPQDTQYFGPG	2e-05
CGAREPQNTEVFFGKG	2e-05
CGAREQGEVFFGKG	2e-05
CGAREQGQNTLYFGAG	2e-05
CGAREQGRDEQFFGPG	2e-05
CGAREQGTEVFFGKG	2e-05
CGAREQGYEQYFGPG	2e-05
CGAREQNSPLYFGEG	2e-05
CGAREQSNTEVFFGKG	2e-05
CGAREQTNTEVFFGKG	4e-05
CGAREQYSDYTFGSG	2e-05
CGARERANERLFFGHG	2e-05
CGARERANTEVFFGKG	2e-05
CGARERENTLYFGAG	2e-05
CGARERGGPNERLFFGHG	2e-05
CGARERGNSDYTFGSG	4e-05
CGARERGRQDTQYFGPG	4e-05
CGARERGRSYEQYFGPG	4e-05
CGARERGSAETLYFGSG	2e-05
CGARERGVQDTQYFGPG	2e-05
CGARERHNTGQLYFGEG	2e-05
CGARERKQNTLYFGAG	2e-05
CGARERTTGQLYFGEG	2e-05
CGARERVGNTLYFGEG	2e-05
CGARERVQDTQYFGPG	4e-05
CGARERYEQYFGPG	2e-05
CGARESGRNQAPLFGEG	2e-05
CGARESQNTLYFGAG	2e-05
CGARESRDGAPLFGEG	2e-05
CGARESTEVFFGKG	2e-05
CGARETAETLYFGSG	2e-05
CGARETAGQNTLYFGAG	2e-05
CGARETDAEQFFGPG	2e-05
CGARETEYNERLFFGHG	2e-05
CGARETGEVFFGKG	4e-05
CGARETGGSAETLYFGSG	2e-05
CGARETGGYAEQFFGPG	2e-05
CGARETGNSDYTFGSG	2e-05
CGARETGNYAEQFFGPG	2e-05
CGARETGQNTLYFGAG	2e-05
CGARETNSAEQFFGPG	4e-05
CGARETNSDYTFGSG	4e-05
CGARETPSAETLYFGSG	2e-05
CGARETSNERLFFGHG	2e-05
CGARETSNTEVFFGKG	2e-05
CGARETTEVFFGKG	6.000000000000001e-05
CGARETTNSDYTFGSG	4e-05
CGARETVTEVFFGKG	2e-05
CGARETYEQYFGPG	4e-05
CGAREVGANSDYTFGSG	2e-05
CGAREVGGYAEQFFGPG	2e-05
CGAREVNSGNTLYFGEG	2e-05
CGAREVTANSDYTFGSG	2e-05
CGAREWANTGQLYFGEG	2e-05
CGAREWGGAETLYFGSG	2e-05
CGAREWGGAVEQYFGPG	6.000000000000001e-05
CGAREWGGRMAETLYFGSG	4e-05
CGAREWGGSAETLYFGSG	2e-05
CGAREWGNQDTQYFGPG	2e-05
CGAREWGQDTQYFGPG	2e-05
CGAREWGQGAYEQYFGPG	2e-05
CGAREWGRPCRETLYFGSG	2e-05
CGAREWGSAETLYFGSG	2e-05
CGAREWGVSNERLFFGHG	2e-05
CGAREWQTYEQYFGPG	2e-05
CGAREWTGDSDYTFGSG	4e-05
CGAREYNSPLYFGEG	2e-05
CGAREYTEVFFGKG	2e-05
CGARFDANTEVFFGKG	2e-05
CGARFGGNSDYTFGSG	2e-05
CGARFRVDTQYFGPG	2e-05
CGARGAANSDYTFGSG	2e-05
CGARGAGEQYFGPG	2e-05
CGARGAGGAETLYFGSG	2e-05
CGARGANTEVFFGKG	2e-05
CGARGASSDYTFGSG	4e-05
CGARGASSYEQYFGPG	2e-05
CGARGASYEQYFGPG	4e-05
CGARGATYAEQFFGPG	2e-05
CGARGAVNTLYFGAG	2e-05
CGARGDIYAEQFFGPG	2e-05
CGARGDQDTQYFGPG	2e-05
CGARGDRGGVFFGKG	4e-05
CGARGDRGHSDYTFGSG	2e-05
CGARGDRGRGEVFFGKG	2e-05
CGARGDRGSGNTLYFGEG	2e-05
CGARGDRNAEQFFGPG	2e-05
CGARGDRNTEVFFGKG	2e-05
CGARGDRVFFGKG	2e-05
CGARGDRYAEQFFGPG	2e-05
CGARGDTEVFFGKG	2e-05
CGARGDTPETLYFGSG	4e-05
CGARGDTYAEQFFGPG	2e-05
CGARGDWGGEQYFGPG	2e-05
CGARGDWGNTLYFGAG	4e-05
CGARGDYEQYFGPG	2e-05
CGARGEGCAEQFFGPG	2e-05
CGARGEGNTLYFGAG	2e-05
CGARGEQYFGPG	4e-05
CGARGERLFFGHG	2e-05
CGARGETGRALSGNTLYFGEG	4e-05
CGARGFSNERLFFGHG	2e-05
CGARGFTEVFFGKG	2e-05
CGARGGAETLYFGSG	4e-05
CGARGGAEVFFGKG	2e-05
CGARGGAGNTLYFGEG	2e-05
CGARGGASDYTFGSG	2e-05
CGARGGDETQYFGPG	2e-05
CGARGGDQNTLYFGAG	2e-05
CGARGGEGERLFFGHG	4e-05
CGARGGERTEVFFGKG	4e-05
CGARGGGAYEQYFGPG	4e-05
CGARGGGGVGVFFGEG	2e-05
CGARGGGGVYFGAG	2e-05
CGARGGGKDTQYFGPG	2e-05
CGARGGGLSNERLFFGHG	2e-05
CGARGGGNQAPLFGEG	2e-05
CGARGGGPLYFGEG	2e-05
CGARGGGSAETLYFGSG	2e-05
CGARGGGSQKTFYFGEG	2e-05
CGARGGGVDEQYFGPG	2e-05
CGARGGGWGLFFGEG	2e-05
CGARGGIVAEQFFGPG	2e-05
CGARGGKEQYFGPG	2e-05
CGARGGLYAEQFFGPG	2e-05
CGARGGNGDTLYFGAG	2e-05
CGARGGNQDTQYFGPG	2e-05
CGARGGNSDYTFGSG	2e-05
CGARGGNYAEQFFGPG	2e-05
CGARGGQPYEQYFGPG	4e-05
CGARGGRAETLYFGSG	4e-05
CGARGGRSNERLFFGHG	2e-05
CGARGGSGNTLYFGEG	2e-05
CGARGGSQNTLYFGAG	4e-05
CGARGGSTEVFFGKG	4e-05
CGARGGTYEQYFGPG	2e-05
CGARGGWAEQFFGPG	2e-05
CGARGGYTLYFGAG	4e-05
CGARGHANSDYTFGSG	2e-05
CGARGHLYAEQFFGPG	2e-05
CGARGHPNTEVFFGKG	2e-05
CGARGHSLDNQDTQYFGPG	2e-05
CGARGKQGITFGSG	2e-05
CGARGLAETLYFGSG	2e-05
CGARGLETPPTSYAVFFGKG	2e-05
CGARGLGDTQYFGPG	2e-05
CGARGLGGRIQNTLYFGAG	4e-05
CGARGLGSAETLYFGSG	2e-05
CGARGLGSSQNTLYFGAG	2e-05
CGARGLGVSQNTLYFGAG	4e-05
CGARGLNERLFFGHG	2e-05
CGARGLQNTLYFGAG	4e-05
CGARGLRNWQLYFGEG	4e-05
CGARGLYTLYFGAG	2e-05
CGARGMGNTLYFGAG	2e-05
CGARGNNERLFFGHG	2e-05
CGARGNSAETLYFGSG	2e-05
CGARGNSYEQYFGPG	2e-05
CGARGPNERLFFGHG	4e-05
CGARGPSDTQYFGPG	2e-05
CGARGPSDYTFGSG	2e-05
CGARGPSYNSPLYFGEG	2e-05
CGARGPTVSGNTLYFGEG	2e-05
CGARGPYAEQFFGPG	4e-05
CGARGQANERLFFGHG	2e-05
CGARGQAPLFGEG	4e-05
CGARGQFYEQYFGPG	2e-05
CGARGQGAETLYFGSG	2e-05
CGARGQGALYFGAG	2e-05
CGARGQGDEQYFGPG	2e-05
CGARGQGGEQYFGPG	2e-05
CGARGQGNQAPLFGEG	2e-05
CGARGQGNYAEQFFGPG	2e-05
CGARGQGQDTQYFGPG	2e-05
CGARGQGQNTLYFGAG	2e-05
CGARGQGREQYFGPG	2e-05
CGARGQGTLYFGSG	2e-05
CGARGQGTSQNTLYFGAG	2e-05
CGARGQGVFFGKG	2e-05
CGARGQGYSDYTFGSG	2e-05
CGARGQNAEQFFGPG	2e-05
CGARGQNERLFFGHG	2e-05
CGARGQNNQAPLFGEG	4e-05
CGARGQNQAPLFGEG	4e-05
CGARGQNSDYTFGSG	2e-05
CGARGQNTGQLYFGEG	2e-05
CGARGQNTLYFGAG	2e-05
CGARGQPNTGQLYFGEG	4e-05
CGARGQSGNTLYFGEG	2e-05
CGARGQSQNTLYFGAG	2e-05
CGARGQSSDYTFGSG	2e-05
CGARGQTNSDYTFGSG	2e-05
CGARGQVEQYFGPG	2e-05
CGARGQVNTEVFFGKG	2e-05
CGARGQYNNQAPLFGEG	4e-05
CGARGQYNSPLYFGEG	4e-05
CGARGQYTGQLYFGEG	2e-05
CGARGRAEQYFGPG	2e-05
CGARGRAQNTEVFFGKG	2e-05
CGARGRDGDYTFGSG	2e-05
CGARGRDNNERLFFGHG	4e-05
CGARGRDWGLQDTQYFGPG	2e-05
CGARGREQYFGPG	2e-05
CGARGRGDPEVFFGKG	2e-05
CGARGRGGGKLFFGHG	2e-05
CGARGRGREQYFGPG	2e-05
CGARGRNTEVFFGKG	2e-05
CGARGRNYAEQFFGPG	2e-05
CGARGRQDTQYFGPG	2e-05
CGARGRRQYYAEQFFGPG	2e-05
CGARGSGQSNSDYTFGSG	2e-05
CGARGSPNSAETLYFGSG	2e-05
CGARGSSYNSPLYFGEG	2e-05
CGARGSYNSALYFGEG	2e-05
CGARGSYNSQLYFGEG	4e-05
CGARGTAETLYFGSG	2e-05
CGARGTDYNSPLYFGEG	2e-05
CGARGTGAETLYFGSG	2e-05
CGARGTGAGNTLYFGEG	2e-05
CGARGTGDGNTLYFGEG	2e-05
CGARGTGDTEVFFGKG	2e-05
CGARGTGGADTLYFGAG	2e-05
CGARGTGGAGEQYFGPG	2e-05
CGARGTGGANERLFFGHG	2e-05
CGARGTGGEVFFGKG	4e-05
CGARGTGKDTEVFFGKG	2e-05
CGARGTGPGNTLYFGEG	2e-05
CGARGTGPGSGNRLYFGSG	2e-05
CGARGTGSGNTLYFGEG	2e-05
CGARGTGSNERLFFGHG	2e-05
CGARGTGTSAETLYFGSG	4e-05
CGARGTGVGNTLYFGEG	2e-05
CGARGTGVSAETLYFGSG	2e-05
CGARGTGVTEVFFGKG	4e-05
CGARGTGWGNTLYFGEG	2e-05
CGARGTGYGTEVFFGKG	2e-05
CGARGTGYNSPLYFGEG	2e-05
CGARGTNSDYTFGSG	2e-05
CGARGTPNTEVFFGKG	4e-05
CGARGTSETLYFGSG	2e-05
CGARGTSSGNTLYFGEG	2e-05
CGARGTTNSDYTFGSG	2e-05
CGARGTVNQAPLFGEG	2e-05
CGARGVANTEVFFGKG	2e-05
CGARGVNNQAPLFGEG	4e-05
CGARGVQDQYFGPG	2e-05
CGARGVQGQYFGPG	6.000000000000001e-05
CGARGVQNTLYFGAG	2e-05
CGARGVYAEQFFGPG	2e-05
CGARGWGAKNTLYFGAG	2e-05
CGARGWGFFAETLYFGSG	2e-05
CGARGWGGDEQYFGPG	2e-05
CGARGWGGFEQYFGPG	2e-05
CGARGWGGNYAEQFFGPG	2e-05
CGARGWGVADAETLYFGSG	4e-05
CGARGWGVAYAETLYFGSG	2e-05
CGARGWGVYAEQFFGPG	2e-05
CGARGWSYAEQFFGPG	2e-05
CGARGWWVVFGEG	4e-05
CGARGYAPGAREQYFGPG	4e-05
CGARGYNWGYEQYFGPG	2e-05
CGARHANTEVFFGKG	2e-05
CGARHEQYFGPG	2e-05
CGARHHSGNTLYFGEG	2e-05
CGARHINTGQLYFGEG	2e-05
CGARHKNSDYTFGSG	2e-05
CGARHMWDTQYFGPG	4e-05
CGARHNNQAPLFGEG	2e-05
CGARHNQAPLFGEG	4e-05
CGARHPANTEVFFGKG	2e-05
CGARHPGQDTQYFGPG	2e-05
CGARHPPAEQFFGPG	2e-05
CGARHSAETLYFGSG	2e-05
CGARHVNQDTQYFGPG	2e-05
CGARHWGGAETLYFGSG	4e-05
CGARHWGGYEQYFGPG	2e-05
CGARHWGKNTLYFGAG	2e-05
CGARHWRVEQYFGPG	2e-05
CGARIAAQDTQYFGPG	2e-05
CGARIANSDYTFGSG	2e-05
CGARIDDTQYFGPG	2e-05
CGARIFNQDTQYFGPG	2e-05
CGARIHKHTLYFGAG	4e-05
CGARIHNKTNSDYTFGSG	2e-05
CGARIHNPAMPDYTFGSG	2e-05
CGARINSNQAPLFGEG	2e-05
CGARIQNTLYFGAG	2e-05
CGARIQSLANQDTQYFGPG	4e-05
CGARIRQAAGNTLYFGEG	2e-05
CGARISNRTVAQFFGPG	2e-05
CGARIWGNQDTQYFGPG	2e-05
CGARIYFRKGNYAEQFFGPG	2e-05
CGARKAGEGDTQYFGPG	2e-05
CGARKDFSAETLYFGSG	2e-05
CGARKDTQYFGPG	2e-05
CGARKDWGGAETLYFGSG	4e-05
CGARKGAGNTLYFGEG	4e-05
CGARKGAREQYFGPG	2e-05
CGARKGGVDTQYFGPG	2e-05
CGARKGNTLYFGEG	2e-05
CGARKGRGREQYFGPG	2e-05
CGARKGSGNTLYFGEG	2e-05
CGARKGSQNTLYFGAG	4e-05
CGARKHTQYFGPG	2e-05
CGARKIIRCPQYFGPG	2e-05
CGARKISYEQYFGPG	4e-05
CGARKLGNQDTQYFGPG	2e-05
CGARKNTLYFGEG	2e-05
CGARKQGDEQYFGPG	2e-05
CGARKQTNTEVFFGKG	2e-05
CGARKQVANTEVFFGKG	2e-05
CGARKSQNTLYFGAG	4e-05
CGARKSSGNTLYFGEG	2e-05
CGARKTGNSDYTFGSG	2e-05
CGARKVRGSSAETLYFGSG	2e-05
CGARKVSNERLFFGHG	2e-05
CGARLDNYAEQFFGPG	6.000000000000001e-05
CGARLDRGETLYFGSG	2e-05
CGARLGASAETLYFGSG	4e-05
CGARLGDYAEQFFGPG	2e-05
CGARLGFSAETLYFGSG	2e-05
CGARLGGDEQYFGPG	2e-05
CGARLGGQDTQYFGPG	2e-05
CGARLGGRAEQFFGPG	4e-05
CGARLGGRDTQYFGPG	2e-05
CGARLGGSQNTLYFGAG	2e-05
CGARLGGYEQYFGPG	2e-05
CGARLGGYQDTQYFGPG	2e-05
CGARLGNQDTQYFGPG	2e-05
CGARLGQDTQYFGPG	2e-05
CGARLGRSYEQYFGPG	2e-05
CGARLGSNQDTQYFGPG	2e-05
CGARLGTGAETLYFGSG	2e-05
CGARLGTGQLYFGEG	2e-05
CGARLGVSSYEQYFGPG	2e-05
CGARLGVYEQYFGPG	2e-05
CGARLNSDYTFGSG	2e-05
CGARLNSGNTLYFGEG	2e-05
CGARLSNTGQLYFGEG	4e-05
CGARLSPRNSPLYFGEG	2e-05
CGARLSSGQDTQYFGPG	2e-05
CGARLYFGEG	2e-05
CGARLYFGSG	2e-05
CGARMDRADYTFGSG	2e-05
CGARMGGHEQYFGPG	2e-05
CGARMGGRDTQYFGPG	2e-05
CGARMGNERLFFGHG	2e-05
CGARMGNNSPLYFGEG	2e-05
CGARMGSAETLYFGSG	2e-05
CGARMGYAEQFFGPG	2e-05
CGARMGYEQYFGPG	2e-05
CGARMKNTEVFFGKG	2e-05
CGARMLNTEVFFGKG	2e-05
CGARMTGGNQDTQYFGPG	2e-05
CGARNGGGYAEQFFGPG	2e-05
CGARNGISGNTLYFGEG	2e-05
CGARNQDTQYFGPG	4e-05
CGARNRGPNSDYTFGSG	2e-05
CGARNRGRGTEVFFGKG	2e-05
CGARNRGYEQYFGPG	2e-05
CGARNSAETLYFGSG	2e-05
CGARNSQNTLYFGAG	2e-05
CGARNSSGNTLYFGEG	2e-05
CGARNSYNYAEQFFGPG	2e-05
CGARNTLYFGEG	2e-05
CGARNTTGRDNQAPLFGEG	2e-05
CGARNVNPHNSYAVFFGKG	4e-05
CGARNWGAQNTLYFGAG	2e-05
CGARNWGDQDTQYFGPG	2e-05
CGARNWGSAETLYFGSG	2e-05
CGARNWGVYNYAEQFFGPG	4e-05
CGARPDIANTEVFFGKG	4e-05
CGARPDNSYEQYFGPG	4e-05
CGARPDSYAEQFFGPG	4e-05
CGARPDYAEQFFGPG	4e-05
CGARPGDQDTQYFGPG	2e-05
CGARPGDYAEQFFGPG	2e-05
CGARPGFYEQYFGPG	2e-05
CGARPGGAETLYFGSG	2e-05
CGARPGGALAEQFFGPG	2e-05
CGARPGGPNERLFFGHG	2e-05
CGARPGGTEQFFGPG	2e-05
CGARPGHLNSDYTFGSG	2e-05
CGARPGISNERLFFGHG	4e-05
CGARPGKGYAEQFFGPG	2e-05
CGARPGLSNERLFFGHG	2e-05
CGARPGPNYAEQFFGPG	2e-05
CGARPGQDNTEVFFGKG	2e-05
CGARPGQGRNTLYFGEG	2e-05
CGARPGQNERLFFGHG	2e-05
CGARPGQNTLYFGAG	4e-05
CGARPGSAETLYFGSG	2e-05
CGARPGTGDSGNTLYFGEG	2e-05
CGARPGTGWSDYTFGSG	4e-05
CGARPGVYEQYFGPG	2e-05
CGARPGYAEQFFGPG	2e-05
CGARPKNTEVFFGKG	2e-05
CGARPLQNTLYFGAG	6.000000000000001e-05
CGARPNSDYTFGSG	4e-05
CGARPRDWGNYAEQFFGPG	2e-05
CGARPRGSEVFFGKG	4e-05
CGARPSNTEVFFGKG	2e-05
CGARPSYNSPLYFGEG	2e-05
CGARPTDNSPLYFGEG	4e-05
CGARPTSSAETLYFGSG	2e-05
CGARPVNTEVFFGKG	2e-05
CGARPWGFEQYFGPG	4e-05
CGARPYKDTQYFGPG	2e-05
CGARQADNYAEQFFGPG	2e-05
CGARQAGGAAEQFFGPG	2e-05
CGARQANTEVFFGKG	2e-05
CGARQDNTEVFFGKG	2e-05
CGARQDTQYFGPG	2e-05
CGARQEGDTEVFFGKG	2e-05
CGARQENTLYFGAG	2e-05
CGARQFFGPG	6.000000000000001e-05
CGARQGAAETLYFGSG	2e-05
CGARQGADSDYTFGSG	2e-05
CGARQGAEETLYFGSG	2e-05
CGARQGAGNTLYFGEG	2e-05
CGARQGAMAEQFFGPG	2e-05
CGARQGANTLYFGAG	2e-05
CGARQGAPAETLYFGSG	2e-05
CGARQGARAETLYFGSG	2e-05
CGARQGAREQYFGPG	2e-05
CGARQGASGNTLYFGEG	2e-05
CGARQGDQDTQYFGPG	2e-05
CGARQGEDTQYFGPG	2e-05
CGARQGEPTGQLYFGEG	2e-05
CGARQGETEVFFGKG	4e-05
CGARQGFNQDTQYFGPG	4e-05
CGARQGGAETLYFGSG	2e-05
CGARQGGGTEVFFGKG	2e-05
CGARQGGNTEVFFGKG	2e-05
CGARQGGTEVFFGKG	4e-05
CGARQGGTLYFGAG	2e-05
CGARQGGYAEQFFGPG	2e-05
CGARQGISNERLFFGHG	2e-05
CGARQGLRNSPLYFGEG	2e-05
CGARQGLSNERLFFGHG	2e-05
CGARQGLYAEQFFGPG	4e-05
CGARQGMGQDTQYFGPG	2e-05
CGARQGNAEQFFGPG	2e-05
CGARQGNNSPLYFGEG	2e-05
CGARQGNQDTQYFGPG	2e-05
CGARQGNYAEQFFGPG	2e-05
CGARQGPYNSPLYFGEG	2e-05
CGARQGRDNERLFFGHG	2e-05
CGARQGREQYFGPG	2e-05
CGARQGRGGNTLYFGEG	2e-05
CGARQGRGNTLYFGAG	4e-05
CGARQGRKDTQYFGPG	4e-05
CGARQGRNTEVFFGKG	2e-05
CGARQGRQDTQYFGPG	2e-05
CGARQGSDYTFGSG	2e-05
CGARQGSGNTLYFGEG	2e-05
CGARQGSNTGQLYFGEG	2e-05
CGARQGSYEQYFGPG	2e-05
CGARQGTEVFFGKG	2e-05
CGARQGTNTEVFFGKG	2e-05
CGARQGTTEVFFGKG	4e-05
CGARQGVAETLYFGSG	2e-05
CGARQGVNSDYTFGSG	2e-05
CGARQGWYAEQFFGPG	2e-05
CGARQGYAEQFFGPG	2e-05
CGARQGYNSPLYFGEG	2e-05
CGARQGYSDYTFGSG	2e-05
CGARQGYTEVFFGKG	2e-05
CGARQHNTEVFFGKG	2e-05
CGARQISNERLFFGHG	2e-05
CGARQKEVFFGKG	4e-05
CGARQKPSAETLYFGSG	4e-05
CGARQLSGNTLYFGEG	4e-05
CGARQLYNSPLYFGEG	2e-05
CGARQNERLFFGHG	2e-05
CGARQNQDTQYFGPG	4e-05
CGARQNSYNSPLYFGEG	2e-05
CGARQNYAEQFFGPG	2e-05
CGARQRLQDTQYFGPG	2e-05
CGARQSNERLFFGHG	2e-05
CGARQSYNSPLYFGEG	2e-05
CGARQTGGTETLYFGSG	2e-05
CGARQVETLYFGSG	2e-05
CGARQYNNQAPLFGEG	2e-05
CGARRAGGRNTEVFFGKG	2e-05
CGARRAGHSDYTFGSG	4e-05
CGARRDIANTEVFFGKG	2e-05
CGARRDKNTEVFFGKG	2e-05
CGARRDRAHSDYTFGSG	2e-05
CGARRDRGSGNTLYFGEG	2e-05
CGARRDRGYTQYFGPG	4e-05
CGARRDRLFFGHG	4e-05
CGARRDRNTEVFFGKG	2e-05
CGARRDRRSERLFFGHG	4e-05
CGARRDRYAEQFFGPG	6.000000000000001e-05
CGARRDSDYTFGSG	2e-05
CGARRDSSAETLYFGSG	2e-05
CGARRDTNYAEQFFGPG	2e-05
CGARRDTSAETLYFGSG	2e-05
CGARRDWGPTETLYFGSG	6.000000000000001e-05
CGARRDWGSYEQYFGPG	4e-05
CGARRDYNSPLYFGEG	2e-05
CGARREESAETLYFGSG	2e-05
CGARRGADEQYFGPG	2e-05
CGARRGANEQYFGPG	2e-05
CGARRGDQDTQYFGPG	6.000000000000001e-05
CGARRGDRSDYTFGSG	2e-05
CGARRGDYEQYFGPG	4e-05
CGARRGERWDSPLYFGEG	2e-05
CGARRGEVFFGKG	2e-05
CGARRGFEQYFGPG	2e-05
CGARRGFNQDTQYFGPG	2e-05
CGARRGGANERLFFGHG	2e-05
CGARRGGEDTQYFGPG	4e-05
CGARRGGGAETLYFGSG	2e-05
CGARRGGGQLYFGEG	2e-05
CGARRGGKNTGQLYFGEG	2e-05
CGARRGGQDTQYFGPG	2e-05
CGARRGGQNTLYFGAG	2e-05
CGARRGNTEVFFGKG	2e-05
CGARRGRYAEQFFGPG	2e-05
CGARRGSAETLYFGSG	2e-05
CGARRGYNNQAPLFGEG	2e-05
CGARRHAEQFFGPG	2e-05
CGARRHNYAEQFFGPG	2e-05
CGARRHSNSDYTFGSG	2e-05
CGARRINSDYTFGSG	2e-05
CGARRKSLHTQDTQYFGPG	2e-05
CGARRLDGQLYFGEG	4e-05
CGARRLGANQDTQYFGPG	2e-05
CGARRLGGDAETLYFGSG	2e-05
CGARRLGGPAEQFFGPG	2e-05
CGARRLGTETLYFGSG	2e-05
CGARRNNQAPLFGEG	4e-05
CGARRPANTEVFFGKG	2e-05
CGARRPNTEVFFGKG	2e-05
CGARRPNYFGEG	2e-05
CGARRPTTEVFFGKG	4e-05
CGARRQEGTGQLYFGEG	6.000000000000001e-05
CGARRQGGTQYFGPG	4e-05
CGARRQGSGNTLYFGEG	4e-05
CGARRQLNTEVFFGKG	2e-05
CGARRQNQDTQYFGPG	4e-05
CGARRQNTEVFFGKG	2e-05
CGARRQPNTEVFFGKG	2e-05
CGARRQSNQDTQYFGPG	2e-05
CGARRQVQNTLYFGAG	4e-05
CGARRQYEQYFGPG	2e-05
CGARRRGGSAETLYFGSG	2e-05
CGARRRNQDTQYFGPG	4e-05
CGARRRQDTQYFGPG	2e-05
CGARRRQGNTEVFFGKG	2e-05
CGARRRQVYAEQFFGPG	2e-05
CGARRSLSYEQYFGPG	2e-05
CGARRSNERLFFGHG	2e-05
CGARRSNTGQLYFGEG	2e-05
CGARRTDGNTLYFGEG	2e-05
CGARRTGGPYEQYFGPG	2e-05
CGARRTGGYEQYFGPG	2e-05
CGARRTGNSAETLYFGSG	2e-05
CGARRTGTYAEQFFGPG	2e-05
CGARRTNTGQLYFGEG	2e-05
CGARRTTETLYFGSG	2e-05
CGARRVGNTLYFGEG	2e-05
CGARRVNQDTQYFGPG	4e-05
CGARRWGRKNTLYFGAG	2e-05
CGARRYAEQFFGPG	4e-05
CGARRYSPLYFGEG	2e-05
CGARRYWGPAETLYFGSG	2e-05
CGARSDYTFGSG	2e-05
CGARSEGDSDYTFGSG	2e-05
CGARSGHNQAPLFGEG	4e-05
CGARSGIAETLYFGSG	4e-05
CGARSGNNYAEQFFGPG	2e-05
CGARSGNQDTQYFGPG	2e-05
CGARSGQGMDERLFFGHG	2e-05
CGARSGQYAEQFFGPG	2e-05
CGARSGRGEQYFGPG	2e-05
CGARSGTGFAEQFFGPG	4e-05
CGARSGTGVSAETLYFGSG	2e-05
CGARSGYEQYFGPG	2e-05
CGARSGYSDYTFGSG	2e-05
CGARSISNTEVFFGKG	2e-05
CGARSLSGNSDYTFGSG	2e-05
CGARSLSGNTLYFGEG	2e-05
CGARSLSQANTEVFFGKG	4e-05
CGARSLSRGGPPQYFGPG	2e-05
CGARSNNSPLYFGEG	2e-05
CGARSNQDTQYFGPG	2e-05
CGARSPANTEVFFGKG	4e-05
CGARSQGNSDYTFGSG	2e-05
CGARSQNSGNTLYFGEG	2e-05
CGARSQSLDNQDTQYFGPG	2e-05
CGARSQSSYEQYFGPG	2e-05
CGARSRAETLYFGSG	2e-05
CGARSRGLLSSNSPLYFGEG	2e-05
CGARSRNSPLYFGEG	2e-05
CGARSSGASQNTLYFGAG	2e-05
CGARSSSYNSPLYFGEG	2e-05
CGARSSTLVNYAEQFFGPG	2e-05
CGARSSTSAETLYFGSG	2e-05
CGARSTDTEVFFGKG	2e-05
CGARSTGNTGQLYFGEG	4e-05
CGARSTTNSDYTFGSG	2e-05
CGARSTVYEQYFGPG	4e-05
CGARSWGGYAEQFFGPG	2e-05
CGARSYGSYEQYFGPG	2e-05
CGARSYNSPLYFGEG	2e-05
CGARSYVKNTQYFGPG	2e-05
CGARTADTQYFGPG	4e-05
CGARTEYEQYFGPG	2e-05
CGARTEYNSPLYFGEG	2e-05
CGARTGAGEQYFGPG	2e-05
CGARTGDAEQFFGPG	4e-05
CGARTGDERLFFGHG	2e-05
CGARTGDYNSPLYFGEG	4e-05
CGARTGEEQYFGPG	2e-05
CGARTGEGEQYFGPG	2e-05
CGARTGEGVFFGKG	2e-05
CGARTGENTGQLYFGEG	2e-05
CGARTGEREQYFGPG	2e-05
CGARTGFNYAEQFFGPG	2e-05
CGARTGFSAETLYFGSG	4e-05
CGARTGGAETLYFGSG	2e-05
CGARTGGAGNTLYFGAG	2e-05
CGARTGGAQAEQFFGPG	2e-05
CGARTGGARDTLYFGAG	2e-05
CGARTGGASEQYFGPG	2e-05
CGARTGGDTEVFFGKG	2e-05
CGARTGGDTQYFGPG	2e-05
CGARTGGENTLYFGAG	2e-05
CGARTGGEQYFGPG	2e-05
CGARTGGGAEQFFGPG	2e-05
CGARTGGGGNTLYFGEG	2e-05
CGARTGGGNERLFFGHG	2e-05
CGARTGGHTEVFFGKG	2e-05
CGARTGGNAEQFFGPG	2e-05
CGARTGGNTEVFFGKG	2e-05
CGARTGGNTLYFGAG	2e-05
CGARTGGNYAEQFFGPG	2e-05
CGARTGGPGNTLYFGEG	2e-05
CGARTGGQDTQYFGPG	4e-05
CGARTGGRGERLFFGHG	4e-05
CGARTGGRGNTLYFGEG	2e-05
CGARTGGSSAETLYFGSG	2e-05
CGARTGGVTEVFFGKG	2e-05
CGARTGGYEQYFGPG	2e-05
CGARTGHNSPLYFGEG	2e-05
CGARTGIQDTQYFGPG	2e-05
CGARTGISNERLFFGHG	2e-05
CGARTGKSAETLYFGSG	2e-05
CGARTGLNQDTQYFGPG	2e-05
CGARTGNQDTQYFGPG	2e-05
CGARTGNSDYTFGSG	2e-05
CGARTGNTGQLYFGEG	2e-05
CGARTGPGNTLYFGEG	2e-05
CGARTGQDTQYFGPG	2e-05
CGARTGQFYAEQFFGPG	4e-05
CGARTGQNSDYTFGSG	2e-05
CGARTGSDYTFGSG	2e-05
CGARTGSNERLFFGHG	4e-05
CGARTGSSQNTLYFGAG	2e-05
CGARTGSSYEQYFGPG	4e-05
CGARTGSYEQYFGPG	2e-05
CGARTGTETLYFGSG	2e-05
CGARTGTGNTLYFGEG	2e-05
CGARTGVDERLFFGHG	2e-05
CGARTGVNERLFFGHG	2e-05
CGARTGVNQAPLFGEG	4e-05
CGARTGVNSDYTFGSG	2e-05
CGARTGVSAETLYFGSG	2e-05
CGARTGVYAEQFFGPG	2e-05
CGARTGYGNTLYFGEG	2e-05
CGARTINQDTQYFGPG	2e-05
CGARTISNERLFFGHG	2e-05
CGARTLGQDTQYFGPG	4e-05
CGARTNANTEVFFGKG	2e-05
CGARTNERLFFGHG	2e-05
CGARTNNNQAPLFGEG	4e-05
CGARTNTGQLYFGEG	2e-05
CGARTPNSDYTFGSG	2e-05
CGARTQRPNYAEQFFGPG	2e-05
CGARTQSNERLFFGHG	2e-05
CGARTRADTGQLYFGEG	2e-05
CGARTRRSYEQYFGPG	4e-05
CGARTRRYTQYFGPG	2e-05
CGARTSETLYFGSG	2e-05
CGARTSGMNERLFFGHG	2e-05
CGARTSSAETLYFGSG	2e-05
CGARTSSGNTLYFGEG	2e-05
CGARTTGENTLYFGAG	2e-05
CGARTTNERLFFGHG	2e-05
CGARTTNTGQLYFGEG	2e-05
CGARTTQNTLYFGAG	2e-05
CGARTVNQDTQYFGPG	2e-05
CGARTVNTEVFFGKG	2e-05
CGARTWGIYEQYFGPG	2e-05
CGARVAAGHHQAPLFGEG	2e-05
CGARVANSDYTFGSG	2e-05
CGARVARQDTQYFGPG	2e-05
CGARVDRGGYFGAG	2e-05
CGARVDTSQNTLYFGAG	2e-05
CGARVDWGGPETLYFGSG	2e-05
CGARVEGQNSDYTFGSG	2e-05
CGARVEPEVFFGKG	4e-05
CGARVEQYFGPG	2e-05
CGARVGAGNTLYFGEG	2e-05
CGARVGAKNTLYFGAG	4e-05
CGARVGAYAEQFFGPG	2e-05
CGARVGDAEQFFGPG	2e-05
CGARVGDNNQAPLFGEG	2e-05
CGARVGFGEQYFGPG	4e-05
CGARVGGGYAEQFFGPG	2e-05
CGARVGGKAPLFGEG	4e-05
CGARVGGQEQYFGPG	2e-05
CGARVGGSAETLYFGSG	2e-05
CGARVGGSSAETLYFGSG	4e-05
CGARVGGSYEQYFGPG	2e-05
CGARVGINQDTQYFGPG	2e-05
CGARVGLGAETLYFGSG	2e-05
CGARVGNSDYTFGSG	2e-05
CGARVGNTEVFFGKG	2e-05
CGARVGNYAEQFFGPG	2e-05
CGARVGPNTGQLYFGEG	4e-05
CGARVGQNNYAEQFFGPG	2e-05
CGARVGQNTEVFFGKG	2e-05
CGARVGTAEVFFGKG	2e-05
CGARVGTGDYAEQFFGPG	2e-05
CGARVGTSSAETLYFGSG	4e-05
CGARVGVEAPLFGEG	2e-05
CGARVHKDTQYFGPG	2e-05
CGARVLGGYAEQFFGPG	2e-05
CGARVPGKNTLYFGAG	2e-05
CGARVPGYAEQFFGPG	4e-05
CGARVQANTEVFFGKG	2e-05
CGARVQGGPEVFFGKG	2e-05
CGARVQGTEVFFGKG	4e-05
CGARVQLNQDTQYFGPG	2e-05
CGARVQLYFGEG	2e-05
CGARVQNQDTQYFGPG	6.000000000000001e-05
CGARVQNTLYFGAG	4e-05
CGARVQNYAEQFFGPG	4e-05
CGARVQSNTEVFFGKG	2e-05
CGARVRDQDTQYFGPG	2e-05
CGARVRGDSNSVFFGKG	2e-05
CGARVRGNTEVFFGKG	2e-05
CGARVRGPNERLFFGHG	2e-05
CGARVRGSYAEQFFGPG	4e-05
CGARVRTGNTEVFFGKG	2e-05
CGARVRTSNERLFFGHG	2e-05
CGARVSAETLYFGSG	2e-05
CGARVSGGEQYFGPG	2e-05
CGARVSGGNTLYFGAG	2e-05
CGARVSQNTLYFGAG	4e-05
CGARVTGGYEQYFGPG	2e-05
CGARVTGSSAETLYFGSG	2e-05
CGARVTNTEVFFGKG	2e-05
CGARVTPEVFFGKG	2e-05
CGARVVFFGKG	2e-05
CGARVWGAVGQLYFGEG	2e-05
CGARVWGGQDTQYFGPG	2e-05
CGARVWGNQDTQYFGPG	2e-05
CGARVYAEQFFGPG	2e-05
CGARVYFGAG	2e-05
CGARVYKNTLYFGAG	2e-05
CGARVYTQNYAEQFFGPG	2e-05
CGARWDRGDTQYFGPG	2e-05
CGARWGDYAEQFFGPG	2e-05
CGARWGFNERLFFGHG	4e-05
CGARWGRNTLYFGAG	2e-05
CGARWGRSAETLYFGSG	2e-05
CGARWKPSAETLYFGSG	2e-05
CGARWNYAEQFFGPG	2e-05
CGARWRGQNTLYFGAG	2e-05
CGARWTGYEQYFGPG	2e-05
CGARWTNTEVFFGKG	2e-05
CGARWTPNTEVFFGKG	2e-05
CGARYAEQFFGPG	2e-05
CGARYEQYFGPG	2e-05
CGARYFGAG	2e-05
CGARYFGEG	2e-05
CGARYRGPRQNTLYFGAG	2e-05
CGARYRGQDTQYFGPG	2e-05
CGARYSSGNTLYFGEG	2e-05
CGARYSYNSPLYFGEG	4e-05
CGARYWGGDDAETLYFGSG	2e-05
CGARYWGNYAEQFFGPG	2e-05
CGASAETLYFGSG	2e-05
CGASAFYEQYFGPG	2e-05
CGASAGGEQYFGPG	2e-05
CGASAGNKGEIYFGPG	4e-05
CGASAGNNYAEQFFGPG	2e-05
CGASAGNTEVFFGKG	2e-05
CGASATGRPSRGNWKGNSDYTFGSG	2e-05
CGASCAGGGSRIRDFGPG	2e-05
CGASCKSLDTQDTQYFGPG	2e-05
CGASCQSLDTQDTQYFGPG	2e-05
CGASCQSLGNQDTQYFGPG	2e-05
CGASCRGPRQLYFGEG	2e-05
CGASCSGGSSCGNTLYFGEG	2e-05
CGASCSVAEQFFGPG	2e-05
CGASDHTSNTEVFFGKG	2e-05
CGASDNQDTQYFGPG	2e-05
CGASDNSDYTFGSG	2e-05
CGASDRGSYEQYFGPG	2e-05
CGASDSNYAEQFFGPG	2e-05
CGASDTSNERLFFGHG	2e-05
CGASDWGAQETLYFGSG	2e-05
CGASDWGGNYAEQFFGPG	2e-05
CGASDWGGTYEQYFGPG	2e-05
CGASDWGQNTLYFGAG	2e-05
CGASEITRLGDTQYFGPG	4e-05
CGASEQTNTEVFFGKG	2e-05
CGASFGAG	2e-05
CGASFGHG	2e-05
CGASFYAEQFFGPG	2e-05
CGASGDWGLYEQYFGPG	2e-05
CGASGDWGVDQDTQYFGPG	2e-05
CGASGGARAETLYFGSG	2e-05
CGASGGAYEQYFGPG	2e-05
CGASGGETLYFGSG	2e-05
CGASGGGTGQLYFGEG	2e-05
CGASGGHSDYTFGSG	4e-05
CGASGGNNQAPLFGEG	2e-05
CGASGGPYAEQFFGPG	6.000000000000001e-05
CGASGGRTEVFFGKG	2e-05
CGASGGSSAETLYFGSG	2e-05
CGASGGSYNSPLYFGEG	4e-05
CGASGGWNQAPLFGEG	2e-05
CGASGISNERLFFGHG	2e-05
CGASGKANTGQLYFGEG	2e-05
CGASGLDTGQLYFGEG	2e-05
CGASGNSGNTLYFGEG	2e-05
CGASGQDTGQLYFGEG	4e-05
CGASGQKDTQYFGPG	2e-05
CGASGQNTLYFGAG	4e-05
CGASGQPYEQYFGPG	2e-05
CGASGQQDTQYFGPG	2e-05
CGASGQSSYEQYFGPG	2e-05
CGASGRDYAEQFFGPG	2e-05
CGASGRGGETLYFGSG	2e-05
CGASGRGGHPPLFGEG	4e-05
CGASGSNTGQLYFGEG	2e-05
CGASGSQNTLYFGAG	2e-05
CGASGTANTGQLYFGEG	2e-05
CGASGTENQAPLFGEG	2e-05
CGASGTENTEVFFGKG	2e-05
CGASGTGDNSPLYFGEG	2e-05
CGASGTGDTQYFGPG	2e-05
CGASGTGGYAEQFFGPG	2e-05
CGASGTGLYEQYFGPG	2e-05
CGASGTGNAETLYFGSG	4e-05
CGASGTGNEQYFGPG	2e-05
CGASGTGNQAPLFGEG	2e-05
CGASGTGSSYEQYFGPG	4e-05
CGASGTILQDTQYFGPG	2e-05
CGASGTPNSDYTFGSG	4e-05
CGASGTSNTGQLYFGEG	4e-05
CGASGTSSAETLYFGSG	2e-05
CGASGVSTEVFFGKG	2e-05
CGASHNSGNTLYFGEG	2e-05
CGASHSYNSPLYFGEG	4e-05
CGASHWGEDTQYFGPG	2e-05
CGASKGANTEVFFGKG	4e-05
CGASKGNSGNTLYFGEG	2e-05
CGASKGSNSDYTFGSG	4e-05
CGASKYSNEKCDSTQDTQYFGPG	4e-05
CGASLGASAETLYFGSG	4e-05
CGASLGPSAETLYFGSG	2e-05
CGASLHDQAPLFGEG	4e-05
CGASLNTYAEQFFGPG	4e-05
CGASLPAHTNSDYTFGSG	4e-05
CGASLPGYTNSDYTFGSG	2e-05
CGASLRDNTEVFFGKG	4e-05
CGASLTGGHAEQFFGPG	2e-05
CGASLYFGAG	4e-05
CGASMGGTEVFFGKG	2e-05
CGASNERLFFGHG	2e-05
CGASNRWDEQYFGPG	2e-05
CGASNWGSETLYFGSG	2e-05
CGASPDRGSSDYTFGSG	4e-05
CGASPDRVDTQYFGPG	2e-05
CGASPDSTEVFFGKG	2e-05
CGASPGGNERLFFGHG	2e-05
CGASPGGNTEVFFGKG	2e-05
CGASPGLGTETLYFGSG	2e-05
CGASPGNYAEQFFGPG	2e-05
CGASPGQGARETLYFGSG	2e-05
CGASPGQRAEQFFGPG	2e-05
CGASPGQSNERLFFGHG	2e-05
CGASPGVANTGQLYFGEG	2e-05
CGASPGYNSPLYFGEG	2e-05
CGASPHINQDTQYFGPG	4e-05
CGASPISAETLYFGSG	4e-05
CGASPLNQDTQYFGPG	2e-05
CGASPPSAETLYFGSG	2e-05
CGASPQDNQAPLFGEG	4e-05
CGASPRQIYAEQFFGPG	2e-05
CGASPRQNSDYTFGSG	2e-05
CGASPSANTEVFFGKG	2e-05
CGASPSNSDYTFGSG	2e-05
CGASQANTEVFFGKG	2e-05
CGASQDQAPLFGEG	4e-05
CGASQDSGNTLYFGEG	2e-05
CGASQEYNSPLYFGEG	2e-05
CGASQGDTQYFGPG	4e-05
CGASQGETEVFFGKG	2e-05
CGASQGGGTEVFFGKG	2e-05
CGASQGGSGNTLYFGEG	2e-05
CGASQGGTERLFFGHG	2e-05
CGASQGGYNSPLYFGEG	2e-05
CGASQGNERLFFGHG	2e-05
CGASQGNSDYTFGSG	2e-05
CGASQGPGNTLYFGEG	2e-05
CGASQGRGNTLYFGEG	2e-05
CGASQHANTEVFFGKG	6.000000000000001e-05
CGASQQGSNTEVFFGKG	2e-05
CGASQTSNSDYTFGSG	2e-05
CGASQTVSAETLYFGSG	2e-05
CGASQYGNTLYFGEG	4e-05
CGASRANSDYTFGSG	2e-05
CGASRDEGNERLFFGHG	2e-05
CGASRDRADTQYFGPG	2e-05
CGASRDRANTEVFFGKG	2e-05
CGASRDRGSEVFFGKG	6.000000000000001e-05
CGASRDRGTEVFFGKG	2e-05
CGASRDRRGAETLYFGSG	4e-05
CGASRDRVEQYFGPG	2e-05
CGASRDRVNSDYTFGSG	2e-05
CGASRDSDYTFGSG	2e-05
CGASRDSNQDTQYFGPG	2e-05
CGASRDTNYAEQFFGPG	2e-05
CGASRDTYSDYTFGSG	4e-05
CGASRDWGPSQDTQYFGPG	2e-05
CGASREAQAPLFGEG	2e-05
CGASRENEQYFGPG	8e-05
CGASRENERLFFGHG	2e-05
CGASRGALDTQYFGPG	2e-05
CGASRGARNTEVFFGKG	2e-05
CGASRGAYAEQFFGPG	2e-05
CGASRGGAETLYFGSG	2e-05
CGASRGHRGQNTLYFGAG	2e-05
CGASRGLNSDYTFGSG	2e-05
CGASRGNQAPLFGEG	4e-05
CGASRGNYAEQFFGPG	2e-05
CGASRGPNTEVFFGKG	2e-05
CGASRGRYAEQFFGPG	2e-05
CGASRGTYNSPLYFGEG	2e-05
CGASRLGGYAEQFFGPG	2e-05
CGASRNQNTLYFGAG	2e-05
CGASRQVANTEVFFGKG	2e-05
CGASRRANTEVFFGKG	2e-05
CGASRSNERLFFGHG	2e-05
CGASRTGDRDTQYFGPG	2e-05
CGASRTGGGNTLYFGEG	4e-05
CGASRTGGTEVFFGKG	2e-05
CGASRTVYAEQFFGPG	6.000000000000001e-05
CGASRVSAETLYFGSG	2e-05
CGASRWGGNTQYFGPG	2e-05
CGASSANTEVFFGKG	4e-05
CGASSDYNSPLYFGEG	2e-05
CGASSGGDRAETLYFGSG	2e-05
CGASSGIYAEQFFGPG	2e-05
CGASSGLSYEQYFGPG	6.000000000000001e-05
CGASSGQGSAETLYFGSG	2e-05
CGASSGQNTLYFGAG	4e-05
CGASSGQSSYEQYFGPG	2e-05
CGASSLSGQLYFGEG	4e-05
CGASSNQDTQYFGPG	4e-05
CGASSPGAGSNERLFFGHG	2e-05
CGASSQERGEQYFGPG	2e-05
CGASSQTNTEVFFGKG	2e-05
CGASSSGNTLYFGEG	2e-05
CGASSTGFTEVFFGKG	2e-05
CGASSWGNTGQLYFGEG	2e-05
CGASTDSYNSPLYFGEG	4e-05
CGASTEAETLYFGSG	4e-05
CGASTEKCDTQYFGPG	2e-05
CGASTGDSDYTFGSG	2e-05
CGASTGDSQNTLYFGAG	2e-05
CGASTGDYAEQFFGPG	2e-05
CGASTGGAETLYFGSG	2e-05
CGASTGGDTGQLYFGEG	2e-05
CGASTGGNTGQLYFGEG	2e-05
CGASTGGRSSPLYFGEG	2e-05
CGASTGGYNSRLYFGAG	2e-05
CGASTGNSDYTFGSG	4e-05
CGASTGNYAEQFFGPG	4e-05
CGASTGSSYEQYFGPG	2e-05
CGASTGWNSDYTFGSG	2e-05
CGASTKDNQAPLFGEG	2e-05
CGASTPDSRERLFFGHG	2e-05
CGASTQSNERLFFGHG	2e-05
CGASTRGNSDYTFGSG	2e-05
CGASTRGNSGNTLYFGEG	8e-05
CGASTSQNTLYFGAG	2e-05
CGASTTNTEVFFGKG	2e-05
CGASVANSDYTFGSG	2e-05
CGASWDNQDTQYFGPG	4e-05
CGASWEGHAEQFFGPG	2e-05
CGASWENTGQLYFGEG	2e-05
CGASWGGDEQYFGPG	4e-05
CGASWGKRAEQFFGPG	2e-05
CGASWGSAETLYFGSG	2e-05
CGASYTGGRAETLYFGSG	4e-05
CGASYWGGLAETLYFGSG	4e-05
CGATDHEQYFGPG	2e-05
CGATDRAGQNTLYFGAG	2e-05
CGATDWGGAETLYFGSG	2e-05
CGATEYRPRETLYFGSG	4e-05
CGATGDEQYFGPG	2e-05
CGATGDNQAPLFGEG	2e-05
CGATGDQDTQYFGPG	2e-05
CGATGDRNAEQFFGPG	2e-05
CGATGEAYEQYFGPG	2e-05
CGATGEDQDTQYFGPG	2e-05
CGATGGALDTQYFGPG	2e-05
CGATGGARNTLYFGAG	2e-05
CGATGGDEQYFGPG	2e-05
CGATGGDNQAPLFGEG	2e-05
CGATGGNYAEQFFGPG	2e-05
CGATGGPSYEQYFGPG	2e-05
CGATGGTGNTLYFGEG	2e-05
CGATGGTGQLYFGEG	2e-05
CGATGGWDSDYTFGSG	2e-05
CGATGHYNERLFFGHG	2e-05
CGATGISNERLFFGHG	2e-05
CGATGKANTEVFFGKG	2e-05
CGATGLGETTGQLYFGEG	2e-05
CGATGNNQAPLFGEG	2e-05
CGATGQGNSDYTFGSG	2e-05
CGATGQLNTLYFGAG	2e-05
CGATGQNTLYFGAG	4e-05
CGATGRNVTPPKSYAVFFGKG	2e-05
CGATGTEDTQYFGPG	2e-05
CGATGTGKTEVFFGKG	2e-05
CGATGTGNTEVFFGKG	2e-05
CGATGTSNSDYTFGSG	2e-05
CGATGTTNSDYTFGSG	2e-05
CGATILGGSAETLYFGSG	2e-05
CGATLNQDTQYFGPG	2e-05
CGATLYFGEG	4e-05
CGATNKNSDYTFGSG	4e-05
CGATNSDYTFGSG	2e-05
CGATPGQFNERLFFGHG	2e-05
CGATPGQSSYEQYFGPG	2e-05
CGATQGSDYTFGSG	2e-05
CGATQSSYEQYFGPG	2e-05
CGATRDFQAPLFGEG	4e-05
CGATRDIQDTQYFGPG	2e-05
CGATRDIYAEQFFGPG	2e-05
CGATRDTYAEQFFGPG	2e-05
CGATRTGGNERLFFGHG	2e-05
CGATSQNTLYFGAG	2e-05
CGATTGDNYAEQFFGPG	2e-05
CGATTGRNTEVFFGKG	2e-05
CGATTGSGNTLYFGEG	6.000000000000001e-05
CGATTGYEQYFGPG	2e-05
CGATVCNVTPPTSYAVFFGKG	2e-05
CGATVKNATPPKSYAVFFGKG	4e-05
CGATVKNVTPPKSYAVFFGKG	6.000000000000001e-05
CGATVRNATPPKSYAVFFGKG	2e-05
CGATVRNVTPPKSYFGPG	2e-05
CGATWGHYEQYFGPG	2e-05
CGAVDRVNTGQLYFGEG	2e-05
CGAVGAQDTQYFGPG	2e-05
CGAVGGANTEVFFGKG	2e-05
CGAVGGASYEQYFGPG	2e-05
CGAVGGVETLYFGSG	2e-05
CGAVGTENTGQLYFGEG	2e-05
CGAVGTGGAETLYFGSG	2e-05
CGAVGTGNTGQLYFGEG	4e-05
CGAVQGEDEQYFGPG	2e-05
CGAVRDNANTEVFFGKG	2e-05
CGAVRGVGQFFGPG	2e-05
CGAWGHPEQFFGPG	2e-05
CGAWRANTEVFFGKG	2e-05
CGAWRGAQDTQYFGPG	2e-05
CGAWSQNTLYFGAG	2e-05
CGAWTEVFFGKG	2e-05
CGAWTGGDTQYFGPG	2e-05
CGAWTGGITLYFGAG	2e-05
CGAWTGGYAEQFFGPG	2e-05
CGAWTGLYNSPLYFGEG	2e-05
CGAWTGSSAETLYFGSG	2e-05
CGAWTGWNTEVFFGKG	2e-05
CGAWTVSNERLFFGHG	4e-05
CGAWVSAGGEVFFGKG	2e-05
CGAYFGPG	4e-05
CGAYNSQNTLYFGAG	4e-05
CGAYRDHEQYFGPG	2e-05
CGAYRENTEVFFGKG	2e-05
CGAYRGANTGQLYFGEG	6.000000000000001e-05
CGAYRGDYAEQFFGPG	4e-05
CGAYRGGNERLFFGHG	2e-05
CGAYRGQNQAPLFGEG	2e-05
CGAYRGRQDTQYFGPG	2e-05
CGAYRGYEQYFGPG	2e-05
CGAYRVSNERLFFGHG	2e-05
CGAYRWTEVFFGKG	4e-05
CGAYSAETLYFGSG	2e-05
CGCGLWVFFGEG	4e-05
CGCLFGEG	2e-05
CGCLPTGGSAETLYFGSG	4e-05
CGCMLVEECDSTEVFFGKG	2e-05
CGCSFLQDTQYFGPG	4e-05
CGCSPRTGGYEQYFGPG	2e-05
CGCWLVFGEG	2e-05
CGCYPSGAQTLYFGAG	2e-05
CGDAEQFFGPG	2e-05
CGDAGRDTLYFGAG	2e-05
CGDFGAG	2e-05
CGDFGEG	2e-05
CGDGGTLYFGSG	2e-05
CGDGTGGDSDYTFGSG	2e-05
CGDHAEQFFGPG	2e-05
CGDKQARKTCKLYFGEG	2e-05
CGDLTDAEQFFGPG	4e-05
CGDNSPLYFGEG	2e-05
CGDRNVTQPKSYAVFFGKG	4e-05
CGDTEVFFGKG	2e-05
CGDTLYFGEG	2e-05
CGDTTTSAETLYFGSG	2e-05
CGDWAGYAEQFFGPG	2e-05
CGDWASQNTLYFGAG	6.000000000000001e-05
CGDWDAEQFFGPG	2e-05
CGDWDNQDTQYFGPG	2e-05
CGDWDNYAEQFFGPG	4e-05
CGDWEGYEQYFGPG	2e-05
CGDWGAETLYFGSG	2e-05
CGDWGCAETLYFGSG	2e-05
CGDWGEAEQFFGPG	2e-05
CGDWGETLYFGSG	2e-05
CGDWGGAAEQFFGPG	2e-05
CGDWGGAAETLYFGSG	2e-05
CGDWGGADAETLYFGSG	2e-05
CGDWGGADQDTQYFGPG	2e-05
CGDWGGAEQFFGPG	2e-05
CGDWGGAGAEQFFGPG	2e-05
CGDWGGCAETLYFGSG	2e-05
CGDWGGDTGQLYFGEG	2e-05
CGDWGGEGAETLYFGSG	2e-05
CGDWGGETLYFGSG	2e-05
CGDWGGFAETLYFGSG	4e-05
CGDWGGGAEQFFGPG	2e-05
CGDWGGGAETLYFGSG	2e-05
CGDWGGGETLYFGSG	2e-05
CGDWGGKGNAEQFFGPG	2e-05
CGDWGGNTLYFGAG	2e-05
CGDWGGPNQDTQYFGPG	2e-05
CGDWGGRSAEQFFGPG	2e-05
CGDWGGSAETLYFGSG	2e-05
CGDWGGSYAEQFFGPG	2e-05
CGDWGGSYEQYFGPG	2e-05
CGDWGGVYAEQFFGPG	2e-05
CGDWGGYNYAEQFFGPG	2e-05
CGDWGHAEQFFGPG	6.000000000000001e-05
CGDWGLSAETLYFGSG	2e-05
CGDWGNTGQLYFGEG	2e-05
CGDWGVNYAEQFFGPG	4e-05
CGDWGYFGAG	2e-05
CGDWRNAEQFFGPG	2e-05
CGEANTGQLYFGEG	2e-05
CGECDSTQDTQYFGPG	6.000000000000001e-05
CGEEKCDHTQYFGPG	2e-05
CGEEKCDSTQYFGPG	2e-05
CGEGNTLYFGEG	2e-05
CGEGRNVTPPKSYAVFFGKG	2e-05
CGEKCDSTQSYAVFFGKG	2e-05
CGEKNECPCQVYQRRNTLYFGEG	4e-05
CGEQGSYEQYFGPG	4e-05
CGERNETPPTTYAVFGPG	2e-05
CGEVFFGKG	2e-05
CGFARGSNERLFFGHG	2e-05
CGFFGEG	2e-05
CGFGAG	2e-05
CGFGSG	2e-05
CGFRGWGGGDQLFGEG	2e-05
CGFTTGGATQYFGPG	4e-05
CGGAETLYFGSG	2e-05
CGGAPPNSDYTFGSG	2e-05
CGGCGGGGCCVGWFFGEG	2e-05
CGGCGGGVCLFFGHG	4e-05
CGGCGVGGWGGFFFGEG	2e-05
CGGCLDNYAEQFFGPG	4e-05
CGGCLVGFCVSSLFFGEG	2e-05
CGGCLWGGGGQLYFGEG	4e-05
CGGCVCGGGGLYFGAG	2e-05
CGGCVLGWCWVGLYFGAG	2e-05
CGGCWLGVGNTLYFGEG	2e-05
CGGDEECGAPKVFFGKG	2e-05
CGGDEKCDCNQDTQYFGPG	2e-05
CGGDEKCDPTQYFGPG	2e-05
CGGDEKCDSTQYFGPG	2e-05
CGGDEKWDPTQYFGPG	2e-05
CGGDENTLYFGEG	2e-05
CGGDGNTLYFGEG	2e-05
CGGDSGNTLYFGEG	2e-05
CGGDTEVFFGKG	2e-05
CGGEEKSDPTQNTLYFGAG	2e-05
CGGEVKFDSTQYFGPG	2e-05
CGGFGEG	2e-05
CGGFQAQDTQYFGPG	2e-05
CGGFVVRGWWFGAG	2e-05
CGGFWGVVWLDFGPG	2e-05
CGGGAAYAETLYFGSG	2e-05
CGGGAVGFGVGFCFGEG	2e-05
CGGGCHQAPLFGEG	2e-05
CGGGDGGEGLFFGEG	2e-05
CGGGFGGFGGWFFFGEG	2e-05
CGGGFGKG	2e-05
CGGGFNWGFGGCFGAG	2e-05
CGGGFRGGVWLFFGEG	2e-05
CGGGGFVSGGYERYFGAG	2e-05
CGGGGGANTEVFFGKG	2e-05
CGGGGGFDGVGVFGEG	2e-05
CGGGGGGGCGGWVFFGEG	2e-05
CGGGGGGGGGGVFFGEG	2e-05
CGGGGGGGGVCFGEG	2e-05
CGGGGGGGGVGVVCFGEG	6.000000000000001e-05
CGGGGLRNSLYFGSG	2e-05
CGGGGPGNTLYFGEG	2e-05
CGGGGRGGGSDYIFGHG	2e-05
CGGGGVGGVVVLYFGAG	2e-05
CGGGGVICVGLFFGEG	4e-05
CGGGGWGGVWLFGEG	2e-05
CGGGGWGWSGQLYFGEG	4e-05
CGGGKNAEQFFGPG	2e-05
CGGGKYAEQFFGPG	2e-05
CGGGLCGVGFFGEG	2e-05
CGGGLFFGEG	2e-05
CGGGLGGGEVGVLFGEG	2e-05
CGGGLGGGGGLFFGEG	2e-05
CGGGLIGGVGTVCFGEG	4e-05
CGGGLVCGVVWVCFGSGQNTLYFGAG	2e-05
CGGGLVVVRLYFGSG	2e-05
CGGGMGFGAG	4e-05
CGGGNVTPPKSYAVFFGKG	2e-05
CGGGRGGVGVLFGKG	2e-05
CGGGRGSQNTLYFGAG	2e-05
CGGGRWGGGGALCFGEG	4e-05
CGGGSGGCVGGLLGFGPG	2e-05
CGGGTGETLYFGSG	2e-05
CGGGVCFVWVLFGEG	4e-05
CGGGVGCGNTLYFGEG	2e-05
CGGGVGGGGGGGCFGEG	2e-05
CGGGVGGGGLYFGAG	2e-05
CGGGVGVWGVFFGEG	2e-05
CGGGVLGSLGLFFGEG	2e-05
CGGGVLGVGLCFGEG	2e-05
CGGGVLRGGGWSLYFGAG	2e-05
CGGGVTGGVCLFFGKG	2e-05
CGGGWGGGGRWFGAG	2e-05
CGGGWGGVWGVVCFGEG	2e-05
CGGGWGLGGFGPG	2e-05
CGGGWGRRETGQLYFGEG	2e-05
CGGIDRGRAETLYFGSG	4e-05
CGGIEKCASTEVFFGKG	2e-05
CGGIETPPTSYAVFFGKG	2e-05
CGGIEWDGPETLYFGSG	2e-05
CGGINFGPPLFFGEG	2e-05
CGGIRDWGSAETLYFGSG	2e-05
CGGIRTGGATQYFGPG	2e-05
CGGIVTPPKSYAVFFGKG	2e-05
CGGKEKCDSTQYFGPG	2e-05
CGGKEKCGFTQDTQYFGPG	2e-05
CGGLQRDKEVFFGKG	4e-05
CGGLQSDAQVFFGKG	2e-05
CGGLTALGTSYEQYFGPG	2e-05
CGGLVLCFGEG	2e-05
CGGMCDGGNYAEQFFGPG	2e-05
CGGNAKCDSTQYFGPG	4e-05
CGGNAKCDTQYFGPG	2e-05
CGGNEKCASTQDTQYFGPG	2e-05
CGGNEKCDFGPG	2e-05
CGGNEKCDPTQYFGPG	2e-05
CGGNEKCDSPKSYAVFFGKG	2e-05
CGGNEKCDSPKSYAVFGPG	2e-05
CGGNEKCDSTKSYAVFFGKG	4e-05
CGGNEKCDSTKSYEQYFGPG	4e-05
CGGNEKCDSTPPYAVFFGKG	2e-05
CGGNEKCDSTQSYAVFFGKG	2e-05
CGGNEKCDSTQYFGPG	2e-05
CGGNEKCESTQYFGPG	2e-05
CGGNEKCETTQYFGPG	2e-05
CGGNEKCGSTQYFGPG	2e-05
CGGNEKCVPTQYFGPG	2e-05
CGGNEKFDSTQDTQYFGPG	2e-05
CGGNEKSASPQDTQYFGPG	2e-05
CGGNETPPTSYAVFFGKG	2e-05
CGGNGECDSDYTFGSG	2e-05
CGGNGKCDATQYFGPG	2e-05
CGGNGNTLYFGEG	2e-05
CGGNQTPHTSYAVFFGKG	2e-05
CGGNVFVFNQAPLFGEG	2e-05
CGGNVKCDSTQYFGPG	2e-05
CGGNVSPSRSFGEG	2e-05
CGGNVTPPGSYAEQFFGPG	4e-05
CGGPRQYTGQLYFGEG	2e-05
CGGQANTEVFFGKG	2e-05
CGGQLYFGEG	2e-05
CGGQNTEVFFGKG	4e-05
CGGRAGVERYFGSG	2e-05
CGGRDRNQAPLFGEG	2e-05
CGGRETENTEVFFGKG	2e-05
CGGRFGSLGFVFGPG	2e-05
CGGRGKRERNVTPPNQAPLFGEG	4e-05
CGGRGMQLYFGEG	2e-05
CGGRLRVCFGEG	8e-05
CGGRLRVCFGFGFFFGEG	2e-05
CGGRNGTPPKSYAVFFGKG	4e-05
CGGRQADANSDYTFGSG	2e-05
CGGRQGSTEVFFGKG	4e-05
CGGRRNVTPPKSYAVFFGKG	2e-05
CGGRWAGWGFGPG	2e-05
CGGRWGVLGVFFGEG	2e-05
CGGSEKWDANERLFFGHG	2e-05
CGGSGQNEQYFGPG	2e-05
CGGSLSLDKKDTQYFGPG	2e-05
CGGSPTGTQNTLYFGEG	2e-05
CGGSSQGDPGQLYFGEG	4e-05
CGGTANTEVFFGKG	4e-05
CGGTPSGNTEVFFGKG	4e-05
CGGTRDSGNTLYFGEG	2e-05
CGGTWGGDTQYFGPG	2e-05
CGGVDGGGVVFGEG	2e-05
CGGVGDNYAEQFFGPG	2e-05
CGGVLFFGEG	2e-05
CGGVRNVTPPKSYAVFFGKG	2e-05
CGGVTGGVNTLYFGAG	2e-05
CGGWFGSG	2e-05
CGGWGAGAETLYFGSG	4e-05
CGGWLGGGVWVCFGEG	4e-05
CGGWWGGGGGLCFGEG	2e-05
CGGWWGGGGVLYFGAG	2e-05
CGHAREKCDSTQYFGPG	2e-05
CGHEGNVTPPKSYAVFFGKG	2e-05
CGHERNVTPPKSYAVFFGKG	2e-05
CGHTDPSAETLYFGSG	2e-05
CGHTEVFFGKG	2e-05
CGHVRNVTPPKSYAVFFGKG	2e-05
CGIKRCCLWGNTLYFGEG	2e-05
CGIRAERETNERLFFGHG	4e-05
CGIRPRHEYTQYFGPG	2e-05
CGKCDYTFGSG	2e-05
CGKLRNVTPPKSYAVFFGKG	6.000000000000001e-05
CGKVEKCDSTQYFGPG	2e-05
CGKYVSTQYFGPG	2e-05
CGLGGQDQDTQYFGPG	2e-05
CGLLLQTNEKCDSTQYFGPG	2e-05
CGLNMVTPPSSYAVFFGKG	4e-05
CGLNQQCLEKCDSTQYFGPG	4e-05
CGLPGGYEQYFGPG	2e-05
CGLQNEKCDSTQYFGPG	2e-05
CGLRNATPPKSYAVFFGKG	4e-05
CGLSRNRPPPKSYAVFFGKG	2e-05
CGLTGTNYAEQFFGPG	2e-05
CGLWEKCDSTQYFGPG	2e-05
CGLWYNATPPKSYAVFFGKG	4e-05
CGLYFGPG	4e-05
CGMEKCDSTQYFGPG	2e-05
CGNILNPNTEVFFGKG	2e-05
CGNRWGGTDYTFGSG	2e-05
CGNSPLYFGEG	2e-05
CGNSQLGNYAEQFFGPG	2e-05
CGNTEVFFGKG	2e-05
CGNVTPPKSYAVFFGKG	2e-05
CGPEVDTQYFGPG	2e-05
CGPRNVTPPKPYAVFFGKG	2e-05
CGQAPLFGEG	2e-05
CGQDTQYFGPG	2e-05
CGQFFGPG	2e-05
CGQGARHGTPPKSYADYTFGSG	2e-05
CGQGARKEVFFGKG	2e-05
CGQGARTEVFFGKG	4e-05
CGQGNSDYTFGSG	4e-05
CGQGVRNGTPPKSSADYTFGSG	2e-05
CGQLYFGEG	2e-05
CGQNTLYFGAG	2e-05
CGQRNVTPPKSYAVFFGKG	4e-05
CGQRRNTLYFGEG	2e-05
CGQRRNVTPPKSYAVFFGKG	2e-05
CGQSQNTLYFGAG	2e-05
CGRCGVAGGCVGAVFGEG	4e-05
CGRDSPSGQNTLYFGAG	2e-05
CGRELSEADTCAETLYFGSG	2e-05
CGRFFKGRQNTLYFGAG	2e-05
CGRGCVHAVDVYGEACPLFGEG	2e-05
CGRGDAGGRSSPLYFGEG	2e-05
CGRGDGGGFFGPG	2e-05
CGRGGGVGGGGWVFFGEG	2e-05
CGRGGVGFGISFCFGAG	2e-05
CGRGLGGGCLYFGAG	4e-05
CGRGLGGGGGLWFGEG	2e-05
CGRGLGGGVAPLFGEG	2e-05
CGRGLWVCCGIAFFFGEG	2e-05
CGRGNGTPHKLFFGHG	2e-05
CGRGRDERLFFGHG	2e-05
CGRGRGWGEAEQFFGPG	2e-05
CGRGSVGCGVLVFGEG	2e-05
CGRGVGGGGGGLFFGEG	2e-05
CGRGVWGVWLFGEG	2e-05
CGRKQAKDEDTQYFGPG	2e-05
CGRLKIIEKCDSTQYFGPG	2e-05
CGRLKIIGKCDSTQYFGPG	2e-05
CGRNLTPPKSYAVFFGKG	2e-05
CGRNTEVFFGKG	2e-05
CGRNVTLPKSYAVFFGKG	2e-05
CGRNVTPPKAYAVFFGKG	4e-05
CGRNVTPPKSDAVFFGKG	2e-05
CGRNVTQPKSYAVFFGKG	2e-05
CGRNVTQPQSYAVFFGKG	2e-05
CGRPLGGAETLYFGSG	2e-05
CGRPPLYFGEG	4e-05
CGRPYSQGKPAEQFFGPG	2e-05
CGRQPTGGRQNTLYFGAG	2e-05
CGRRGPTDRFFGKG	4e-05
CGRRLSANSDYTFGSG	2e-05
CGRRLYRAKKEVFFGKG	4e-05
CGRRNVTPPKSHAVFFGKG	2e-05
CGRRNVTPPKSYAVFFGKG	6.000000000000001e-05
CGRRPGTANTGQLYFGEG	6.000000000000001e-05
CGRRRNVTPPKSYAVFFGKG	2e-05
CGRRRRVNYAEQFFGPG	2e-05
CGRRSVGAGGGGVFFGEG	4e-05
CGRRTGGGPEVFFGKG	4e-05
CGRRTTGNYAEQFFGPG	2e-05
CGRSDYTFGSG	4e-05
CGRSGGAEQFFGPG	2e-05
CGRSHGEYEKSFGTGQLYFGEG	2e-05
CGRSISAETLYFGSG	4e-05
CGRSLGGGGVDGVFFGEG	2e-05
CGRSLGHTETLYFGSG	2e-05
CGRSLGNERLFFGHG	2e-05
CGRSLGRNAEQFFGPG	2e-05
CGRSLRYEQYFGPG	2e-05
CGRSLTGTTNSDYTFGSG	2e-05
CGRSNGPPPKSYAVFFGKG	2e-05
CGRSPGPERLFFGHG	2e-05
CGRSPRGGGEEFFGHG	2e-05
CGRSPSSYEQYFGPG	2e-05
CGRSRDPPNSHYNFGSG	4e-05
CGRSRQGERGDQYFGPG	2e-05
CGRSTGLGYAEQFFGPG	2e-05
CGRSTGPETLYFGSG	2e-05
CGRWSGNTLYFGEG	4e-05
CGSAQGAEQFFGPG	2e-05
CGSAYAETLYFGSG	2e-05
CGSCSHWDRNTLFFGKG	4e-05
CGSECEMGPNERLFFGHG	2e-05
CGSEQFFGPG	4e-05
CGSGCWGGSMGGFFFGEG	2e-05
CGSGLARTGHLRNTFGSG	2e-05
CGSGNTEVFFGKG	2e-05
CGSGNTLYFGEG	2e-05
CGSGQYGDPEVFFGKG	2e-05
CGSGSRVSYCGNTLYFGEG	4e-05
CGSGTGGWAEQFFGPG	2e-05
CGSGVWGAPETLYFGSG	2e-05
CGSHPGTNNNQAPLFGEG	4e-05
CGSIFDEQYFGPG	2e-05
CGSIHPGTGVNQAPLFGEG	2e-05
CGSIIWEDTQYFGPG	2e-05
CGSILAGASEQYFGPG	2e-05
CGSILGGKPTLYFGSG	2e-05
CGSILLHSDYTFGSG	4e-05
CGSIQPGGGQAPLFGEG	2e-05
CGSITPPNERLFFGHG	2e-05
CGSKGDANSDYTFGSG	2e-05
CGSLDGSSSSPLYFGEG	4e-05
CGSLDRGDTGQLYFGEG	2e-05
CGSLDRNERLFFGHG	2e-05
CGSLHGTDNQAPLFGEG	2e-05
CGSLHQNTGQLYFGEG	2e-05
CGSLWTGDPEVFFGKG	2e-05
CGSNDRGEVFFGKG	4e-05
CGSNETPPKAYAVFFGKG	2e-05
CGSNRGEVFFGKG	4e-05
CGSNTGQLYFGEG	2e-05
CGSPRAIYAEQFFGPG	4e-05
CGSQNTLYFGAG	4e-05
CGSRDQGSSAETLYFGSG	2e-05
CGSRELGGTYAEQFFGPG	2e-05
CGSRGDTEVFFGKG	2e-05
CGSRGQGDTQYFGPG	2e-05
CGSRHRQNTLYFGAG	6.000000000000001e-05
CGSRIHSNERLFFGHG	6.000000000000001e-05
CGSRIQFSYNSPLYFGEG	8e-05
CGSRLEQPLNTLYFGEG	2e-05
CGSRLLGNTLYFGEG	2e-05
CGSRLRQEDNQAPLFGEG	2e-05
CGSRLSGQGKDTQYFGPG	2e-05
CGSRNPGEETLYFGSG	2e-05
CGSRPDVYTSPLYFGEG	2e-05
CGSRPGANAEQFFGPG	2e-05
CGSRQEEVFFGKG	2e-05
CGSRQGAQGPKVFFGKG	2e-05
CGSRRGNERLFFGHG	4e-05
CGSRTSNTEVFFGKG	2e-05
CGSSGGTYAEQFFGPG	2e-05
CGSSGRIQDTQYFGPG	2e-05
CGSSLQGYEQYFGPG	2e-05
CGSSPLVAHTGQLYFGEG	2e-05
CGSSQTGGEDTQYFGPG	2e-05
CGSSSGTGHTGQLYFGEG	2e-05
CGSSSSAETLYFGSG	2e-05
CGSSTPGGNYAEQFFGPG	4e-05
CGSSTQGGNTEVFFGKG	2e-05
CGSSTVGGSRSEQFFGPG	8e-05
CGSSTYREPNTEVFFGKG	2e-05
CGSSWGFVETLYFGSG	2e-05
CGSSYNSPLYFGEG	2e-05
CGSTISNERLFFGHG	2e-05
CGSTQYFGPG	2e-05
CGTCFGEG	2e-05
CGTDQEKCDSTQYFGPG	4e-05
CGTETLYFGSG	2e-05
CGTEVFFGKG	2e-05
CGTLYFGEG	2e-05
CGTRPDSDYTFGSG	4e-05
CGTRQTLNREQYFGPG	2e-05
CGTRTGEDTQYFGPG	2e-05
CGTSPLYFGEG	2e-05
CGTSPRSAETLYFGSG	2e-05
CGTTEDRANTGQLYFGEG	2e-05
CGTTNERLFFGHG	2e-05
CGVAFFGEG	2e-05
CGVCEKCDSTKSYAVFFGKG	2e-05
CGVDRANSDYTFGSG	2e-05
CGVDRGGNTLYFGEG	2e-05
CGVFFGKG	2e-05
CGVGLGSAETLYFGSG	6.000000000000001e-05
CGVGQGDTQYFGPG	4e-05
CGVGQGNTEVFFGKG	2e-05
CGVGRNVTPPKSYAVFFGKG	2e-05
CGVGTGNEQYFGPG	2e-05
CGVHAETLYFGSG	6.000000000000001e-05
CGVLDWGAQDTQYFGPG	4e-05
CGVLGDSYAEQFFGPG	2e-05
CGVLGGYEQYFGPG	2e-05
CGVLGNSDYTFGSG	6.000000000000001e-05
CGVLNATPPKSYAVFFGKG	6.000000000000001e-05
CGVLTGGALEQYFGPG	2e-05
CGVNGRGGRQCWLGNTLYFGEG	2e-05
CGVNGTGDTQYFGPG	2e-05
CGVNQDTQYFGPG	2e-05
CGVNWDYEQYFGPG	4e-05
CGVPTAETLYFGSG	2e-05
CGVPTLSGNTLYFGEG	2e-05
CGVQGAEQFFGPG	2e-05
CGVQGNTEVFFGKG	2e-05
CGVQVGQQDTQYFGPG	2e-05
CGVREVFFGKG	2e-05
CGVRQGGPNERLFFGHG	4e-05
CGVRQGTSGNTLYFGEG	2e-05
CGVRRNTLYFGEG	2e-05
CGVRRNVTPPKSYAVFFGKG	4e-05
CGVRSVSPPKSYAVFFGKG	2e-05
CGVRTANSDYTFGSG	2e-05
CGVSLGSSYEQYFGPG	4e-05
CGVSPRAGPEVFFGKG	2e-05
CGVSRDWGVAETLYFGSG	2e-05
CGVSRGDEQYFGPG	2e-05
CGVSTDQAPLFGEG	2e-05
CGVSTDSGNTLYFGEG	4e-05
CGVSTVSGNTLYFGEG	4e-05
CGVTGWGGVGLFFGEG	4e-05
CGVTQGANTEVFFGKG	2e-05
CGVVFGGGSFGAG	2e-05
CGVVWGVLYFGAG	4e-05
CGVYFGAG	2e-05
CGVYIDSGNTLYFGEG	2e-05
CGVYTAETLYFGSG	4e-05
CGWCVGVGVGVGGGFFGEG	2e-05
CGWFGPG	2e-05
CGWGKVAPPQAYGVFFGKG	4e-05
CGWGKVTPPNKHALFFGKG	4e-05
CGWGLACGGRFFGPG	2e-05
CGWGLGGVGEFFGKG	2e-05
CGWGLVINTGQLYFGEG	2e-05
CGWGNVTPTNTDAVFFGKG	4e-05
CGWGVGGAETLYFGSG	4e-05
CGWGVGNTLYFGEG	4e-05
CGWGVGVGQNTLYFGAG	2e-05
CGWGVRGARWFGPG	2e-05
CGWGVVGCFGQYFGAG	4e-05
CGWGWGGFGGVFFGEG	2e-05
CGWGWWGGGQLYFGEG	2e-05
CGWIPCIVHEERQLYFGEG	2e-05
CGWIRDRGPADYTFGSG	2e-05
CGWLAEAEVFFGKG	2e-05
CGWLPEEVNFFGKG	2e-05
CGWRFGGANFGEG	2e-05
CGWRQVRGGVSLYFGAG	2e-05
CGWSQGTEVFFGKG	2e-05
CGWSVGWGLGLSFGEG	4e-05
CGWTTTGGTTPLYFGAG	2e-05
CGWWFGEG	4e-05
CGYHFGEG	2e-05
CGYLEKCDSTQYFGPG	2e-05
CGYLEVFFGKG	2e-05
CHDWGENTLYFGAG	2e-05
CHDYAEQFFGPG	2e-05
CHNGASSQNSDYTFGSG	2e-05
CHQQRNVTPPKSYAVFFGKG	2e-05
CHRVEQYFGPG	2e-05
CHSCTGRGNTLYFGEG	2e-05
CHSTQDTQYFGPG	2e-05
CHVFGAG	2e-05
CHYTCHTQYFGPG	2e-05
CIAARGATGQLYFGEG	2e-05
CIAGDSSNSPLYFGEG	2e-05
CIAGGNTLYFGAG	2e-05
CIAGGSAETLYFGSG	2e-05
CIAGNQDTQYFGPG	4e-05
CIAGQGYSDYTFGSG	2e-05
CIAPAYEQYFGPG	2e-05
CIARQGNTEVFFGKG	2e-05
CIARQGPTEVFFGKG	2e-05
CIEALGRQNTLYFGAG	2e-05
CIEAQGGRQNTLYFGAG	2e-05
CIEDRDNQDTQYFGPG	2e-05
CIEGGASAETLYFGSG	2e-05
CIEPHWGGGAETLYFGSG	2e-05
CIGREQDTQYFGPG	2e-05
CIGSYNSPLYFGEG	4e-05
CIHPDGPVFFGKG	2e-05
CIPLSGNTLYFGEG	2e-05
CIPMGDTQYFGPG	2e-05
CIPRGNTLYFGEG	2e-05
CIPSTGENTEVFFGKG	4e-05
CIQAANTEVFFGKG	2e-05
CIQADTSQNTLYFGAG	2e-05
CIQGAEVFFGKG	2e-05
CIQGNSGNTLYFGEG	2e-05
CIQPWGAYEQYFGPG	2e-05
CIQSGSNTEVFFGKG	2e-05
CIRATNTGQLYFGEG	2e-05
CISIPTQYFGPG	2e-05
CISNPGANTEVFFGKG	2e-05
CISNRGEVFFGKG	2e-05
CISTSGAVFFGKG	2e-05
CITSSGNTLYFGEG	4e-05
CKAGTGDTGQLYFGEG	2e-05
CKDWENTGQLYFGEG	2e-05
CKGLGGREQYFGPG	6.000000000000001e-05
CKGTGGNTEVFFGKG	2e-05
CKHFSLLKKCDSTQYFGPG	2e-05
CKPDYTFGSG	2e-05
CKQGGYAEQFFGPG	4e-05
CKQGQNTLYFGAG	4e-05
CKQLYFGEG	2e-05
CKQNTEVFFGKG	2e-05
CKQRDIYAEQFFGPG	2e-05
CKRNVTPPKSYAVFFGKG	2e-05
CKRYFGSG	4e-05
CKVGASAETLYFGSG	2e-05
CLAGADTEVFFGKG	2e-05
CLAGTNTLYFGAG	2e-05
CLASIANTEVFFGKG	2e-05
CLCCEKCDSTQYFGPG	2e-05
CLDQNTLYFGAG	2e-05
CLEARGTEQYFGPG	2e-05
CLEQGRDQYFGPG	6.000000000000001e-05
CLFGEG	4e-05
CLGADGNQDTQYFGPG	2e-05
CLGAHIQNTLYFGAG	2e-05
CLGATEVFFGKG	2e-05
CLHSGTAQDTQYFGPG	2e-05
CLINVTPPKSYAVFFGKG	4e-05
CLKKKKLYFGEG	2e-05
CLKKKKQYFGPG	2e-05
CLKKKNNNQAPLFGEG	4e-05
CLKKKNQDTQYFGPG	4e-05
CLKKKNTLYFGAG	2e-05
CLKKKRLFFGHG	2e-05
CLKKNTEVFFGKG	4e-05
CLKKNTLYFGAG	2e-05
CLKKQNTLYFGAG	4e-05
CLKNKNFGEG	4e-05
CLKQKKFFGPG	2e-05
CLKTNTEVFFGKG	2e-05
CLPAGAEQFFGPG	2e-05
CLPAPEPNEQYFGPG	2e-05
CLPSGQFFGPG	8e-05
CLPSGQYSAEQFFGPG	2e-05
CLPSTGRGSYEQYFGPG	2e-05
CLPTGGTTEVFFGKG	4e-05
CLQNTLYFGAG	2e-05
CLQPGGTQNTLYFGAG	2e-05
CLQRNVTPPKSYAVFFGKG	2e-05
CLQTGGEVFFGKG	2e-05
CLRNVTPHKSYAVFFGKG	2e-05
CLRNVTPPKSYAVFFGKG	2e-05
CLRNVTPPKSYAVFGSG	2e-05
CLRRAGNPPAPNFGEG	2e-05
CLTKNTLYFGAG	2e-05
CLTSTEVFFGKG	2e-05
CLWGGPYAEQFFGPG	4e-05
CLYFGEG	2e-05
CLYFGSG	2e-05
CMANWGATGQLYFGEG	2e-05
CMEIMVGNTLYFGEG	2e-05
CMPETCDTNQDTQYFGPG	6.000000000000001e-05
CMQQGNSYNSPLYFGEG	6.000000000000001e-05
CMVERLFFGHG	2e-05
CNEQYFGPG	2e-05
CNGAFALLQSLYFGEG	2e-05
CNGPPTTSYAVFFGKG	2e-05
CNGRHHPNERLFFGHG	4e-05
CNNERLFFGHG	2e-05
CNPDWGSSYEQYFGPG	2e-05
CNPGGKNTLYFGAG	2e-05
CNRGNTEVFFGKG	2e-05
CNRQQNTLYFGAG	4e-05
CNSNERLFFGHG	2e-05
CNSVGETLYFGSG	4e-05
CNTGQLYFGEG	2e-05
CNVSEKSSANTEVFFGKG	2e-05
CNVTQPKAYPFFGKG	2e-05
CNYAEQFFGPG	2e-05
CPASRNVTPPKSYAVFFGKG	2e-05
CPCYSTQYFGPG	2e-05
CPGDQNTLYFGAG	2e-05
CPGRNVTPPKSYAVFFGKG	2e-05
CPGSFWENAEQFFGPG	2e-05
CPHTQELRTPEVFFGKG	2e-05
CPLFGEG	4e-05
CPLPLDYLAKCDSTQYFGPG	2e-05
CPLQRNVTPPMSYAVFFGKG	2e-05
CPLSSRRVEKCASTQYFGPG	2e-05
CPLYFGAG	2e-05
CPPLGIGQNTLYFGAG	2e-05
CPQYFGEG	2e-05
CPRNATPPNPYAVFFGKG	2e-05
CPRNATPPTPHAVFFGKG	2e-05
CPRNTLYFGEG	2e-05
CPRNVTPPKPDAVFFGKG	2e-05
CPRNVTPPKPNAVFFGKG	2e-05
CPRNVTPPKSYAVFFGKG	2e-05
CPRSCGRGGGNTLYFGEG	4e-05
CPRSRTGGNTGQLYFGEG	2e-05
CPRSTTPPTPYAVFFGKG	8e-05
CPSGNTLYFGEG	2e-05
CPSLEPRGGADEAEQFFGPG	2e-05
CPSNSDYTFGSG	2e-05
CPSSTAPGSNTEVFFGKG	2e-05
CPSSTAPRAGTQYFGPG	2e-05
CPSYRQANTEVFFGKG	2e-05
CPVENSDYTFGSG	2e-05
CQANVTQPKSNPVFFGKG	4e-05
CQERGRKEVFFGKG	2e-05
CQGGLGASQNTLYFGAG	2e-05
CQGSAETLYFGSG	2e-05
CQLYFGEG	2e-05
CQPRDGGGHTQYFGPG	6.000000000000001e-05
CQQASYEQYFGPG	4e-05
CQQFFGPG	2e-05
CQQLPGQLYFGEG	2e-05
CQQPTGQLYFGEG	4e-05
CQRQVGQLYFGEG	2e-05
CQRSDYTFGSG	2e-05
CQRWATEVFFGKG	2e-05
CQSCLDPRSPQYFGPG	2e-05
CQYFGPG	4e-05
CRAAAEVFFGKG	2e-05
CRAAMSAETLYFGSG	2e-05
CRACTGPNTGQLYFGEG	2e-05
CRADEGQYTEVFFGKG	2e-05
CRADFGAG	2e-05
CRADRGAQYFGPG	2e-05
CRADRNTEVFFGKG	2e-05
CRAGGEDTQYFGPG	2e-05
CRAGLDQDTQYFGPG	2e-05
CRAGQYNSPLYFGEG	2e-05
CRAGSNTEVFFGKG	2e-05
CRAGTGGSQNTLYFGAG	2e-05
CRALGGAEQFFGPG	2e-05
CRALPTSDYTFGSG	2e-05
CRAPSSSQNTLYFGAG	2e-05
CRAQGGSGNTLYFGEG	2e-05
CRARDSNERLFFGHG	2e-05
CRARGPSYEQYFGPG	2e-05
CRARQGGEATLYFGSG	2e-05
CRARQWAPEVFFGKG	4e-05
CRATEVFFGKG	2e-05
CRATGAGNTLYFGEG	2e-05
CRATGTGTNERLFFGHG	2e-05
CRATHTNAPRPALLYFGSG	2e-05
CRATSQNTLYFGAG	2e-05
CRAVGRGDAAHVFFGKG	2e-05
CRCIPPGNSPLYFGEG	2e-05
CRDGYTEVFFGKG	4e-05
CRDIYEQYFGPG	2e-05
CRDKTSAETLYFGSG	2e-05
CRDLGVGNTLYFGEG	2e-05
CRDNQAPLFGEG	4e-05
CRDNTEVFFGKG	2e-05
CRDNYEQYFGPG	4e-05
CRDRALYEQYFGPG	2e-05
CRDRANTEVFFGKG	2e-05
CRDRDRPETLYFGSG	4e-05
CRDRDRPTEVFFGKG	2e-05
CRDREENTEVFFGKG	2e-05
CRDRENTEVFFGKG	2e-05
CRDRGPEAEQFFGPG	2e-05
CRDRGPGNTLYFGEG	2e-05
CRDRGRAETLYFGSG	2e-05
CRDRGRERLFFGHG	4e-05
CRDRGRSYEQYFGPG	2e-05
CRDRRKPEVFFGKG	2e-05
CRDRRPNTEVFFGKG	6.000000000000001e-05
CRDRTNTEVFFGKG	4e-05
CRDSDYTFGSG	2e-05
CRDSNTEVFFGKG	2e-05
CRDSNYAEQFFGPG	2e-05
CRDWASSQNTLYFGAG	4e-05
CRDWGNTLYFGAG	2e-05
CRDWGQDTQYFGPG	2e-05
CREADRPREGVFFGKG	2e-05
CREAGAGAETLYFGSG	2e-05
CREAKQAKLYFGSG	2e-05
CREARSDYTFGSG	2e-05
CREGLGAQDTQYFGPG	2e-05
CREHNTLYFGAG	2e-05
CREISNERLFFGHG	2e-05
CRELDRANTEVFFGKG	2e-05
CRENSPLYFGEG	2e-05
CRENSTLYFGEG	6.000000000000001e-05
CREPTKAVFFGKG	2e-05
CREQGSSNTGQLYFGEG	2e-05
CREQISNERLFFGHG	4e-05
CRESIQDTQYFGPG	2e-05
CRETGGADYTFGSG	2e-05
CRETYEQYFGPG	2e-05
CRGAADWGYAEQFFGPG	2e-05
CRGANTGQLYFGEG	2e-05
CRGDAEQFFGPG	2e-05
CRGDRVQAPLFGEG	2e-05
CRGDWAAEQFFGPG	2e-05
CRGEGATQYFGPG	4e-05
CRGESAETLYFGSG	2e-05
CRGGGAETLYFGSG	4e-05
CRGGKAETLYFGSG	2e-05
CRGGQGQDTQYFGPG	2e-05
CRGGTGATNERLFFGHG	4e-05
CRGKSNTEVFFGKG	2e-05
CRGLQSDDPPLYFGEG	2e-05
CRGNETPHKSYAVFFGKG	2e-05
CRGQEEVFFGKG	2e-05
CRGQGNQAPLFGEG	2e-05
CRGQISNERLFFGHG	4e-05
CRGQNYAEQFFGPG	4e-05
CRGREGTEVFFGKG	2e-05
CRGRSSYEQYFGPG	2e-05
CRGSGEGQDTQYFGPG	2e-05
CRGSGITGQLYFGEG	2e-05
CRGTDNERLFFGHG	2e-05
CRGTEANERLFFGHG	2e-05
CRGTGNTGQLYFGEG	2e-05
CRGTGPETLYFGSG	2e-05
CRGTGPKTLYFGSG	2e-05
CRGTGRVFFGKG	2e-05
CRGTGSNERLFFGHG	6.000000000000001e-05
CRGTVSNERLFFGHG	2e-05
CRGVYEKCDSTQDTQYFGPG	2e-05
CRGWEDTQYFGPG	2e-05
CRHSGGPDTQYFGPG	2e-05
CRHTQYFGPG	2e-05
CRKTGSQDTQYFGPG	2e-05
CRLANPNTSYFGSG	2e-05
CRLEGGQNTLYFGAG	4e-05
CRLFFGHG	2e-05
CRLGSQNTLYFGAG	2e-05
CRLLQGGNQAPLFGEG	2e-05
CRLPLFGEG	2e-05
CRLVGGQNTLYFGAG	2e-05
CRNGPNTEVFFGKG	4e-05
CRNRDRNERLFFGHG	2e-05
CRNRGQGAETLYFGSG	2e-05
CRNRVGTEVFFGKG	2e-05
CRNTEVFFGKG	2e-05
CRPDGARGQLYFGEG	2e-05
CRPGQGRNTEVFFGKG	4e-05
CRPGQGYTQYFGPG	2e-05
CRPGQSNERLFFGHG	2e-05
CRPPGQGTERLFFGHG	2e-05
CRPQGANSDYTFGSG	2e-05
CRPTSDYTFGSG	2e-05
CRQAGGPYEQYFGPG	2e-05
CRQANTGQLYFGEG	2e-05
CRQDTEVFFGKG	6.000000000000001e-05
CRQGANTLYFGAG	2e-05
CRQGGNQAPLFGEG	2e-05
CRQGISNERLFFGHG	2e-05
CRQPGSQNTLYFGAG	4e-05
CRQQNTLYFGAG	6.000000000000001e-05
CRQSANTEVFFGKG	4e-05
CRQTDNQDTQYFGPG	2e-05
CRQTGGRAETLYFGSG	2e-05
CRRARATEVFFGKG	2e-05
CRRARGPGNTLYFGEG	2e-05
CRRDRATEVFFGKG	2e-05
CRRDRGNYAEQFFGPG	6.000000000000001e-05
CRREIQDTQYFGPG	2e-05
CRRGGARQDTQYFGPG	2e-05
CRRGGENTLYFGAG	2e-05
CRRNSYNSPLYFGEG	2e-05
CRRQGNSYNSPLYFGEG	2e-05
CRRQIQNTLYFGAG	2e-05
CRRQPNTEVFFGKG	2e-05
CRRQYNSPLYFGEG	4e-05
CRRRDNANTEVFFGKG	2e-05
CRRTISNERLFFGHG	2e-05
CRRTTNTGQLYFGEG	2e-05
CRRVSSYEQYFGPG	2e-05
CRSGDADSPDTQYFGPG	2e-05
CRSGDAPDNQDTQYFGPG	2e-05
CRSGTGGSSAETLYFGSG	2e-05
CRSGTSNTEVFFGKG	2e-05
CRSIQNTFSNERLFFGHG	4e-05
CRSITDNNQAPLFGEG	2e-05
CRSLQTENTYYFGEG	2e-05
CRSNESPPTAYAVFFGKG	2e-05
CRSPNTEVFFGKG	4e-05
CRSPQQGGSDYTFGSG	2e-05
CRTGGRARTLYFGSG	2e-05
CRTGPETLYFGSG	2e-05
CRTSNTEVFFGKG	2e-05
CRTSQNTLYFGAG	2e-05
CRTSSGNTLYFGEG	2e-05
CRTTPSNERLFFGHG	2e-05
CRVERLFFGHG	6.000000000000001e-05
CRVGGNQDTQYFGPG	2e-05
CRVGPDYTFGSG	2e-05
CRVGQGTEVFFGKG	2e-05
CRVRGNYAEQFFGPG	2e-05
CRVTARAETLYFGSG	2e-05
CRVTASNERLFFGHG	2e-05
CRWAWGGDQDTQYFGPG	6.000000000000001e-05
CRWDKNTLYFGEG	2e-05
CRWGGAGQDTQYFGPG	2e-05
CRYTDPEVFFGKG	2e-05
CRYTFGSG	4e-05
CSAAAETLYFGSG	2e-05
CSAAAGEQDTQYFGPG	2e-05
CSAAAGERLFFGHG	4e-05
CSAAAGGAEQFFGPG	2e-05
CSAAANTEVFFGKG	2e-05
CSAADIQDTQYFGPG	2e-05
CSAADISQNTLYFGAG	2e-05
CSAADRGEVFFGKG	2e-05
CSAADRGNTLYFGEG	2e-05
CSAADRRAEQFFGPG	2e-05
CSAADRSSGNTLYFGEG	2e-05
CSAADRTDTGQLYFGEG	2e-05
CSAADRYNSPLYFGEG	4e-05
CSAADSQYFGPG	2e-05
CSAADTEVFFGKG	4e-05
CSAADTSQNTLYFGAG	2e-05
CSAADWGGADEQYFGPG	2e-05
CSAAEAEVFFGKG	4e-05
CSAAEGSQDTQYFGPG	2e-05
CSAAEGTTLYFGAG	2e-05
CSAAEISQNTLYFGAG	2e-05
CSAAENRGYTEVFFGKG	4e-05
CSAAENTLYFGAG	2e-05
CSAAETEVFFGKG	2e-05
CSAAFSGNTLYFGEG	2e-05
CSAAFWGLNQDTQYFGPG	2e-05
CSAAGAPEQYFGPG	2e-05
CSAAGASQNTLYFGAG	2e-05
CSAAGDQDTQYFGPG	2e-05
CSAAGDRGDQNTLYFGAG	2e-05
CSAAGDTQYFGPG	2e-05
CSAAGEGDTGQLYFGEG	2e-05
CSAAGEGQNTLYFGAG	2e-05
CSAAGENTLYFGAG	2e-05
CSAAGERLFFGHG	2e-05
CSAAGGALAETLYFGSG	4e-05
CSAAGGANTGQLYFGEG	2e-05
CSAAGGDNQAPLFGEG	2e-05
CSAAGGENTLYFGAG	6.000000000000001e-05
CSAAGGGPETLYFGSG	2e-05
CSAAGGGQNTLYFGAG	2e-05
CSAAGGGRDTQYFGPG	6.000000000000001e-05
CSAAGGGTETLYFGSG	2e-05
CSAAGGNSDYTFGSG	2e-05
CSAAGGNTGQLYFGEG	2e-05
CSAAGGNTLYFGAG	2e-05
CSAAGGNTLYFGEG	4e-05
CSAAGGQDTQYFGPG	2e-05
CSAAGGQNTLYFGAG	2e-05
CSAAGGRAAEQFFGPG	2e-05
CSAAGGRAPLFGEG	2e-05
CSAAGGRQNTLYFGAG	2e-05
CSAAGGSYEQYFGPG	2e-05
CSAAGIGEQYFGPG	2e-05
CSAAGISNERLFFGHG	2e-05
CSAAGLGTQDTQYFGPG	2e-05
CSAAGLNYAEQFFGPG	2e-05
CSAAGNSGNTLYFGEG	2e-05
CSAAGPGNERLFFGHG	4e-05
CSAAGPSQNTLYFGAG	2e-05
CSAAGQAPLFGEG	2e-05
CSAAGQGYAEQFFGPG	2e-05
CSAAGQLVFFGKG	2e-05
CSAAGQNTLYFGAG	2e-05
CSAAGQPEQYFGPG	4e-05
CSAAGQTHEQYFGPG	2e-05
CSAAGQYNSPLYFGEG	4e-05
CSAAGRAETLYFGSG	4e-05
CSAAGRRDTQYFGPG	4e-05
CSAAGSEVFFGKG	2e-05
CSAAGSSRGAETLYFGSG	2e-05
CSAAGSYAEQFFGPG	2e-05
CSAAGSYNSPLYFGEG	2e-05
CSAAGTGDTEVFFGKG	2e-05
CSAAGTGEVFFGKG	2e-05
CSAAGTGGDAEQFFGPG	2e-05
CSAAGTGGERLFFGHG	2e-05
CSAAGTGGIEQYFGPG	2e-05
CSAAGTGGYEQYFGPG	2e-05
CSAAGTGPEVFFGKG	4e-05
CSAAGTGPSNERLFFGHG	2e-05
CSAAGTGQLYFGEG	4e-05
CSAAGTGRSETLYFGSG	2e-05
CSAAGTGSYEQYFGPG	2e-05
CSAAGTGYGSPLYFGEG	2e-05
CSAAGTKNTEVFFGKG	2e-05
CSAAGTKNTLYFGAG	2e-05
CSAAGTNTGQLYFGEG	2e-05
CSAAGTNYAEQFFGPG	2e-05
CSAAGTSEVFFGKG	2e-05
CSAAGTSQNTLYFGAG	2e-05
CSAAGTVNERLFFGHG	2e-05
CSAAGTYNSPLYFGEG	2e-05
CSAAGVEHTLYFGAG	4e-05
CSAAGVQNTLYFGAG	8e-05
CSAAGVVFFGKG	2e-05
CSAAGYQDTQYFGPG	2e-05
CSAAISNERLFFGHG	6.000000000000001e-05
CSAAKNTGQLYFGEG	2e-05
CSAALGAETLYFGSG	2e-05
CSAALGANERLFFGHG	2e-05
CSAALGDTQYFGPG	2e-05
CSAALGGSAEQFFGPG	2e-05
CSAALGPSQNTLYFGAG	2e-05
CSAALYEQYFGPG	2e-05
CSAANRAETLYFGSG	2e-05
CSAANSDYTFGSG	2e-05
CSAANSQNTLYFGAG	2e-05
CSAANSYEQYFGPG	4e-05
CSAANTEVFFGKG	4e-05
CSAANYAEQFFGPG	2e-05
CSAAPGLGGAETLYFGSG	2e-05
CSAAPGQEDTQYFGPG	4e-05
CSAAPGRNSDYTFGSG	4e-05
CSAAPGSQNTLYFGAG	2e-05
CSAAPHSDYTFGSG	2e-05
CSAAPRAETLYFGSG	2e-05
CSAAPTANTEVFFGKG	4e-05
CSAAQANTEVFFGKG	2e-05
CSAAQASAETLYFGSG	4e-05
CSAAQDNSPLYFGEG	4e-05
CSAAQKDTQYFGPG	2e-05
CSAAQNERLFFGHG	2e-05
CSAAQNTEVFFGKG	2e-05
CSAAQSNSPLYFGEG	2e-05
CSAAQTEVFFGKG	2e-05
CSAAQTNTEVFFGKG	2e-05
CSAARAENTLYFGAG	2e-05
CSAARAGNTLYFGEG	4e-05
CSAARASQNTLYFGAG	4e-05
CSAARDRGGAETLYFGSG	2e-05
CSAARDRPERLFFGHG	2e-05
CSAAREGAEQFFGPG	4e-05
CSAARESAETLYFGSG	2e-05
CSAARGADTQYFGPG	2e-05
CSAARGAEVFFGKG	2e-05
CSAARGDSDYTFGSG	4e-05
CSAARGEYAEQFFGPG	2e-05
CSAARGGGNTLYFGEG	4e-05
CSAARGSYNSPLYFGEG	4e-05
CSAARGWGSQNTLYFGAG	4e-05
CSAARHAGETLYFGSG	2e-05
CSAARNTLYFGAG	4e-05
CSAARQSSYEQYFGPG	6.000000000000001e-05
CSAARRATEVFFGKG	2e-05
CSAARRTEVFFGKG	2e-05
CSAARSQNTLYFGAG	2e-05
CSAASAETLYFGSG	2e-05
CSAASANSDYTFGSG	2e-05
CSAASGSDYTFGSG	2e-05
CSAASVNTGQLYFGEG	2e-05
CSAATDANTEVFFGKG	2e-05
CSAATEEVFFGKG	2e-05
CSAATGAHYNSPLYFGEG	2e-05
CSAATGGDAEQFFGPG	2e-05
CSAATGGSQNTLYFGAG	2e-05
CSAATNSDYTFGSG	2e-05
CSAATNTGQLYFGEG	2e-05
CSAATNTLYFGAG	4e-05
CSAATSAETLYFGSG	2e-05
CSAATSQNTLYFGAG	2e-05
CSAATYTEVFFGKG	2e-05
CSAAWGAAETLYFGSG	2e-05
CSAAWGARAEQFFGPG	6.000000000000001e-05
CSAAWGDSQNTLYFGAG	4e-05
CSAAWGEAETLYFGSG	2e-05
CSAAWGQDTQYFGPG	4e-05
CSAAWGQNTLYFGAG	2e-05
CSAAWGSQNTLYFGAG	2e-05
CSACREEVFFGKG	2e-05
CSADAENTEVFFGKG	4e-05
CSADAETLYFGSG	4e-05
CSADAGAAGQLYFGEG	2e-05
CSADAGARAEQFFGPG	2e-05
CSADAGATEVFFGKG	2e-05
CSADAGGASAETLYFGSG	2e-05
CSADAGGLNTLYFGAG	2e-05
CSADAGMQNTLYFGAG	2e-05
CSADAGNTEVFFGKG	2e-05
CSADAGQYAEQFFGPG	2e-05
CSADAGREQYFGPG	4e-05
CSADAGSSDYTFGSG	4e-05
CSADAGTANERLFFGHG	6.000000000000001e-05
CSADAGYEQYFGPG	2e-05
CSADAISQNTLYFGAG	2e-05
CSADALGVSYEQYFGPG	2e-05
CSADANSDYTFGSG	4e-05
CSADAQPNTLYFGAG	4e-05
CSADARGNTEVFFGKG	2e-05
CSADASEVFFGKG	4e-05
CSADASNYAEQFFGPG	2e-05
CSADATEVFFGKG	4e-05
CSADAVQNTLYFGAG	2e-05
CSADAYEQYFGPG	2e-05
CSADAYNSPLYFGEG	2e-05
CSADCLRGQGLNEQYFGPG	4e-05
CSADDDTGQLYFGEG	2e-05
CSADDERLFFGHG	4e-05
CSADDGGARQNTLYFGAG	2e-05
CSADDGGNTEVFFGKG	2e-05
CSADDIQNTLYFGAG	2e-05
CSADDISYNSPLYFGEG	2e-05
CSADDIYYILPLYFGEG	2e-05
CSADDKTNTEVFFGKG	2e-05
CSADDNYNSPLYFGEG	4e-05
CSADDRAETLYFGSG	2e-05
CSADDRDQDTQYFGPG	2e-05
CSADDREVTEVFFGKG	2e-05
CSADDRGDTQYFGPG	4e-05
CSADDRGRAETLYFGSG	4e-05
CSADDRNTLYFGAG	2e-05
CSADDRPQNTLYFGAG	2e-05
CSADDSQNTLYFGAG	2e-05
CSADDSSYEQYFGPG	2e-05
CSADDTLYFGAG	2e-05
CSADDTSYNSPLYFGEG	2e-05
CSADDVFFGKG	2e-05
CSADDWAGNTLYFGAG	2e-05
CSADDWGEKTLYFGSG	2e-05
CSADDWGGAETLYFGSG	4e-05
CSADDYEQYFGPG	8e-05
CSADDYTFGSG	2e-05
CSADEENTLYFGAG	2e-05
CSADEETQYFGPG	4e-05
CSADEGALEQYFGPG	4e-05
CSADEGATAEQFFGPG	4e-05
CSADEGGGSDYTFGSG	2e-05
CSADEGGSNERLFFGHG	4e-05
CSADEGKNTLYFGAG	2e-05
CSADEGNSDYTFGSG	6.000000000000001e-05
CSADEGNTEVFFGKG	2e-05
CSADEGQYTEVFFGKG	4e-05
CSADEGRSGNTLYFGEG	2e-05
CSADEGSSYEQYFGPG	4e-05
CSADEGTEVFFGKG	2e-05
CSADEQYFGPG	2e-05
CSADERLFFGHG	2e-05
CSADESTLYFGEG	2e-05
CSADETENTLYFGEG	2e-05
CSADETGNTLYFGAG	4e-05
CSADETLYFGSG	2e-05
CSADETQYFGPG	2e-05
CSADETTNTEVFFGKG	6.000000000000001e-05
CSADEVGTLYFGAG	2e-05
CSADEVSDYTFGSG	4e-05
CSADFGAG	2e-05
CSADFGPG	4e-05
CSADFGYTEVFFGKG	2e-05
CSADFIYEQYFGPG	4e-05
CSADFSSQNTLYFGAG	2e-05
CSADFWGNQDTQYFGPG	2e-05
CSADFYSPTIPTSYAVFFGKG	2e-05
CSADFYSPTPPKSSAVFFGKG	2e-05
CSADGAASGNTLYFGEG	2e-05
CSADGAGNQAPLFGEG	2e-05
CSADGAGSNTEVFFGKG	2e-05
CSADGANQDTQYFGPG	4e-05
CSADGANTEVFFGKG	2e-05
CSADGDEQYFGPG	2e-05
CSADGDGAETLYFGSG	2e-05
CSADGDIEQYFGPG	4e-05
CSADGDIYEQYFGPG	4e-05
CSADGDKDTQYFGPG	2e-05
CSADGDRGYAEQFFGPG	2e-05
CSADGDRPLYFGAG	2e-05
CSADGDRYSGNTLYFGEG	4e-05
CSADGEDVFFGKG	2e-05
CSADGEEVFFGKG	2e-05
CSADGEQYFGPG	2e-05
CSADGEVFFGKG	2e-05
CSADGFQNTLYFGAG	4e-05
CSADGGADSDYTFGSG	2e-05
CSADGGADTQYFGPG	2e-05
CSADGGAGNTLYFGEG	2e-05
CSADGGARAEQFFGPG	2e-05
CSADGGASGNTLYFGEG	2e-05
CSADGGAYEQYFGPG	4e-05
CSADGGDTEVFFGKG	2e-05
CSADGGEDTQYFGPG	4e-05
CSADGGENTLYFGAG	4e-05
CSADGGERLFFGHG	4e-05
CSADGGEVFFGKG	4e-05
CSADGGGADEQYFGPG	4e-05
CSADGGGADTQYFGPG	2e-05
CSADGGGAEQYFGPG	2e-05
CSADGGGAETLYFGSG	2e-05
CSADGGGGGERLFFGHG	4e-05
CSADGGGNQDTQYFGPG	4e-05
CSADGGGNTLYFGEG	2e-05
CSADGGGVQQYFGPG	2e-05
CSADGGIYAEQFFGPG	2e-05
CSADGGLGNQDTQYFGPG	2e-05
CSADGGLNQDTQYFGPG	2e-05
CSADGGNAETLYFGSG	4e-05
CSADGGNNQAPLFGEG	2e-05
CSADGGNQNTLYFGAG	2e-05
CSADGGNTEVFFGKG	2e-05
CSADGGNTGQLYFGEG	2e-05
CSADGGNTLYFGAG	4e-05
CSADGGPAVTGQLYFGEG	2e-05
CSADGGPQDTQYFGPG	2e-05
CSADGGPSGNTLYFGEG	2e-05
CSADGGPYEQYFGPG	2e-05
CSADGGQDTEVFFGKG	2e-05
CSADGGQNTEVFFGKG	4e-05
CSADGGQNTLYFGAG	2e-05
CSADGGQPYSDYTFGSG	2e-05
CSADGGQYNSPLYFGEG	2e-05
CSADGGRAYEQYFGPG	2e-05
CSADGGRPSDYTFGSG	2e-05
CSADGGSPLFGEG	2e-05
CSADGGVDTQYFGPG	2e-05
CSADGGVEQYFGPG	2e-05
CSADGGVNTLYFGEG	2e-05
CSADGGWATGQLYFGEG	4e-05
CSADGGWQNTLYFGAG	4e-05
CSADGGYEQYFGPG	4e-05
CSADGGYTSPLYFGEG	4e-05
CSADGLGEDTQYFGPG	2e-05
CSADGLGNTEVFFGKG	2e-05
CSADGNDSPLYFGEG	2e-05
CSADGNQNTLYFGAG	4e-05
CSADGNTLYFGAG	2e-05
CSADGNTLYFGEG	2e-05
CSADGNYAEQFFGPG	2e-05
CSADGPSGQLYFGEG	2e-05
CSADGQANTGQLYFGEG	2e-05
CSADGQEVFFGKG	2e-05
CSADGQGNSPLYFGEG	2e-05
CSADGQGNTEVFFGKG	2e-05
CSADGQGVNTEVFFGKG	2e-05
CSADGQNTEVFFGKG	2e-05
CSADGQNTLYFGAG	4e-05
CSADGQRATCDSTQDTQYFGPG	2e-05
CSADGQSGNTLYFGEG	2e-05
CSADGQYNSPLYFGEG	2e-05
CSADGRASPLYFGEG	2e-05
CSADGRDTEVFFGKG	2e-05
CSADGRDTLYFGAG	2e-05
CSADGREVFFGKG	2e-05
CSADGRGDSPLYFGEG	2e-05
CSADGRGEDTQYFGPG	2e-05
CSADGRGGYAEQFFGPG	2e-05
CSADGRGLIQYFGPG	4e-05
CSADGRNTGQLYFGEG	2e-05
CSADGRPHFGPG	2e-05
CSADGRPYEQYFGPG	2e-05
CSADGSQNTLYFGAG	2e-05
CSADGTANSDYTFGSG	2e-05
CSADGTANTEVFFGKG	2e-05
CSADGTDYNSPLYFGEG	2e-05
CSADGTEVFFGKG	2e-05
CSADGTGANERLFFGHG	2e-05
CSADGTGATEVFFGKG	2e-05
CSADGTGAYEQYFGPG	2e-05
CSADGTGDAEQFFGPG	2e-05
CSADGTGDTGQLYFGEG	2e-05
CSADGTGGIEQYFGPG	2e-05
CSADGTGGVFFGKG	8e-05
CSADGTGKNTEVFFGKG	2e-05
CSADGTGNSPLYFGEG	4e-05
CSADGTGNTEVFFGKG	2e-05
CSADGTGNTLYFGEG	2e-05
CSADGTGRGNTLYFGEG	4e-05
CSADGTGVQNTLYFGAG	4e-05
CSADGTTEVFFGKG	4e-05
CSADGTTNTEVFFGKG	2e-05
CSADGTVSNERLFFGHG	2e-05
CSADGTYEQYFGPG	2e-05
CSADGVGVNTLYFGAG	2e-05
CSADGVRNTLYFGEG	4e-05
CSADGVSAETLYFGSG	2e-05
CSADGWGDEQYFGPG	2e-05
CSADGWTGNERLFFGHG	2e-05
CSADGWTYAEQFFGPG	2e-05
CSADGYEQYFGPG	2e-05
CSADGYTGQLYFGEG	2e-05
CSADGYTSPLYFGEG	2e-05
CSADHAGELERLFFGHG	2e-05
CSADHGNSPLYFGEG	2e-05
CSADHGQGARNQAPLFGEG	2e-05
CSADHGRNTEVFFGKG	2e-05
CSADHGTKEVFFGKG	2e-05
CSADHIAETLYFGSG	2e-05
CSADHITEVFFGKG	2e-05
CSADHLAQDTQYFGPG	4e-05
CSADHLGGGDTQYFGPG	4e-05
CSADHLQDTQYFGPG	2e-05
CSADHNERLFFGHG	2e-05
CSADHNTEVFFGKG	2e-05
CSADHNWGNTLYFGAG	4e-05
CSADHNYEQYFGPG	2e-05
CSADHQNTLYFGAG	2e-05
CSADHRAVYAEQFFGPG	4e-05
CSADHREGNTLYFGEG	2e-05
CSADHRGNSDYTFGSG	4e-05
CSADHSAETLYFGSG	2e-05
CSADHSFQNTLYFGAG	4e-05
CSADHSSQNTLYFGAG	2e-05
CSADHSYGNTLYFGEG	2e-05
CSADHTEVFFGKG	2e-05
CSADHTQYFGPG	2e-05
CSADHVTQYFGPG	6.000000000000001e-05
CSADHWGEDTQYFGPG	2e-05
CSADIDTQYFGPG	2e-05
CSADIETLYFGSG	6.000000000000001e-05
CSADIGEGSDYTFGSG	4e-05
CSADIKDISPLYFGEG	2e-05
CSADIQGEVFFGKG	4e-05
CSADISQNTLYFGAG	2e-05
CSADITGQLYFGEG	2e-05
CSADITGRGSPLYFGEG	2e-05
CSADIYEQYFGPG	4e-05
CSADKARGRDSDYTFGSG	2e-05
CSADKASPLYFGEG	4e-05
CSADKGGQNTLYFGAG	2e-05
CSADKGQYFGPG	6.000000000000001e-05
CSADKGTYNSPLYFGEG	4e-05
CSADKKGQGDTQYFGPG	2e-05
CSADKNTGQLYFGEG	2e-05
CSADKRAETLYFGSG	2e-05
CSADKSQNTLYFGAG	2e-05
CSADKTGGLYEQYFGPG	2e-05
CSADKTGGTLYFGSG	2e-05
CSADKTRGTLYFGSG	2e-05
CSADKTSAETLYFGSG	2e-05
CSADKVCYNSPLYFGEG	6.000000000000001e-05
CSADKYEQYFGPG	2e-05
CSADLAASQNTLYFGAG	2e-05
CSADLDSGNTLYFGEG	2e-05
CSADLDSNERLFFGHG	2e-05
CSADLEQYFGPG	2e-05
CSADLGAAETLYFGSG	2e-05
CSADLGAEQFFGPG	4e-05
CSADLGAGDTQYFGPG	4e-05
CSADLGANYAEQFFGPG	2e-05
CSADLGAQNTLYFGAG	2e-05
CSADLGAYEQYFGPG	2e-05
CSADLGDTGQLYFGEG	2e-05
CSADLGDTQYFGPG	2e-05
CSADLGFQDTQYFGPG	2e-05
CSADLGGCYEQYFGPG	2e-05
CSADLGGDTQYFGPG	2e-05
CSADLGGFNQDTQYFGPG	2e-05
CSADLGGGNQDTQYFGPG	2e-05
CSADLGGNTEVFFGKG	2e-05
CSADLGGQDTQYFGPG	2e-05
CSADLGGQGEQYFGPG	2e-05
CSADLGGQNTLYFGAG	2e-05
CSADLGGRAEQFFGPG	2e-05
CSADLGGRALYFGAG	2e-05
CSADLGGRSYEQYFGPG	4e-05
CSADLGGSQNTLYFGAG	2e-05
CSADLGNSPLYFGEG	2e-05
CSADLGPSAETLYFGSG	2e-05
CSADLGQGADTEVFFGKG	2e-05
CSADLGQGAETLYFGSG	2e-05
CSADLGQGVYFGPG	2e-05
CSADLGQSQNTLYFGAG	2e-05
CSADLGQTEVFFGKG	2e-05
CSADLGRTEVFFGKG	2e-05
CSADLGSGNTLYFGEG	4e-05
CSADLGSSYEQYFGPG	4e-05
CSADLGSTGQLYFGEG	2e-05
CSADLGTGSLTEVFFGKG	2e-05
CSADLGTSAETLYFGSG	4e-05
CSADLGVNQDTQYFGPG	2e-05
CSADLGYAEQFFGPG	2e-05
CSADLNRNTEVFFGKG	2e-05
CSADLNSPLYFGEG	2e-05
CSADLNSQNTLYFGAG	2e-05
CSADLNTGQLYFGEG	2e-05
CSADLPHANAEQFFGPG	2e-05
CSADLQDTQYFGPG	2e-05
CSADLQGRSQNTLYFGAG	4e-05
CSADLRGGEQYFGPG	2e-05
CSADLRTEVFFGKG	2e-05
CSADLTGVNTLYFGAG	2e-05
CSADLTSGNTLYFGEG	4e-05
CSADLVDTGQLYFGEG	2e-05
CSADLVGNTLYFGEG	2e-05
CSADLWGRGNTLYFGEG	2e-05
CSADLYAEQFFGPG	2e-05
CSADLYRPAPPKSKYFGPG	2e-05
CSADLYSDYTFGSG	4e-05
CSADMAGGGFGPG	4e-05
CSADMGGGETLYFGSG	2e-05
CSADMGGNYAEQFFGPG	2e-05
CSADMGGRDTQYFGPG	2e-05
CSADMGNERLFFGHG	2e-05
CSADMNSPLYFGEG	4e-05
CSADMQNTLYFGAG	4e-05
CSADMVGNTLLFGEG	4e-05
CSADNEGCEQYFGPG	4e-05
CSADNERLFFGHG	2e-05
CSADNGRGPYEQYFGPG	2e-05
CSADNGTGQDTQYFGPG	2e-05
CSADNNQDTQYFGPG	2e-05
CSADNNQYFGPG	2e-05
CSADNNSNSDYTFGSG	2e-05
CSADNNYAEQFFGPG	2e-05
CSADNQDTQYFGPG	2e-05
CSADNRNTEVFFGKG	2e-05
CSADNSAETLYFGSG	2e-05
CSADNSEVFFGKG	2e-05
CSADNSGNTLYFGEG	6.000000000000001e-05
CSADNWGGTGQLYFGEG	2e-05
CSADNWTGGDTQYFGPG	2e-05
CSADNYEQYFGPG	2e-05
CSADPANTEVFFGKG	2e-05
CSADPANTGQLYFGEG	4e-05
CSADPDNSPLYFGEG	2e-05
CSADPDSGNTLYFGEG	2e-05
CSADPDTGQLYFGEG	2e-05
CSADPDTSYEQYFGPG	2e-05
CSADPFSGNTLYFGEG	2e-05
CSADPGADTLYFGAG	2e-05
CSADPGAEQFFGPG	2e-05
CSADPGAETLYFGSG	4e-05
CSADPGAGAEQFFGPG	2e-05
CSADPGASAETLYFGSG	4e-05
CSADPGASQNTLYFGAG	2e-05
CSADPGDQNTLYFGAG	2e-05
CSADPGGAEQFFGPG	2e-05
CSADPGGAGEQYFGPG	2e-05
CSADPGGAGTGQLYFGEG	2e-05
CSADPGGDAEQFFGPG	2e-05
CSADPGGSYEQYFGPG	4e-05
CSADPGGTEVFFGKG	2e-05
CSADPGGYAEQFFGPG	2e-05
CSADPGHDTLYFGAG	2e-05
CSADPGKETLYFGSG	4e-05
CSADPGNSPLYFGEG	4e-05
CSADPGNTEVFFGKG	2e-05
CSADPGNYAEQFFGPG	2e-05
CSADPGQGANTEVFFGKG	2e-05
CSADPGRGVFFGKG	2e-05
CSADPGSAETLYFGSG	2e-05
CSADPGSGNTLYFGEG	2e-05
CSADPGSYEQYFGPG	4e-05
CSADPGTASAETLYFGSG	2e-05
CSADPGTEVFFGKG	4e-05
CSADPGTSPLYFGEG	2e-05
CSADPGWDSPLYFGEG	4e-05
CSADPGWNTEVFFGKG	2e-05
CSADPISGNTLYFGEG	4e-05
CSADPLNTGQLYFGEG	2e-05
CSADPNSDYTFGSG	2e-05
CSADPQGGAETLYFGSG	2e-05
CSADPQGRGERLFFGHG	2e-05
CSADPQPNSDYTFGSG	4e-05
CSADPRADQDTQYFGPG	2e-05
CSADPRAGWETLYFGSG	2e-05
CSADPRGGRTLYFGAG	2e-05
CSADPRGPLYFGEG	2e-05
CSADPRGRETLYFGSG	4e-05
CSADPRNTEVFFGKG	6.000000000000001e-05
CSADPRQNTLYFGAG	2e-05
CSADPSNTEVFFGKG	2e-05
CSADPSSSYEQYFGPG	6.000000000000001e-05
CSADPSSYEQYFGPG	2e-05
CSADPTFTEVFFGKG	2e-05
CSADPTGETGQLYFGEG	2e-05
CSADPTGFFQLYFGEG	4e-05
CSADPTSYNSPLYFGEG	2e-05
CSADPTVQDTQYFGPG	2e-05
CSADPVTEVFFGKG	2e-05
CSADPWGINQDTQYFGPG	2e-05
CSADPWGRAETLYFGSG	2e-05
CSADPYAEQFFGPG	2e-05
CSADPYSGNTLYFGEG	2e-05
CSADQDTQYFGPG	2e-05
CSADQEAEQYFGPG	2e-05
CSADQEVFFGKG	2e-05
CSADQFIRGLEQYFGPG	2e-05
CSADQFSNERLFFGHG	2e-05
CSADQGAEQYFGPG	6.000000000000001e-05
CSADQGAETLYFGSG	2e-05
CSADQGAGAETLYFGSG	4e-05
CSADQGAGEQYFGPG	2e-05
CSADQGAGTQYFGPG	4e-05
CSADQGANSDYTFGSG	2e-05
CSADQGATEVFFGKG	8e-05
CSADQGGAGQLYFGEG	2e-05
CSADQGGPDYTFGSG	2e-05
CSADQGGSGNTLYFGEG	2e-05
CSADQGNSPLYFGEG	2e-05
CSADQGNSQNTLYFGAG	2e-05
CSADQGNTEVFFGKG	4e-05
CSADQGNTLYFGEG	4e-05
CSADQGQGNTEVFFGKG	2e-05
CSADQGRGNTEVFFGKG	2e-05
CSADQGSDYTFGSG	4e-05
CSADQGYEQYFGPG	4e-05
CSADQGYQDTQYFGPG	2e-05
CSADQISNERLFFGHG	2e-05
CSADQKNTEVFFGKG	2e-05
CSADQLVQNTLYFGAG	2e-05
CSADQNQDTQYFGPG	2e-05
CSADQQDTQYFGPG	2e-05
CSADQQTEVFFGKG	2e-05
CSADQRDYNSPLYFGEG	4e-05
CSADQRGRQNTLYFGAG	2e-05
CSADQRVETLYFGSG	2e-05
CSADQTADTQYFGPG	4e-05
CSADQTERLFFGHG	2e-05
CSADQTGGAETLYFGSG	6.000000000000001e-05
CSADQTGNTLYFGEG	2e-05
CSADQTGVPGNTLYFGEG	2e-05
CSADQTVEVFFGKG	2e-05
CSADQVRGTEVFFGKG	6.000000000000001e-05
CSADQVYEQYFGPG	4e-05
CSADQYANSDYTFGSG	2e-05
CSADRADEQYFGPG	8e-05
CSADRAGGDERLFFGHG	4e-05
CSADRAGRDTQYFGPG	2e-05
CSADRAGYNSPLYFGEG	2e-05
CSADRAHANTEVFFGKG	2e-05
CSADRANTEVFFGKG	2e-05
CSADRARGQLYFGEG	6.000000000000001e-05
CSADRARRDTQYFGPG	2e-05
CSADRAVQNTLYFGAG	2e-05
CSADRDERLFFGHG	2e-05
CSADRDGGNTLYFGEG	2e-05
CSADRDKKDTQYFGPG	2e-05
CSADRDNNQAPLFGEG	4e-05
CSADRDNSYEQYFGPG	2e-05
CSADRDNYAEQFFGPG	4e-05
CSADRDPFNQDTQYFGPG	2e-05
CSADRDPYAEQFFGPG	2e-05
CSADRDRRDTQYFGPG	2e-05
CSADRDSDYTFGSG	6.000000000000001e-05
CSADRDTGQLYFGEG	2e-05
CSADRDTLYFGAG	2e-05
CSADRDTYAEQFFGPG	2e-05
CSADRDWGGKNTLYFGAG	4e-05
CSADREAGQLYFGEG	2e-05
CSADREGFAEQFFGPG	4e-05
CSADREGQNTLYFGAG	2e-05
CSADREGYEQYFGPG	2e-05
CSADRENTLYFGAG	2e-05
CSADREQYFGPG	2e-05
CSADRERNSPLYFGEG	2e-05
CSADRFSNERLFFGHG	2e-05
CSADRGAGDERLFFGHG	4e-05
CSADRGAGYTEVFFGKG	2e-05
CSADRGANERLFFGHG	2e-05
CSADRGAQNTLYFGAG	2e-05
CSADRGARAEQFFGPG	2e-05
CSADRGDSGNTLYFGEG	4e-05
CSADRGDTGQLYFGEG	2e-05
CSADRGDTLYFGAG	2e-05
CSADRGEGQNTLYFGAG	4e-05
CSADRGENTLYFGAG	2e-05
CSADRGGAGTGQLYFGEG	2e-05
CSADRGGFAEQFFGPG	4e-05
CSADRGGGAEQFFGPG	2e-05
CSADRGGGSAETLYFGSG	2e-05
CSADRGGNERLFFGHG	4e-05
CSADRGGNTEVFFGKG	2e-05
CSADRGGNTLYFGEG	2e-05
CSADRGGQDTQYFGPG	2e-05
CSADRGGQFFGPG	2e-05
CSADRGGRGDTQYFGPG	2e-05
CSADRGGSNERLFFGHG	2e-05
CSADRGGSSYEQYFGPG	4e-05
CSADRGISNERLFFGHG	4e-05
CSADRGLGENTLYFGAG	2e-05
CSADRGLGNTLYFGEG	2e-05
CSADRGNERLFFGHG	4e-05
CSADRGNSDYTFGSG	2e-05
CSADRGPEVFFGKG	2e-05
CSADRGQGIEVFFGKG	2e-05
CSADRGQGNTLYFGEG	4e-05
CSADRGQTEVFFGKG	2e-05
CSADRGRGAETLYFGSG	2e-05
CSADRGRGEQYFGPG	2e-05
CSADRGRGNQAPLFGEG	4e-05
CSADRGRGNTLYFGEG	2e-05
CSADRGRGRHTEVFFGKG	2e-05
CSADRGRKDTQYFGPG	2e-05
CSADRGRNSPLYFGEG	2e-05
CSADRGRNSPPYFGEG	2e-05
CSADRGRNTEVFFGKG	2e-05
CSADRGRTEVFFGKG	2e-05
CSADRGSAETLYFGSG	2e-05
CSADRGSNSDYTFGSG	2e-05
CSADRGSNTLYFGAG	2e-05
CSADRGSQNTLYFGAG	4e-05
CSADRGSRLFFGHG	4e-05
CSADRGSSYEQYFGPG	2e-05
CSADRGYAEQFFGPG	2e-05
CSADRGYEQYFGPG	2e-05
CSADRHSNSDYTFGSG	2e-05
CSADRHTEVFFGKG	2e-05
CSADRIANTEVFFGKG	2e-05
CSADRITEVFFGKG	2e-05
CSADRKNTLYFGAG	2e-05
CSADRKTGQLYFGEG	2e-05
CSADRLGGFQNTLYFGAG	4e-05
CSADRLGGYAEQFFGPG	2e-05
CSADRLTSPLYFGEG	2e-05
CSADRLWAYEQYFGPG	2e-05
CSADRNNSPLYFGEG	2e-05
CSADRNQDTQYFGPG	2e-05
CSADRNSGNTLYFGEG	2e-05
CSADRNSPLYFGEG	4e-05
CSADRNTEVFFGKG	4e-05
CSADRNTLYFGAG	2e-05
CSADRPDYTFGSG	8e-05
CSADRPGANTEVFFGKG	2e-05
CSADRPGPEVFFGKG	2e-05
CSADRPNTLYFGEG	4e-05
CSADRPQYFGPG	2e-05
CSADRPRGQLYFGEG	2e-05
CSADRPSAETLYFGSG	2e-05
CSADRQDTQYFGPG	2e-05
CSADRQESQNTLYFGAG	2e-05
CSADRQFYAEQFFGPG	2e-05
CSADRQGANERLFFGHG	2e-05
CSADRQGGDTQYFGPG	2e-05
CSADRQGGELPLYFGEG	2e-05
CSADRQGGGTQYFGPG	4e-05
CSADRQGNTEVFFGKG	2e-05
CSADRQGRDSPLYFGEG	8e-05
CSADRQGTEVFFGKG	2e-05
CSADRQHYEQYFGPG	2e-05
CSADRQINSDYTFGSG	2e-05
CSADRQNTEVFFGKG	2e-05
CSADRQNTGQLYFGEG	2e-05
CSADRRAERLFFGHG	2e-05
CSADRRDPEVFFGKG	4e-05
CSADRRGEQYFGPG	2e-05
CSADRRGGNTEVFFGKG	2e-05
CSADRRGNTEVFFGKG	2e-05
CSADRRGQVFFGKG	2e-05
CSADRRGRAETLYFGSG	6.000000000000001e-05
CSADRRGRQYFGPG	2e-05
CSADRRGSETLYFGSG	2e-05
CSADRRNSPLYFGEG	2e-05
CSADRRQGNTLYFGEG	4e-05
CSADRRQNTLYFGAG	4e-05
CSADRRQYYAEQFFGPG	2e-05
CSADRSEQYFGPG	2e-05
CSADRSQNTLYFGAG	2e-05
CSADRSTEVFFGKG	4e-05
CSADRSWGSQNTLYFGAG	2e-05
CSADRTANTGQLYFGEG	2e-05
CSADRTDNSPLYFGEG	2e-05
CSADRTENTLYFGAG	2e-05
CSADRTEQYFGPG	2e-05
CSADRTEVFFGKG	2e-05
CSADRTGDAETLYFGSG	2e-05
CSADRTGDLYFGAG	2e-05
CSADRTGDTEVFFGKG	2e-05
CSADRTGGNSDYTFGSG	2e-05
CSADRTGGVFFGKG	2e-05
CSADRTGNSDYTFGSG	2e-05
CSADRTGRAPLFGEG	2e-05
CSADRTISNERLFFGHG	2e-05
CSADRTNEQYFGPG	2e-05
CSADRTQNTLYFGAG	4e-05
CSADRTSQNTLYFGAG	4e-05
CSADRTTSAETLYFGSG	2e-05
CSADRTTTLYFGEG	2e-05
CSADRTVNTLYFGAG	4e-05
CSADRVEQYFGPG	2e-05
CSADRVGGATQYFGPG	4e-05
CSADRVGGDTQYFGPG	2e-05
CSADRWENSGNTLYFGEG	2e-05
CSADRWGAGAEQFFGPG	4e-05
CSADRWGGHAEQFFGPG	2e-05
CSADRWGYEQYFGPG	2e-05
CSADRWSQNTLYFGAG	8e-05
CSADRYNSPLYFGEG	2e-05
CSADRYRTTETLYFGSG	2e-05
CSADSAAQDTQYFGPG	2e-05
CSADSAETLYFGSG	2e-05
CSADSAGSDERLFFGHG	2e-05
CSADSANTEVFFGKG	2e-05
CSADSANTGQLYFGEG	2e-05
CSADSDQDTQYFGPG	2e-05
CSADSENRTNTGQLYFGEG	2e-05
CSADSGAEQFFGPG	2e-05
CSADSGAGQLYFGEG	2e-05
CSADSGANYAEQFFGPG	2e-05
CSADSGEETEVFFGKG	2e-05
CSADSGGAETLYFGSG	2e-05
CSADSGGAGTQYFGPG	2e-05
CSADSGGAHEQYFGPG	2e-05
CSADSGGANTEVFFGKG	2e-05
CSADSGGARDTQYFGPG	2e-05
CSADSGGDSDYTFGSG	4e-05
CSADSGGPNYAEQFFGPG	2e-05
CSADSGGPYAEQFFGPG	4e-05
CSADSGHNERLFFGHG	4e-05
CSADSGNTLYFGEG	2e-05
CSADSGPGNERLFFGHG	2e-05
CSADSGPNERLFFGHG	6.000000000000001e-05
CSADSGQLYFGEG	2e-05
CSADSGSYAEQFFGPG	2e-05
CSADSGYNSPLYFGEG	2e-05
CSADSKQYFGPG	2e-05
CSADSLGNYAEQFFGPG	2e-05
CSADSLIMKQYFGPG	2e-05
CSADSLYEQYFGPG	2e-05
CSADSNERLFFGHG	2e-05
CSADSNSGNTLYFGEG	2e-05
CSADSNSPLYFGEG	2e-05
CSADSNWGGNQDTQYFGPG	2e-05
CSADSNYAEQFFGPG	2e-05
CSADSPLYFGEG	2e-05
CSADSPQNTLYFGAG	2e-05
CSADSPSDTQYFGPG	4e-05
CSADSQDTQYFGPG	4e-05
CSADSQSQNTLYFGAG	2e-05
CSADSRAERLFFGHG	4e-05
CSADSRAETLYFGSG	2e-05
CSADSRRNFGPG	4e-05
CSADSRTGGSAETLYFGSG	2e-05
CSADSSAETLYFGSG	2e-05
CSADSSNTGQLYFGEG	2e-05
CSADSSQNTLYFGAG	2e-05
CSADSSSGNTLYFGEG	2e-05
CSADSSYEQYFGPG	4e-05
CSADSTEVFFGKG	4e-05
CSADSTVGNTLYFGEG	2e-05
CSADSVQNTLYFGAG	4e-05
CSADSWSEQYFGPG	4e-05
CSADSYISPLYFGEG	4e-05
CSADSYNSPLYFGEG	4e-05
CSADTAGGNERLFFGHG	2e-05
CSADTANSDYTFGSG	2e-05
CSADTDSQDTQYFGPG	4e-05
CSADTDTQDTQYFGPG	4e-05
CSADTEQYFGPG	2e-05
CSADTETLYFGSG	2e-05
CSADTGAGNTLYFGEG	2e-05
CSADTGANTEVFFGKG	2e-05
CSADTGDERLFFGHG	2e-05
CSADTGETGNTLYFGEG	2e-05
CSADTGGANTEVFFGKG	4e-05
CSADTGGGEQYFGPG	4e-05
CSADTGGHQDTQYFGPG	2e-05
CSADTGGNTLYFGAG	2e-05
CSADTGGNYAEQFFGPG	2e-05
CSADTGGRDTQYFGPG	2e-05
CSADTGNREATQYFGPG	6.000000000000001e-05
CSADTGNTGQLYFGEG	2e-05
CSADTGRSQNTLYFGAG	2e-05
CSADTGRTEVFFGKG	2e-05
CSADTGTETLYFGSG	2e-05
CSADTHTSPLYFGEG	2e-05
CSADTLDTQYFGPG	4e-05
CSADTNQAPLFGEG	2e-05
CSADTNSDYTFGSG	2e-05
CSADTNSGNTLYFGEG	4e-05
CSADTNTEVFFGKG	2e-05
CSADTQYFGPG	2e-05
CSADTSSAETLYFGSG	2e-05
CSADTTGRRKTEVFFGKG	4e-05
CSADTVNTLYFGAG	6.000000000000001e-05
CSADTWGEGAETLYFGSG	4e-05
CSADTWGESQNTLYFGAG	2e-05
CSADTWGYEQYFGPG	2e-05
CSADTYEQYFGPG	2e-05
CSADVANTEVFFGKG	2e-05
CSADVGQGRVFFGKG	2e-05
CSADVKDTQYFGPG	4e-05
CSADVLGVSQNTLYFGAG	4e-05
CSADVNTEVFFGKG	2e-05
CSADVYSLAAQTLYFGSG	4e-05
CSADVYSTGGNEQYFGPG	2e-05
CSADWDNSPLYFGEG	6.000000000000001e-05
CSADWEEVFFGKG	4e-05
CSADWEQYFGPG	2e-05
CSADWGAEQYFGPG	2e-05
CSADWGAQDTQYFGPG	2e-05
CSADWGAYEQYFGPG	2e-05
CSADWGDAEQFFGPG	2e-05
CSADWGDQDTQYFGPG	2e-05
CSADWGDYEQYFGPG	2e-05
CSADWGEAEQFFGPG	2e-05
CSADWGEGQDTQYFGPG	4e-05
CSADWGEVFFGKG	2e-05
CSADWGEVNTLYFGAG	2e-05
CSADWGFYAEQFFGPG	2e-05
CSADWGGADEQYFGPG	4e-05
CSADWGGAEQFFGPG	4e-05
CSADWGGAEQYFGPG	2e-05
CSADWGGAETLYFGSG	2e-05
CSADWGGAGEQYFGPG	2e-05
CSADWGGALYFGAG	2e-05
CSADWGGDTQYFGPG	2e-05
CSADWGGFEQYFGPG	4e-05
CSADWGGIDTQYFGPG	2e-05
CSADWGGNQDTQYFGPG	2e-05
CSADWGGNTLYFGAG	2e-05
CSADWGGRQDTQYFGPG	2e-05
CSADWGGSYEQYFGPG	2e-05
CSADWGGVEQFFGPG	4e-05
CSADWGGVEQYFGPG	4e-05
CSADWGGYAEQFFGPG	4e-05
CSADWGLTEVFFGKG	2e-05
CSADWGPEQFFGPG	2e-05
CSADWGPYEQYFGPG	2e-05
CSADWGQNTLYFGAG	2e-05
CSADWGRYEQYFGPG	2e-05
CSADWGSSYEQYFGPG	2e-05
CSADWGTAEVFFGKG	2e-05
CSADWGVAEQFFGPG	2e-05
CSADWGVSSQNTLYFGAG	2e-05
CSADWGVYEQYFGPG	2e-05
CSADWGYQDTQYFGPG	2e-05
CSADWGYTGQLYFGEG	2e-05
CSADWIQNTLYFGAG	2e-05
CSADWLGGGDTQYFGPG	2e-05
CSADWNNSPLYFGEG	4e-05
CSADWNTGQLYFGEG	4e-05
CSADWPYEQYFGPG	2e-05
CSADWQGASQNTLYFGAG	2e-05
CSADWQGRAETLYFGSG	2e-05
CSADWQGSAETLYFGSG	2e-05
CSADWRAEQFFGPG	2e-05
CSADWRGNAEQFFGPG	2e-05
CSADWRGYAEQFFGPG	2e-05
CSADWRQNTLYFGAG	4e-05
CSADWSQNTLYFGAG	2e-05
CSADWTGQLYFGEG	2e-05
CSADWTTSAETLYFGSG	2e-05
CSADWVSQNTLYFGAG	4e-05
CSADWVYEQYFGPG	4e-05
CSADYEQYFGPG	2e-05
CSADYGGQNTLYFGAG	2e-05
CSADYGSGNTLYFGEG	2e-05
CSADYLNTEVFFGKG	2e-05
CSADYNSPLYFGEG	2e-05
CSADYNSQNTLYFGAG	2e-05
CSADYPNQAPLFGEG	2e-05
CSADYRNTEVFFGKG	2e-05
CSADYSGNTLYFGEG	2e-05
CSADYSPLYFGEG	2e-05
CSADYTFGSG	2e-05
CSAEAAGNTLYFGEG	4e-05
CSAEAGAGNTLYFGEG	2e-05
CSAEAGDYAEQFFGPG	2e-05
CSAEAGGQNTLYFGAG	4e-05
CSAEAGNTGQLYFGEG	2e-05
CSAEAGQNTLYFGAG	2e-05
CSAEAGQSNSDYTFGSG	2e-05
CSAEAGSDYTFGSG	4e-05
CSAEAGSSYEQYFGPG	2e-05
CSAEAGTANTEVFFGKG	2e-05
CSAEAKEVFFGKG	2e-05
CSAEANSDYTFGSG	2e-05
CSAEARANTEVFFGKG	2e-05
CSAEASQNTLYFGAG	2e-05
CSAEATSNTGQLYFGEG	2e-05
CSAEAVYNSPLYFGEG	2e-05
CSAEAWGGGQNTLYFGAG	4e-05
CSAEAYAEQFFGPG	2e-05
CSAEAYEQYFGPG	4e-05
CSAECHTNTEVFFGKG	2e-05
CSAEDEGQNNVHTEVFFGKG	2e-05
CSAEDKDTQYFGPG	2e-05
CSAEDKSAETLYFGSG	2e-05
CSAEDNANSDYTFGSG	2e-05
CSAEDNERLFFGHG	4e-05
CSAEDRAGNTLYFGEG	2e-05
CSAEDRGDSDYTFGSG	2e-05
CSAEDRGLEQYFGPG	2e-05
CSAEDRGLPLYFGEG	2e-05
CSAEDRPTQYFGPG	4e-05
CSAEDRVNQDTQYFGPG	4e-05
CSAEDSAETLYFGSG	2e-05
CSAEDSGNTLYFGEG	2e-05
CSAEDSQNTLYFGAG	2e-05
CSAEDTQYFGPG	2e-05
CSAEDWGAEQFFGPG	2e-05
CSAEDWGDTQYFGPG	4e-05
CSAEDWSQNTLYFGAG	2e-05
CSAEDWTNTGQLYFGEG	2e-05
CSAEDYEQYFGPG	2e-05
CSAEEDTNQAPLFGEG	2e-05
CSAEEGESSYEQYFGPG	2e-05
CSAEEGRGSDYTFGSG	2e-05
CSAEEQYFGPG	2e-05
CSAEETGLFFGHG	2e-05
CSAEETLYFGSG	4e-05
CSAEEVFFGKG	4e-05
CSAEFNERLFFGHG	2e-05
CSAEFSAETLYFGSG	2e-05
CSAEFYRAADPLYFGSG	2e-05
CSAEFYRPKNPQYFGPG	2e-05
CSAEFYRPPDPYFGPG	2e-05
CSAEFYRPTNPEQFFGPG	2e-05
CSAEFYRPTTQAFFGKG	2e-05
CSAEFYRPTVPETLYFGSG	2e-05
CSAEFYRTTNPSFGKG	4e-05
CSAEFYSPAIPTNTGQLYFGEG	2e-05
CSAEFYSPAIPTQYFGPG	2e-05
CSAEFYSPAIPYFGPG	2e-05
CSAEFYSPKVFFGKG	2e-05
CSAEFYSPPIPSAVFFGKG	2e-05
CSAEFYSPPIPYAEQFFGPG	2e-05
CSAEFYSPPNPSAVFFGKG	4e-05
CSAEFYSPPNPYAVFFGKG	4e-05
CSAEFYSPTFPFGAG	2e-05
CSAEFYSPTIPAQYFGPG	2e-05
CSAEFYSPTIPFFGPG	2e-05
CSAEFYSPTIPFGAG	2e-05
CSAEFYSPTIPFGKG	2e-05
CSAEFYSPTIPFGPG	2e-05
CSAEFYSPTIPLYFGEG	4e-05
CSAEFYSPTIPNFGPG	2e-05
CSAEFYSPTIPPRSFGEG	2e-05
CSAEFYSPTIPQAPLFGEG	2e-05
CSAEFYSPTIPQYFGPG	2e-05
CSAEFYSPTIPSFGPG	2e-05
CSAEFYSPTIPSTFGSG	2e-05
CSAEFYSPTIPTLYFGAG	2e-05
CSAEFYSPTIPTQYFGPG	2e-05
CSAEFYSPTIPTSLDFGEG	2e-05
CSAEFYSPTIPYFGEG	4e-05
CSAEFYSPTIPYTFGSG	4e-05
CSAEFYSPTIQDTQYFGPG	2e-05
CSAEFYSPTIQVFFGKG	4e-05
CSAEFYSPTLPLCFGPG	2e-05
CSAEFYSPTLYFGSG	2e-05
CSAEFYSPTNHTQYFGPG	2e-05
CSAEFYSPTNPTLYFGAG	2e-05
CSAEFYSPTNPYGAFFFGKG	2e-05
CSAEFYSPTNSDYTFGSG	2e-05
CSAEFYSPTNTEVFFGKG	4e-05
CSAEFYSPTTPQFFGPG	2e-05
CSAEFYSPTTPYTFGSG	2e-05
CSAEFYSPTVPYFGPG	2e-05
CSAEFYSQNTLYFGAG	2e-05
CSAEFYSQTNPFFGKG	2e-05
CSAEFYTFGSG	2e-05
CSAEFYTQYFGPG	2e-05
CSAEGAETLYFGSG	2e-05
CSAEGAGEQFFGPG	2e-05
CSAEGAGNTLYFGEG	2e-05
CSAEGANSDYTFGSG	4e-05
CSAEGANTEVFFGKG	2e-05
CSAEGANTGQLYFGEG	4e-05
CSAEGAQDTQYFGPG	2e-05
CSAEGARNTGQLYFGEG	2e-05
CSAEGARQTEVFFGKG	2e-05
CSAEGASQNTLYFGAG	2e-05
CSAEGDIQDTQYFGPG	2e-05
CSAEGDNQDTQYFGPG	2e-05
CSAEGDTEVFFGKG	4e-05
CSAEGEQFFGPG	2e-05
CSAEGEQYFGPG	2e-05
CSAEGGAAETLYFGSG	6.000000000000001e-05
CSAEGGAYEQYFGPG	2e-05
CSAEGGGAEQFFGPG	4e-05
CSAEGGGGTEVFFGKG	2e-05
CSAEGGGNTLYFGEG	4e-05
CSAEGGGQDTQYFGPG	4e-05
CSAEGGGTQYFGPG	2e-05
CSAEGGGTRDTQYFGPG	2e-05
CSAEGGHERLFFGHG	2e-05
CSAEGGPQYFGPG	2e-05
CSAEGGQFFGPG	4e-05
CSAEGGTQYFGPG	2e-05
CSAEGGTVGQLYFGEG	2e-05
CSAEGHNYAEQFFGPG	2e-05
CSAEGHTGQLYFGEG	2e-05
CSAEGINQDTQYFGPG	2e-05
CSAEGISGNTLYFGEG	4e-05
CSAEGLEKCDSTQYFGPG	2e-05
CSAEGLGGAETLYFGSG	2e-05
CSAEGLGGLSAETLYFGSG	2e-05
CSAEGLGGPEQYFGPG	2e-05
CSAEGLGGREQYFGPG	2e-05
CSAEGLGGYEQYFGPG	2e-05
CSAEGLGTSQNTLYFGAG	2e-05
CSAEGLGVFAETLYFGSG	2e-05
CSAEGLQDTQYFGPG	2e-05
CSAEGNERLFFGHG	4e-05
CSAEGNNQAPLFGEG	2e-05
CSAEGNSPLYFGEG	2e-05
CSAEGNTGQLYFGEG	4e-05
CSAEGPNSGNTLYFGEG	2e-05
CSAEGQANTEVFFGKG	2e-05
CSAEGQDDERLFFGHG	2e-05
CSAEGQDTQYFGPG	6.000000000000001e-05
CSAEGQEIFGKG	4e-05
CSAEGQGAREQYFGPG	6.000000000000001e-05
CSAEGQGGAETLYFGSG	2e-05
CSAEGQGGNTLYFGEG	2e-05
CSAEGQGLGNTLYFGEG	4e-05
CSAEGQGNSDYTFGSG	2e-05
CSAEGQSRAPLFGEG	2e-05
CSAEGRANERLFFGHG	2e-05
CSAEGRDGQLYFGEG	2e-05
CSAEGRGATEVFFGKG	2e-05
CSAEGRGDSDYTFGSG	2e-05
CSAEGRGNTEVFFGKG	2e-05
CSAEGRGSYEQYFGPG	2e-05
CSAEGRRDTEVFFGKG	2e-05
CSAEGSNNQAPLFGEG	2e-05
CSAEGSSQNTLYFGAG	4e-05
CSAEGTAEVFFGKG	2e-05
CSAEGTETLYFGSG	2e-05
CSAEGTEVFFGKG	2e-05
CSAEGTGDRSYEQYFGPG	2e-05
CSAEGTGGIQDTQYFGPG	2e-05
CSAEGTGGNTLYFGEG	2e-05
CSAEGTGGQAPLFGEG	2e-05
CSAEGTGGTEVFFGKG	2e-05
CSAEGTGGYEQYFGPG	2e-05
CSAEGTPGTEVFFGKG	4e-05
CSAEGTPNTEVFFGKG	2e-05
CSAEGTRDTQYFGPG	2e-05
CSAEGVPDTQYFGPG	2e-05
CSAEGWGAETLYFGSG	4e-05
CSAEGYAEQFFGPG	4e-05
CSAEGYEQYFGPG	4e-05
CSAEGYNYAEQFFGPG	2e-05
CSAEGYSPSYQSPPYFGEG	2e-05
CSAEGYTATLFFGHG	2e-05
CSAEGYTEVFFGKG	2e-05
CSAEHLNNQAPLFGEG	2e-05
CSAEHQSYNSPLYFGEG	2e-05
CSAEHTDSPLYFGEG	2e-05
CSAEHTEVFFGKG	2e-05
CSAEIANTLYFGAG	2e-05
CSAEIHCPTTQYFGPG	2e-05
CSAEIHGLGVPTLYFGAG	4e-05
CSAEIHGPGANERLFFGHG	2e-05
CSAEIHSTAVAQFFGPG	2e-05
CSAEINRPRNTEVFFGKG	4e-05
CSAEISGRTTQYFGPG	8e-05
CSAEISNERLFFGHG	2e-05
CSAEISNLYEQYFGPG	6.000000000000001e-05
CSAEISRPRVPSPLYFGEG	4e-05
CSAEISRPTTGQLYFGEG	2e-05
CSAEISSPTNTGQLYFGEG	2e-05
CSAEITVRGYEQYFGPG	2e-05
CSAEIWGNYAEQFFGPG	6.000000000000001e-05
CSAEIYGPAIDTQYFGPG	2e-05
CSAEIYGPSIAETLYFGSG	2e-05
CSAEIYKPNTEVFFGKG	2e-05
CSAEIYNIKNTLYFGAG	2e-05
CSAEIYNQTNPTQDTQYFGPG	2e-05
CSAEIYRANTEVFFGKG	2e-05
CSAEIYRASGNTLYFGEG	2e-05
CSAEIYRATIPVSLYFGSG	4e-05
CSAEIYRLAVPTQYFGPG	2e-05
CSAEIYRPAIPHTQYFGPG	2e-05
CSAEIYRPAQFFGPG	2e-05
CSAEIYSPAIPETLYFGSG	2e-05
CSAEIYSPKVPYFGPG	2e-05
CSAEIYSPPIPSGAFFFGKG	2e-05
CSAEIYSPPIPYGAFFFGKG	4e-05
CSAEIYSPTDPFFGKG	4e-05
CSAEIYSPTFPFGAG	2e-05
CSAEIYSPTIPAQFFGPG	2e-05
CSAEIYSPTIPARFFGPG	2e-05
CSAEIYSPTIPHFGPG	2e-05
CSAEIYSPTIPNAVFFGKG	2e-05
CSAEIYSPTIPPCFGPG	2e-05
CSAEIYSPTIPQYFGPG	2e-05
CSAEIYSPTIPTFGSG	2e-05
CSAEIYSPTIPTLYFGAG	2e-05
CSAEIYSPTIPTQYFGPG	2e-05
CSAEIYSPTIPTRSFGAG	2e-05
CSAEIYSPTLYFGEG	2e-05
CSAEIYSPTNQAPLFGEG	2e-05
CSAEIYSRRSYEQYFGPG	2e-05
CSAEIYSSRIHEQYFGPG	2e-05
CSAEIYSTNNQAPLFGEG	2e-05
CSAEIYTPTETLYFGSG	2e-05
CSAEKCDSPKSYAVFFGKG	4e-05
CSAEKCDSTKSYAVFFGKG	2e-05
CSAEKGRANTLYFGAG	6.000000000000001e-05
CSAEKNTLYFGAG	2e-05
CSAELGENTLYFGAG	2e-05
CSAELGGLQYFGPG	4e-05
CSAELGGREQYFGPG	2e-05
CSAELGGREYFGPG	2e-05
CSAELGGYEQYFGPG	2e-05
CSAELGGYYEQYFGPG	6.000000000000001e-05
CSAELGNTLYFGAG	2e-05
CSAELGSQNTLYFGAG	2e-05
CSAELNQDTQYFGPG	2e-05
CSAELYSPTVPLYFGEG	4e-05
CSAENLTPPNSYPVFFGKG	2e-05
CSAENNYAEQFFGPG	2e-05
CSAENRDYEQYFGPG	2e-05
CSAENSDYTFGSG	2e-05
CSAENSPLYFGEG	2e-05
CSAENTEVFFGKG	2e-05
CSAENTGQLYFGEG	2e-05
CSAENTLYFGAG	2e-05
CSAENWGEYEQYFGPG	2e-05
CSAENYEQYFGPG	2e-05
CSAEPGAENTLYFGAG	2e-05
CSAEPGAHQDTQYFGPG	4e-05
CSAEPGDQNTLYFGAG	2e-05
CSAEPGGQDTQYFGPG	2e-05
CSAEPGRDTQYFGPG	2e-05
CSAEPNERLFFGHG	4e-05
CSAEPPKPSFGKG	2e-05
CSAEPRGTGQLYFGEG	4e-05
CSAEPVQRSRTEQFFGPG	6.000000000000001e-05
CSAEQANTEVFFGKG	2e-05
CSAEQGAETLYFGSG	2e-05
CSAEQGAREQYFGPG	2e-05
CSAEQGATEVFFGKG	4e-05
CSAEQGGTGQLYFGEG	2e-05
CSAEQGNNERLFFGHG	6.000000000000001e-05
CSAEQGSGNTLYFGEG	4e-05
CSAEQGSQNTLYFGAG	6.000000000000001e-05
CSAEQGTTEVFFGKG	4e-05
CSAEQKDTQYFGPG	2e-05
CSAEQNTEVFFGKG	2e-05
CSAEQSEQYFGPG	2e-05
CSAEQSQNTLYFGAG	4e-05
CSAERAEQFFGPG	2e-05
CSAERASNTGQLYFGEG	2e-05
CSAERAWGGLGQFFGPG	2e-05
CSAERDRISNERLFFGHG	4e-05
CSAERENTLYFGAG	4e-05
CSAERGDAEQFFGPG	6.000000000000001e-05
CSAERGGAEAETLYFGSG	2e-05
CSAERGGNTLYFGEG	4e-05
CSAERGGSNTEVFFGKG	2e-05
CSAERGGSTLYFGEG	2e-05
CSAERGNQDTQYFGPG	2e-05
CSAERGNTLYFGEG	2e-05
CSAERGPGNTLYFGEG	2e-05
CSAERGQGNTLYFGEG	4e-05
CSAERGQLYFGEG	4e-05
CSAERGSPLYFGEG	2e-05
CSAERGTGNTLYFGEG	2e-05
CSAERGTQYFGPG	4e-05
CSAERKSAETLYFGSG	4e-05
CSAERLDTLYFGAG	2e-05
CSAERMSAETLYFGSG	2e-05
CSAERNVTPPKSYAVFFGKG	2e-05
CSAERPANTEVFFGKG	2e-05
CSAERPYSSPLYFGEG	2e-05
CSAERQGGETLYFGSG	2e-05
CSAERQNNERLFFGHG	2e-05
CSAERQPHEQYFGPG	2e-05
CSAERRLYFGAG	4e-05
CSAERTGGDTQYFGPG	2e-05
CSAERTGNNQAPLFGEG	2e-05
CSAERTGRDTQYFGPG	6.000000000000001e-05
CSAERTVYEQYFGPG	2e-05
CSAERVYEQYFGPG	2e-05
CSAERYTGQLYFGEG	2e-05
CSAESANERLFFGHG	2e-05
CSAESEQYFGPG	2e-05
CSAESGGYAEQFFGPG	4e-05
CSAESGNTLYFGEG	4e-05
CSAESGYNERLFFGHG	6.000000000000001e-05
CSAESHTGGLSEQFFGPG	2e-05
CSAESNQDTQYFGPG	6.000000000000001e-05
CSAESNTEVFFGKG	2e-05
CSAESQGNTEVFFGKG	2e-05
CSAESSAETLYFGSG	2e-05
CSAESSGNTLYFGEG	2e-05
CSAESSQNTLYFGAG	2e-05
CSAESWGSQNTLYFGAG	4e-05
CSAESYEQYFGPG	6.000000000000001e-05
CSAESYGPKKQYFGPG	2e-05
CSAESYRESYHSPLYFGEG	2e-05
CSAESYSLAIPCWPYFGEG	2e-05
CSAESYTEVFFGKG	2e-05
CSAETANERLFFGHG	2e-05
CSAETANSDYTFGSG	2e-05
CSAETANTGQLYFGEG	2e-05
CSAETGAENTLYFGAG	2e-05
CSAETGAYEQYFGPG	2e-05
CSAETGGFTEVFFGKG	4e-05
CSAETGGHYAEQFFGPG	2e-05
CSAETGGTEVFFGKG	2e-05
CSAETGGVNYAEQFFGPG	2e-05
CSAETGQAPLFGEG	4e-05
CSAETGTGQDTQYFGPG	4e-05
CSAETISNERLFFGHG	2e-05
CSAETISYEQYFGPG	2e-05
CSAETNSPLYFGEG	2e-05
CSAETPEVFFGKG	4e-05
CSAETRGLNTEVFFGKG	2e-05
CSAETSAETLYFGSG	2e-05
CSAETSNTEVFFGKG	4e-05
CSAETSQNTLYFGAG	2e-05
CSAETSSQNTLYFGAG	2e-05
CSAETTSAETLYFGSG	2e-05
CSAETVGEQYFGPG	2e-05
CSAETYSGNTLYFGEG	2e-05
CSAEVGMRDTQYFGPG	2e-05
CSAEVGRATEVFFGKG	2e-05
CSAEVKNVTPPKSYAVFFGKG	2e-05
CSAEVRNVTPPKSYAVFFGKG	2e-05
CSAEVSNERLFFGHG	2e-05
CSAEVSSTEVFFGKG	2e-05
CSAEVYNATPPKSYAVFFGKG	4e-05
CSAEVYRPKIQTGAYFGEG	2e-05
CSAEVYRPRMPQCFGPG	2e-05
CSAEVYRPTEQYFGPG	2e-05
CSAEVYRPTIPTEVFFGKG	4e-05
CSAEVYRPTTPSSFGSG	4e-05
CSAEVYSAETLYFGSG	4e-05
CSAEVYSPRIPDQYFGPG	4e-05
CSAEVYSPSIPYAEQFFGPG	2e-05
CSAEVYSPTIPETLYFGSG	2e-05
CSAEVYSPTIPLDFGPG	2e-05
CSAEVYSPTIPTFGSG	2e-05
CSAEVYSPTIQTLYFGSG	2e-05
CSAEVYSPTNPDSTQYFGPG	4e-05
CSAEVYSPTNPFGPG	2e-05
CSAEVYSPTNTEVFFGKG	4e-05
CSAEVYSTTIPLFGEG	2e-05
CSAEWEDTQYFGPG	2e-05
CSAEWGAAETLYFGSG	2e-05
CSAEWGLEQYFGPG	2e-05
CSAEWGPSAETLYFGSG	2e-05
CSAEWGQTNTGQLYFGEG	2e-05
CSAEWGSSYEQYFGPG	2e-05
CSAEWGTEAPLFGEG	4e-05
CSAEWGVYEQYFGPG	2e-05
CSAEWLGGGDTQYFGPG	2e-05
CSAEWLGGRDTQYFGPG	2e-05
CSAEWTTNSDYTFGSG	4e-05
CSAEYERLFFGHG	6.000000000000001e-05
CSAEYNSGNTLYFGEG	2e-05
CSAEYNSPLYFGEG	4e-05
CSAEYWGNAEQFFGPG	2e-05
CSAFFGKG	2e-05
CSAFGTTNSDYTFGSG	2e-05
CSAFGYAEQFFGPG	2e-05
CSAFSSYNSPLYFGEG	2e-05
CSAFTGEETLYFGSG	2e-05
CSAFYNSPLYFGEG	2e-05
CSAGAAEQFFGPG	4e-05
CSAGAANERLFFGHG	2e-05
CSAGAANTEVFFGKG	2e-05
CSAGACRANTEVFFGKG	2e-05
CSAGADNNQAPLFGEG	2e-05
CSAGADTQYFGPG	2e-05
CSAGADYNSPLYFGEG	2e-05
CSAGAGGGEQYFGPG	4e-05
CSAGAGGGTDTQYFGPG	4e-05
CSAGAGGIYEQYFGPG	2e-05
CSAGAGGYEQYFGPG	2e-05
CSAGAGNTLYFGEG	2e-05
CSAGAGTEVFFGKG	2e-05
CSAGANQAPLFGEG	2e-05
CSAGANSDYTFGSG	2e-05
CSAGANTGQLYFGEG	8e-05
CSAGARAETLYFGSG	4e-05
CSAGAREAEVFFGKG	2e-05
CSAGASAETLYFGSG	4e-05
CSAGASGNTLYFGEG	2e-05
CSAGASSYEQYFGPG	2e-05
CSAGATVFFGKG	2e-05
CSAGDDTQYFGPG	4e-05
CSAGDEQYFGPG	2e-05
CSAGDGAETLYFGSG	2e-05
CSAGDGNTLYFGEG	2e-05
CSAGDISGNTLYFGEG	2e-05
CSAGDKTEVFFGKG	2e-05
CSAGDNQNTLYFGAG	4e-05
CSAGDNTEVFFGKG	2e-05
CSAGDRDYTFGSG	2e-05
CSAGDRNTEVFFGKG	2e-05
CSAGDRVYEQYFGPG	2e-05
CSAGDSQNTLYFGAG	2e-05
CSAGDSTEVFFGKG	4e-05
CSAGDSYNSPLYFGEG	2e-05
CSAGDTEVFFGKG	2e-05
CSAGDTYAEQFFGPG	2e-05
CSAGDTYEQYFGPG	2e-05
CSAGDTYNSPLYFGEG	4e-05
CSAGDWGAYEQYFGPG	2e-05
CSAGDWGVEQYFGPG	2e-05
CSAGDWGYAEQFFGPG	2e-05
CSAGDWGYEQYFGPG	6.000000000000001e-05
CSAGEANERLFFGHG	4e-05
CSAGEDTGQLYFGEG	4e-05
CSAGEDTLYFGEG	2e-05
CSAGEDTQYFGPG	2e-05
CSAGEEVFFGKG	4e-05
CSAGEGSDYTFGSG	2e-05
CSAGEKNTLYFGAG	2e-05
CSAGENSDYTFGSG	2e-05
CSAGENTEVFFGKG	4e-05
CSAGENTLYFGAG	2e-05
CSAGERNTEVFFGKG	4e-05
CSAGERTEVFFGKG	2e-05
CSAGESSYNSPLYFGEG	2e-05
CSAGETLYFGSG	4e-05
CSAGEYEQYFGPG	2e-05
CSAGEYTEVFFGKG	2e-05
CSAGFDNYTTPLYFGEG	2e-05
CSAGFLRRTGAETLYFGSG	4e-05
CSAGFSGPTIPEQFFGPG	2e-05
CSAGFSNERLFFGHG	2e-05
CSAGFYRPGSPTQYFGPG	2e-05
CSAGFYRPNSDYTFGSG	4e-05
CSAGFYRRTGPETLYFGSG	2e-05
CSAGFYSPTIPNFGPG	4e-05
CSAGFYSQNTLYFGAG	4e-05
CSAGFYTAPHPSPLYFGEG	2e-05
CSAGGAAAETLYFGSG	2e-05
CSAGGADTQYFGPG	4e-05
CSAGGAEQFFGPG	2e-05
CSAGGAFGNTLYFGEG	2e-05
CSAGGAGERLFFGHG	2e-05
CSAGGAGQLYFGEG	2e-05
CSAGGAGTEVFFGKG	2e-05
CSAGGAKHTQYFGPG	4e-05
CSAGGALEQYFGPG	4e-05
CSAGGANTEVFFGKG	2e-05
CSAGGARAETLYFGSG	2e-05
CSAGGARDSPLYFGEG	2e-05
CSAGGASAETLYFGSG	6.000000000000001e-05
CSAGGASQNTLYFGAG	2e-05
CSAGGATEVFFGKG	2e-05
CSAGGATGQLYFGEG	2e-05
CSAGGAVAETLYFGSG	2e-05
CSAGGDERLFFGHG	2e-05
CSAGGDPGQLYFGEG	2e-05
CSAGGDSAETLYFGSG	4e-05
CSAGGDSDYTFGSG	4e-05
CSAGGDTQYFGPG	4e-05
CSAGGEAEQFFGPG	2e-05
CSAGGEGTLYFGSG	2e-05
CSAGGENTEVFFGKG	4e-05
CSAGGENTLYFGAG	2e-05
CSAGGERNSPLYFGEG	2e-05
CSAGGEYFGPG	2e-05
CSAGGFNQDTQYFGPG	4e-05
CSAGGFQNTLYFGAG	4e-05
CSAGGFYAEQFFGPG	4e-05
CSAGGGAYAEQFFGPG	2e-05
CSAGGGDSQNTLYFGAG	2e-05
CSAGGGDTEVFFGKG	6.000000000000001e-05
CSAGGGDTQYFGPG	2e-05
CSAGGGEQYFGPG	4e-05
CSAGGGEVFFGKG	2e-05
CSAGGGFEQYFGPG	2e-05
CSAGGGGGENTLYFGAG	2e-05
CSAGGGGGQNTLYFGAG	2e-05
CSAGGGGNTGQLYFGEG	4e-05
CSAGGGGQDTQYFGPG	2e-05
CSAGGGGSLYFGEG	2e-05
CSAGGGGYEQYFGPG	2e-05
CSAGGGKPAPLFGEG	2e-05
CSAGGGNERLFFGHG	6.000000000000001e-05
CSAGGGNQAPLFGEG	2e-05
CSAGGGNTEVFFGKG	2e-05
CSAGGGNTLYFGEG	4e-05
CSAGGGPDTQYFGPG	2e-05
CSAGGGPRQNTLYFGAG	2e-05
CSAGGGQDTQYFGPG	6.000000000000001e-05
CSAGGGQNTLYFGAG	6.000000000000001e-05
CSAGGGRDTLYFGAG	4e-05
CSAGGGRNTLYFGEG	2e-05
CSAGGGSDYTFGSG	2e-05
CSAGGGSEQYFGPG	6.000000000000001e-05
CSAGGGSPLYFGEG	6.000000000000001e-05
CSAGGGSSYEQYFGPG	2e-05
CSAGGGTEVFFGKG	4e-05
CSAGGGTQYFGPG	4e-05
CSAGGGYEQYFGPG	6.000000000000001e-05
CSAGGHPEVFFGKG	2e-05
CSAGGLGEDTQYFGPG	2e-05
CSAGGLGGLEQYFGPG	2e-05
CSAGGNAETLYFGSG	2e-05
CSAGGNEQYFGPG	2e-05
CSAGGNERLFFGHG	2e-05
CSAGGNTEVFFGKG	2e-05
CSAGGNTGQLYFGEG	2e-05
CSAGGNYAEQFFGPG	4e-05
CSAGGPDTQYFGPG	2e-05
CSAGGPNERLFFGHG	2e-05
CSAGGPNTLYFGAG	2e-05
CSAGGPTQNTLYFGAG	2e-05
CSAGGQAPLFGEG	2e-05
CSAGGQDTQYFGPG	2e-05
CSAGGQNTEVFFGKG	4e-05
CSAGGQTNSDYTFGSG	2e-05
CSAGGQYNSPLYFGEG	6.000000000000001e-05
CSAGGQYSAETLYFGSG	2e-05
CSAGGRANSDYTFGSG	2e-05
CSAGGRAPETLYFGSG	2e-05
CSAGGRAPQYFGPG	2e-05
CSAGGRDEQYFGPG	4e-05
CSAGGREAEVFFGKG	2e-05
CSAGGREQYFGPG	2e-05
CSAGGRETGQLYFGEG	2e-05
CSAGGRGDTQYFGPG	2e-05
CSAGGRGQNTLYFGAG	4e-05
CSAGGRLGDYEQYFGPG	4e-05
CSAGGRPYEQYFGPG	2e-05
CSAGGRQAPLFGEG	2e-05
CSAGGRQDTQYFGPG	2e-05
CSAGGRSDYTFGSG	2e-05
CSAGGSAETLYFGSG	2e-05
CSAGGSGNTLYFGEG	2e-05
CSAGGSNTEVFFGKG	2e-05
CSAGGSNTGQLYFGEG	2e-05
CSAGGSQDTQYFGPG	2e-05
CSAGGSQNTLYFGAG	2e-05
CSAGGSSAETLYFGSG	2e-05
CSAGGSSQNTLYFGAG	2e-05
CSAGGSTEVFFGKG	2e-05
CSAGGSYEQYFGPG	2e-05
CSAGGTATEVFFGKG	6.000000000000001e-05
CSAGGTEVFFGKG	2e-05
CSAGGTGQLYFGEG	4e-05
CSAGGTNERLFFGHG	2e-05
CSAGGTNQDTQYFGPG	2e-05
CSAGGTNTGQLYFGEG	2e-05
CSAGGTSAETLYFGSG	2e-05
CSAGGTSYEQYFGPG	8e-05
CSAGGTTEVFFGKG	2e-05
CSAGGTTYNSPLYFGEG	2e-05
CSAGGVETLYFGSG	2e-05
CSAGGVGTEVFFGKG	2e-05
CSAGGVNTLYFGAG	2e-05
CSAGGVSAETLYFGSG	2e-05
CSAGGVSYEQYFGPG	2e-05
CSAGGVYAEQFFGPG	6.000000000000001e-05
CSAGGVYEQYFGPG	2e-05
CSAGGWDTGQLYFGEG	2e-05
CSAGGYAEQFFGPG	4e-05
CSAGGYEQYFGPG	2e-05
CSAGGYERLFFGHG	2e-05
CSAGGYISPLYFGEG	2e-05
CSAGGYQDTQYFGPG	2e-05
CSAGGYRAKQDTQYFGPG	2e-05
CSAGGYSGQDTQYFGPG	4e-05
CSAGHLSGNTLYFGEG	2e-05
CSAGHPNERLFFGHG	2e-05
CSAGHTEVFFGKG	2e-05
CSAGHTKTLYFGSG	2e-05
CSAGHYEQYFGPG	4e-05
CSAGIASRATQYFGPG	2e-05
CSAGIATEVFFGKG	2e-05
CSAGICNNSDYTFGSG	2e-05
CSAGICRRTDTQYFGPG	2e-05
CSAGICTPGIAETLYFGSG	4e-05
CSAGIDRGANPFYFGPG	4e-05
CSAGIDRGTETLYFGSG	2e-05
CSAGIFGGAAETLYFGSG	2e-05
CSAGIFNSTFPEQFFGPG	2e-05
CSAGIGGYAEQFFGPG	2e-05
CSAGIGRPGKDTQYFGPG	2e-05
CSAGIHNNQAPLFGEG	2e-05
CSAGIHNTEVFFGKG	2e-05
CSAGIHRATGQLYFGEG	4e-05
CSAGIHRPRSPYYAEQFFGPG	2e-05
CSAGIHSPGVPSLYFGAG	2e-05
CSAGIHSPRGPTLYFGEG	2e-05
CSAGIHSPTGGTQYFGPG	2e-05
CSAGILGPNSDYTFGSG	2e-05
CSAGILIQGNTEVFFGKG	2e-05
CSAGILMRGVPETLYFGSG	4e-05
CSAGILRGKSDYTFGSG	6.000000000000001e-05
CSAGILRGQGAETLYFGSG	2e-05
CSAGILRQGGPDYTFGSG	2e-05
CSAGILTAQGPYTFGSG	2e-05
CSAGILTPEQYFGPG	2e-05
CSAGINLGATGQLYFGEG	2e-05
CSAGINTEVFFGKG	2e-05
CSAGIPGPYNSPLYFGEG	2e-05
CSAGIPGQGDQAPLFGEG	2e-05
CSAGIPRDWGPAEQFFGPG	6.000000000000001e-05
CSAGIPRGQGAYTEVFFGKG	2e-05
CSAGIPRTAGNQAPLFGEG	6.000000000000001e-05
CSAGIPRYAEQFFGPG	4e-05
CSAGIQDDAPPNSDYTFGSG	2e-05
CSAGIQRHTEVFFGKG	2e-05
CSAGIQRPTNQTFGSG	2e-05
CSAGIQRQTLYFGSG	4e-05
CSAGIQSLYAEQFFGPG	2e-05
CSAGIQTATDYTFGSG	2e-05
CSAGIRGGTDYTFGSG	4e-05
CSAGIRQGRNTEVFFGKG	2e-05
CSAGIRRGSDYTFGSG	2e-05
CSAGISAHTGQLYFGEG	2e-05
CSAGISGPAGQAPLFGEG	6.000000000000001e-05
CSAGISGPTGPQQYFGPG	4e-05
CSAGISNRANYAEQFFGPG	2e-05
CSAGISPPTNPTFGSG	2e-05
CSAGISRASYSDYTFGSG	2e-05
CSAGISRPANYAEQFFGPG	4e-05
CSAGISRPNSDYTFGSG	2e-05
CSAGISRPPNSDYTFGSG	2e-05
CSAGISRPQDTQYFGPG	2e-05
CSAGISRPTHHPLYFGAG	2e-05
CSAGISRTTSDYTFGSG	2e-05
CSAGISSPTGPAEQFFGPG	4e-05
CSAGISTAGNSDYTFGSG	2e-05
CSAGIWGQANNQAPLFGEG	2e-05
CSAGIYGPSDYTFGSG	6.000000000000001e-05
CSAGIYNPNSDYTFGSG	6.000000000000001e-05
CSAGIYNPSPLYFGEG	4e-05
CSAGIYNPTSDYTFGSG	2e-05
CSAGIYNTTPLYFGEG	2e-05
CSAGIYPGHQDTQYFGPG	4e-05
CSAGIYQAGDTQYFGPG	2e-05
CSAGIYRAAIPYFGEG	2e-05
CSAGIYRATIHYTFGSG	2e-05
CSAGIYRATVPTLYFGSG	2e-05
CSAGIYRHSDYTFGSG	2e-05
CSAGIYRPASTTEVFFGKG	2e-05
CSAGIYRPKNTLYFGSG	2e-05
CSAGIYRPRGPPEVFFGKG	2e-05
CSAGIYRPSSPETLYFGSG	2e-05
CSAGIYRPTLYFGAG	2e-05
CSAGIYRPTTLYFGAG	4e-05
CSAGIYRPTTPEQYFGPG	2e-05
CSAGIYRPTTQYFGPG	2e-05
CSAGIYRQNTLYFGAG	4e-05
CSAGIYRRTDYTFGSG	2e-05
CSAGIYSAEQFFGPG	2e-05
CSAGIYSGANPPLFGEG	2e-05
CSAGIYSLTTPSDYTFGSG	4e-05
CSAGIYSPAAEQFFGPG	4e-05
CSAGIYSPPNPNAVFFGKG	2e-05
CSAGIYSPSVPYEQYFGPG	2e-05
CSAGIYSPTNYTFGSG	2e-05
CSAGIYSPTQYFGPG	2e-05
CSAGIYSRAVPQYFGPG	2e-05
CSAGLAETLYFGSG	2e-05
CSAGLDTEVFFGKG	2e-05
CSAGLGALYFGAG	2e-05
CSAGLGANTGQLYFGEG	4e-05
CSAGLGENTLYFGAG	2e-05
CSAGLGGASQNTLYFGAG	2e-05
CSAGLGGEQYFGPG	2e-05
CSAGLGGLEQYFGPG	4e-05
CSAGLGGLYAEQFFGPG	2e-05
CSAGLGGQDTQYFGPG	2e-05
CSAGLGGRAEQFFGPG	2e-05
CSAGLGGRSAETLYFGSG	2e-05
CSAGLGGSAEQFFGPG	2e-05
CSAGLGGYEQYFGPG	4e-05
CSAGLGKDTQYFGPG	4e-05
CSAGLGLSYEQYFGPG	2e-05
CSAGLGPYEQYFGPG	2e-05
CSAGLGQDTQYFGPG	2e-05
CSAGLGRYEQYFGPG	2e-05
CSAGLGSAETLYFGSG	2e-05
CSAGLGTGQLYFGEG	2e-05
CSAGLGVYEQYFGPG	4e-05
CSAGLLSAETLYFGSG	2e-05
CSAGLQDTQYFGPG	2e-05
CSAGLSRAETLYFGSG	2e-05
CSAGLTGQLYFGEG	2e-05
CSAGLYRPPVPQFFGPG	4e-05
CSAGMQKAAVPFFGPG	2e-05
CSAGMVNTGQLYFGEG	2e-05
CSAGNGNTLYFGEG	2e-05
CSAGNGYNSPLYFGEG	2e-05
CSAGNSAETLYFGSG	4e-05
CSAGNSNERLFFGHG	2e-05
CSAGNSYEQYFGPG	2e-05
CSAGNTGQLYFGEG	2e-05
CSAGNTLYFGEG	4e-05
CSAGNTQYFGPG	2e-05
CSAGNYAEQFFGPG	2e-05
CSAGPGLSNERLFFGHG	2e-05
CSAGPGQSAETLYFGSG	2e-05
CSAGPGVDTEVFFGKG	2e-05
CSAGPLSNERLFFGHG	4e-05
CSAGPNERLFFGHG	2e-05
CSAGPNTEVFFGKG	2e-05
CSAGPPSGETLYFGSG	2e-05
CSAGPPSRETLYFGSG	2e-05
CSAGPQDTQYFGPG	2e-05
CSAGPREGAETLYFGSG	2e-05
CSAGQANTGQLYFGEG	2e-05
CSAGQDEQYFGPG	2e-05
CSAGQDTEVFFGKG	2e-05
CSAGQEGTEVFFGKG	2e-05
CSAGQEQYFGPG	4e-05
CSAGQGAAETLYFGSG	2e-05
CSAGQGAEQFFGPG	2e-05
CSAGQGAETLYFGSG	2e-05
CSAGQGAEVFFGKG	4e-05
CSAGQGANERLFFGHG	2e-05
CSAGQGAREQYFGPG	2e-05
CSAGQGASDYTFGSG	2e-05
CSAGQGATGQLYFGEG	2e-05
CSAGQGAYAEQFFGPG	2e-05
CSAGQGDNSPLYFGEG	2e-05
CSAGQGEFFGPG	2e-05
CSAGQGGAETLYFGSG	6.000000000000001e-05
CSAGQGGETLYFGSG	2e-05
CSAGQGGGQLYFGEG	2e-05
CSAGQGGNYAEQFFGPG	2e-05
CSAGQGGPEVFFGKG	4e-05
CSAGQGGRQNTLYFGAG	2e-05
CSAGQGGTGQLYFGEG	2e-05
CSAGQGGTLYFGAG	2e-05
CSAGQGLYNSPLYFGEG	2e-05
CSAGQGNNSPLYFGEG	2e-05
CSAGQGPPERLFFGHG	2e-05
CSAGQGRAEQFFGPG	2e-05
CSAGQGREQYFGPG	2e-05
CSAGQGREVFFGKG	2e-05
CSAGQGRNQAPLFGEG	4e-05
CSAGQGRQAPLFGEG	2e-05
CSAGQGSAETLYFGSG	2e-05
CSAGQGSDYTFGSG	6.000000000000001e-05
CSAGQGSNERLFFGHG	2e-05
CSAGQGSNTEVFFGKG	2e-05
CSAGQGTGQLYFGEG	2e-05
CSAGQGTYQNTLYFGAG	2e-05
CSAGQGVNTEVFFGKG	2e-05
CSAGQGVQQYFGPG	2e-05
CSAGQGYSDYTFGSG	2e-05
CSAGQINYAEQFFGPG	4e-05
CSAGQKDTQYFGPG	4e-05
CSAGQLYFGEG	2e-05
CSAGQNERLFFGHG	4e-05
CSAGQNSQNTLYFGAG	4e-05
CSAGQNSYNSPLYFGEG	2e-05
CSAGQNTEVFFGKG	2e-05
CSAGQNTGQLYFGEG	2e-05
CSAGQNTLYFGAG	2e-05
CSAGQNTLYFGEG	2e-05
CSAGQQDTQYFGPG	2e-05
CSAGQQEGEQYFGPG	2e-05
CSAGQRNTLYFGEG	4e-05
CSAGQSEVFFGKG	2e-05
CSAGQSNTEVFFGKG	2e-05
CSAGQSQNTLYFGAG	2e-05
CSAGQSRAETLYFGSG	2e-05
CSAGQSSAETLYFGSG	2e-05
CSAGQSSQNTLYFGAG	4e-05
CSAGQSYAEQFFGPG	2e-05
CSAGQTGQLYFGEG	4e-05
CSAGQTNERLFFGHG	4e-05
CSAGQTNTEVFFGKG	2e-05
CSAGQTSAETLYFGSG	4e-05
CSAGQYAEQFFGPG	2e-05
CSAGQYEQYFGPG	2e-05
CSAGQYNSPLYFGEG	2e-05
CSAGQYNWQLYFGEG	2e-05
CSAGQYTNQAPLFGEG	4e-05
CSAGRAETLYFGSG	2e-05
CSAGRANERLFFGHG	2e-05
CSAGRANTEVFFGKG	6.000000000000001e-05
CSAGRDGTEVFFGKG	2e-05
CSAGRDSDYTFGSG	2e-05
CSAGRGANTGQLYFGEG	4e-05
CSAGRGAPLYFGAG	4e-05
CSAGRGDQNTLYFGAG	2e-05
CSAGRGEYAEQFFGPG	4e-05
CSAGRGFPDTQYFGPG	2e-05
CSAGRGFQDTQYFGPG	4e-05
CSAGRGGRETLYFGSG	2e-05
CSAGRGGTEVFFGKG	2e-05
CSAGRGNTLYFGEG	2e-05
CSAGRGPNERLFFGHG	2e-05
CSAGRGQDTQYFGPG	2e-05
CSAGRGRNTEVFFGKG	2e-05
CSAGRGSRETLYFGSG	6.000000000000001e-05
CSAGRISNERLFFGHG	2e-05
CSAGRNERLFFGHG	4e-05
CSAGRNNQAPLFGEG	2e-05
CSAGRNSPLYFGEG	4e-05
CSAGRPNTAETLYFGSG	2e-05
CSAGRQDTQYFGPG	2e-05
CSAGRQGAQGPEVFFGKG	6.000000000000001e-05
CSAGRQNTLYFGAG	2e-05
CSAGRRPEVFFGKG	2e-05
CSAGRSNTEVFFGKG	2e-05
CSAGRSYTSPLYFGEG	2e-05
CSAGRTEVFFGKG	2e-05
CSAGRTGDYAEQFFGPG	4e-05
CSAGSAETLYFGSG	2e-05
CSAGSANSDYTFGSG	2e-05
CSAGSDTEVFFGKG	4e-05
CSAGSENRTNEQYFGPG	2e-05
CSAGSEVFFGKG	2e-05
CSAGSFRRQGPQYFGPG	4e-05
CSAGSFSSPLYFGEG	2e-05
CSAGSGQDTQYFGPG	2e-05
CSAGSHTPNSDYTFGSG	2e-05
CSAGSLAEQFFGPG	2e-05
CSAGSLANTEVFFGKG	4e-05
CSAGSLNAYAEQFFGPG	2e-05
CSAGSLTTNSDYTFGSG	2e-05
CSAGSNERLFFGHG	2e-05
CSAGSNTGQLYFGEG	2e-05
CSAGSPTATNQDTQYFGPG	2e-05
CSAGSQNTNSDYTFGSG	2e-05
CSAGSSGNTLYFGEG	4e-05
CSAGSSGRGTEVFFGKG	2e-05
CSAGSSYEQYFGPG	2e-05
CSAGSTNTEVFFGKG	2e-05
CSAGSYDEQYFGPG	2e-05
CSAGSYNLPPYFGEG	4e-05
CSAGSYQANTEVFFGKG	6.000000000000001e-05
CSAGSYSTKIFFGKG	2e-05
CSAGTANERLFFGHG	2e-05
CSAGTDSDYTFGSG	2e-05
CSAGTDTEVFFGKG	2e-05
CSAGTDTLYFGAG	2e-05
CSAGTEDTQYFGPG	2e-05
CSAGTENTEVFFGKG	2e-05
CSAGTENTGQLYFGEG	4e-05
CSAGTETGFFGPG	2e-05
CSAGTETLYFGSG	4e-05
CSAGTEVFFGKG	4e-05
CSAGTFQDTQYFGPG	2e-05
CSAGTGAETLYFGSG	2e-05
CSAGTGANTEVFFGKG	8e-05
CSAGTGAYEQYFGPG	2e-05
CSAGTGEDTLYFGAG	2e-05
CSAGTGEQYFGPG	2e-05
CSAGTGETLYFGSG	2e-05
CSAGTGFAETLYFGSG	2e-05
CSAGTGGADAETLYFGSG	2e-05
CSAGTGGAEQFFGPG	2e-05
CSAGTGGAGNTLYFGEG	2e-05
CSAGTGGAGYAEQFFGPG	2e-05
CSAGTGGALDEQYFGPG	2e-05
CSAGTGGAPAEQFFGPG	2e-05
CSAGTGGAPYEQYFGPG	4e-05
CSAGTGGASAETLYFGSG	4e-05
CSAGTGGAVFFGKG	2e-05
CSAGTGGAYAEQFFGPG	2e-05
CSAGTGGDERLFFGHG	2e-05
CSAGTGGERLFFGHG	2e-05
CSAGTGGHTQYFGPG	2e-05
CSAGTGGHYEQYFGPG	2e-05
CSAGTGGNEQYFGPG	2e-05
CSAGTGGNTEVFFGKG	4e-05
CSAGTGGNTGQLYFGEG	2e-05
CSAGTGGNTLYFGAG	4e-05
CSAGTGGPLFGKG	2e-05
CSAGTGGPSQNTLYFGAG	4e-05
CSAGTGGQTLYFGSG	2e-05
CSAGTGGRAEQFFGPG	4e-05
CSAGTGGSQNTLYFGAG	4e-05
CSAGTGGSYEQYFGPG	4e-05
CSAGTGGVDTQYFGPG	2e-05
CSAGTGGVNYAEQFFGPG	2e-05
CSAGTGGVTEVFFGKG	2e-05
CSAGTGGYEQYFGPG	2e-05
CSAGTGINERLFFGHG	2e-05
CSAGTGKDEQYFGPG	4e-05
CSAGTGKRNERLFFGHG	2e-05
CSAGTGLNERLFFGHG	2e-05
CSAGTGNERLFFGHG	2e-05
CSAGTGNSDYTFGSG	2e-05
CSAGTGRDTQYFGPG	2e-05
CSAGTGRIEVFFGKG	4e-05
CSAGTGRQAPLFGEG	4e-05
CSAGTGRRQAPLFGEG	4e-05
CSAGTGSERLFFGHG	2e-05
CSAGTGSNTEVFFGKG	4e-05
CSAGTGTETLYFGSG	2e-05
CSAGTGTNERLFFGHG	2e-05
CSAGTGVEQYFGPG	2e-05
CSAGTGVNSPLYFGEG	4e-05
CSAGTGVNTLYFGAG	2e-05
CSAGTGVYAEQFFGPG	2e-05
CSAGTGYAEQFFGPG	2e-05
CSAGTHNERLFFGHG	2e-05
CSAGTHQNTLYFGAG	2e-05
CSAGTINTEVFFGKG	2e-05
CSAGTIYEQYFGPG	2e-05
CSAGTLNTEVFFGKG	2e-05
CSAGTLNYAEQFFGPG	2e-05
CSAGTLTEVFFGKG	2e-05
CSAGTNQAPLFGEG	2e-05
CSAGTNSDYTFGSG	2e-05
CSAGTNTEVFFGKG	4e-05
CSAGTNTLYFGAG	2e-05
CSAGTPNTEVFFGKG	2e-05
CSAGTQNTLYFGAG	4e-05
CSAGTRGTGQLYFGEG	2e-05
CSAGTSEVFFGKG	2e-05
CSAGTSGNTLYFGEG	4e-05
CSAGTSNTEVFFGKG	2e-05
CSAGTSQNTLYFGAG	2e-05
CSAGTSSGNTLYFGEG	2e-05
CSAGTSSYEQYFGPG	2e-05
CSAGTTNSDYTFGSG	2e-05
CSAGTTNTGQLYFGEG	2e-05
CSAGTTSAETLYFGSG	2e-05
CSAGTVFFGKG	6.000000000000001e-05
CSAGTVNQAPLFGEG	4e-05
CSAGTVNTEVFFGKG	6.000000000000001e-05
CSAGTVNTGQLYFGEG	2e-05
CSAGTVSNERLFFGHG	2e-05
CSAGTVYEQYFGPG	2e-05
CSAGTWDTEVFFGKG	4e-05
CSAGTYAEQFFGPG	2e-05
CSAGTYNQAPLFGEG	2e-05
CSAGTYSNERLFFGHG	2e-05
CSAGTYYEQYFGPG	4e-05
CSAGVAETLYFGSG	2e-05
CSAGVDRHTLYFGAG	2e-05
CSAGVDRTNTEVFFGKG	2e-05
CSAGVEVFFGKG	2e-05
CSAGVGGYAEQFFGPG	2e-05
CSAGVGNTLYFGEG	2e-05
CSAGVGTPTFPLYFGEG	4e-05
CSAGVHNSPLYFGEG	2e-05
CSAGVNQDTQYFGPG	2e-05
CSAGVNTEVFFGKG	4e-05
CSAGVQDTQYFGPG	4e-05
CSAGVQQGGNQAPLFGEG	2e-05
CSAGVSAETLYFGSG	2e-05
CSAGVSGLADPEVFFGKG	2e-05
CSAGVSGPSAEQFFGPG	2e-05
CSAGVSNERLFFGHG	2e-05
CSAGVSQGAETLYFGSG	2e-05
CSAGVTEVFFGKG	2e-05
CSAGVTGQLYFGEG	2e-05
CSAGVYEQYFGPG	2e-05
CSAGVYGARKPFGPG	2e-05
CSAGVYGPWVAAETLYFGSG	2e-05
CSAGVYGQGNTEVFFGKG	2e-05
CSAGVYKPTNAQYFGPG	2e-05
CSAGVYLEQYFGPG	2e-05
CSAGVYRATQDTQYFGPG	2e-05
CSAGVYRHTLYFGAG	2e-05
CSAGVYRPLLYFGSG	4e-05
CSAGVYRPNSDYTFGSG	2e-05
CSAGVYRPNTGQLYFGEG	2e-05
CSAGVYRPPVYAEQFFGPG	0.00014000000000000001
CSAGVYRPTIPTQYFGPG	2e-05
CSAGVYRRARNTEVFFGKG	4e-05
CSAGVYRRTVPAEQFFGPG	2e-05
CSAGVYSPKNTQYFGPG	2e-05
CSAGVYSPSTQYFGPG	2e-05
CSAGVYSPTSPQNTLYFGAG	2e-05
CSAGVYSPTVPYEQYFGPG	4e-05
CSAGVYSRGREQDTQYFGPG	2e-05
CSAGVYSSTVPLFGPG	2e-05
CSAGWAQDTQYFGPG	2e-05
CSAGWDQNTLYFGAG	6.000000000000001e-05
CSAGWGAHEQYFGPG	4e-05
CSAGWGEDTQYFGPG	4e-05
CSAGWGGASYEQYFGPG	4e-05
CSAGWGGENTLYFGAG	2e-05
CSAGWGGGTQYFGPG	4e-05
CSAGWGKKTQYFGPG	2e-05
CSAGWGQNTLYFGAG	2e-05
CSAGWGRAETLYFGSG	2e-05
CSAGWGSTEVFFGKG	2e-05
CSAGWGSYEQYFGPG	4e-05
CSAGWTSAETLYFGSG	2e-05
CSAGWVSYEQYFGPG	4e-05
CSAGYAEQFFGPG	2e-05
CSAGYEQYFGPG	4e-05
CSAGYNNQAPLFGEG	2e-05
CSAGYNSPLYFGEG	2e-05
CSAGYYEQYFGPG	2e-05
CSAHGYEQYFGPG	2e-05
CSAHNAEQFFGPG	2e-05
CSAHNNNQAPLFGEG	2e-05
CSAHNNQAPLFGEG	4e-05
CSAHNQDTQYFGPG	2e-05
CSAHNTEVFFGKG	2e-05
CSAHRDANTEVFFGKG	4e-05
CSAHRDTQYFGPG	2e-05
CSAHREGDTQYFGPG	2e-05
CSAHRGEQYFGPG	6.000000000000001e-05
CSAHRGGSQNTLYFGAG	2e-05
CSAHRGHEQYFGPG	4e-05
CSAHRGLDTEVFFGKG	2e-05
CSAHRGLHTEVFFGKG	2e-05
CSAHRGRDTEVFFGKG	2e-05
CSAHRGRQNTLYFGAG	2e-05
CSAHRKGAETLYFGSG	4e-05
CSAHRNTEVFFGKG	2e-05
CSAHSAETLYFGSG	2e-05
CSAHSGNTLYFGEG	2e-05
CSAHSNTGQLYFGEG	2e-05
CSAHTGQLYFGEG	2e-05
CSAHTNSGNTLYFGEG	2e-05
CSAHWGAYAEQFFGPG	4e-05
CSAHWGGYAEQFFGPG	6.000000000000001e-05
CSAHWGSYEQYFGPG	2e-05
CSAHWGVAETLYFGSG	2e-05
CSAHWGVIYAEQFFGPG	6.000000000000001e-05
CSAHYAEQFFGPG	2e-05
CSAHYEQYFGPG	2e-05
CSAHYSGNTLYFGEG	2e-05
CSAIGLGGRGTQYFGPG	4e-05
CSAIGSAETLYFGSG	4e-05
CSAIGTGGNTLYFGAG	2e-05
CSAIHATPPKSYAVFFGKG	4e-05
CSAIQANTEVFFGKG	2e-05
CSAIQGAAEQFFGPG	2e-05
CSAIQISYNSPLYFGEG	6.000000000000001e-05
CSAIRAETLYFGSG	2e-05
CSAISAETLYFGSG	2e-05
CSAISNERLFFGHG	4e-05
CSAKAGRSRTQYFGPG	6.000000000000001e-05
CSAKDRVSNERLFFGHG	4e-05
CSAKDWGRDTQYFGPG	2e-05
CSAKGAEVFFGKG	2e-05
CSAKGEAETLYFGSG	6.000000000000001e-05
CSAKGGGTNERLFFGHG	2e-05
CSAKGQGNTGQLYFGEG	4e-05
CSAKGQTNERLFFGHG	2e-05
CSAKGRASAETLYFGSG	2e-05
CSAKGSGAETLYFGSG	2e-05
CSAKGTPHTEVFFGKG	6.000000000000001e-05
CSAKNSYSSPLYFGEG	4e-05
CSAKNTEVFFGKG	4e-05
CSAKNTYISNERLFFGHG	2e-05
CSAKTGGNTGQLYFGEG	2e-05
CSAKTGGQNTLYFGAG	2e-05
CSAKTNTEVFFGKG	4e-05
CSAKTSNERLFFGHG	2e-05
CSAKTTSQNTLYFGAG	4e-05
CSALANTEVFFGKG	4e-05
CSALDRGNTEVFFGKG	2e-05
CSALDRNTEVFFGKG	2e-05
CSALDSLSNERLFFGHG	6.000000000000001e-05
CSALDSYEQYFGPG	2e-05
CSALGANAETLYFGSG	2e-05
CSALGASAETLYFGSG	2e-05
CSALGASQNTLYFGAG	2e-05
CSALGAYEQYFGPG	2e-05
CSALGEVFFGKG	2e-05
CSALGGAEQFFGPG	4e-05
CSALGGAGEQYFGPG	2e-05
CSALGGFAETLYFGSG	2e-05
CSALGGFNQDTQYFGPG	2e-05
CSALGGGRTLYFGAG	2e-05
CSALGGNQDTQYFGPG	2e-05
CSALGGRDTQYFGPG	2e-05
CSALGGRHTQYFGPG	2e-05
CSALGGRIEQYFGPG	2e-05
CSALGGRQNTLYFGAG	2e-05
CSALGGRSYEQYFGPG	2e-05
CSALGGSAEQFFGPG	2e-05
CSALGGSPNTLYFGAG	6.000000000000001e-05
CSALGGSQNTLYFGAG	2e-05
CSALGGSSYEQYFGPG	2e-05
CSALGGYEQYFGPG	2e-05
CSALGLSAETLYFGSG	2e-05
CSALGNAEQFFGPG	6.000000000000001e-05
CSALGNQDTQYFGPG	2e-05
CSALGQGDTEVFFGKG	2e-05
CSALGTGGNSQNTLYFGAG	2e-05
CSALGVNQDTQYFGPG	2e-05
CSALGYAEQFFGPG	2e-05
CSALIQDTQYFGPG	2e-05
CSALIWGGAENTLYFGAG	2e-05
CSALLDSYEQYFGPG	2e-05
CSALLPSAETLYFGSG	4e-05
CSALMNSDYTFGSG	2e-05
CSALNANSDYTFGSG	2e-05
CSALNQAPLFGEG	2e-05
CSALPNTGQLYFGEG	2e-05
CSALPTSDYTFGSG	4e-05
CSALQENSDYTFGSG	4e-05
CSALQLSYNSPLYFGEG	4e-05
CSALQLSYTSPLYFGEG	4e-05
CSALQTTEVFFGKG	4e-05
CSALRAGAETLYFGSG	2e-05
CSALRDNQDTQYFGPG	6.000000000000001e-05
CSALRDRANTEVFFGKG	2e-05
CSALRDRGRAEQFFGPG	2e-05
CSALRDTQYFGPG	4e-05
CSALRGPNTEVFFGKG	2e-05
CSALRGRSNERLFFGHG	2e-05
CSALSEQFFGPG	2e-05
CSALSGNTLYFGEG	4e-05
CSALSYNSPLYFGEG	2e-05
CSALTGGDNYAEQFFGPG	4e-05
CSALTGGGAETLYFGSG	2e-05
CSALTHFSYEQYFGPG	2e-05
CSALTKNTEVFFGKG	4e-05
CSALTSYEQYFGPG	2e-05
CSALVQDTQYFGPG	4e-05
CSALWGEEQYFGPG	2e-05
CSALWGNTEVFFGKG	2e-05
CSALYEQYFGPG	4e-05
CSALYFGAG	2e-05
CSALYFGEG	4e-05
CSAMEAERLFFGHG	4e-05
CSAMEDERLFFGHG	2e-05
CSAMGGRGQNTLYFGAG	4e-05
CSAMGGSAETLYFGSG	2e-05
CSAMGGYEQYFGPG	2e-05
CSAMGQSNERLFFGHG	2e-05
CSAMGSAETLYFGSG	6.000000000000001e-05
CSAMGSNQDTQYFGPG	2e-05
CSAMGYEQYFGPG	2e-05
CSAMTDERLFFGHG	2e-05
CSAMYAEQFFGPG	2e-05
CSANDTEVFFGKG	2e-05
CSANHRGEVFFGKG	2e-05
CSANINQDTQYFGPG	6.000000000000001e-05
CSANIYAEQFFGPG	2e-05
CSANKANTEVFFGKG	2e-05
CSANQDTQYFGPG	2e-05
CSANQNTLYFGAG	2e-05
CSANRANTEVFFGKG	2e-05
CSANRATEVFFGKG	2e-05
CSANRDREDTEVFFGKG	2e-05
CSANRDRNTLYFGAG	4e-05
CSANRDTEVFFGKG	2e-05
CSANRGDTEVFFGKG	2e-05
CSANRGEVFFGKG	2e-05
CSANRGLSETLYFGSG	4e-05
CSANRGQDTQYFGPG	2e-05
CSANRGSDYTFGSG	2e-05
CSANRGSGNTLYFGEG	2e-05
CSANRGSQDTQYFGPG	2e-05
CSANRNNERLFFGHG	2e-05
CSANRNNQDTQYFGPG	2e-05
CSANRVAETLYFGSG	2e-05
CSANRVEETLYFGSG	4e-05
CSANRVSAETLYFGSG	2e-05
CSANSAETLYFGSG	6.000000000000001e-05
CSANSYEQYFGPG	4e-05
CSANSYNSPLYFGEG	2e-05
CSANTGQLYFGEG	2e-05
CSANWGAYAEQFFGPG	4e-05
CSANWGGNTGQLYFGEG	4e-05
CSANYAEQFFGPG	4e-05
CSANYTLLFFGHG	2e-05
CSAPANYAEQFFGPG	2e-05
CSAPAYEQYFGPG	2e-05
CSAPDGYEQYFGPG	4e-05
CSAPDNNQAPLFGEG	2e-05
CSAPDNYEQYFGPG	2e-05
CSAPDNYNSPLYFGEG	2e-05
CSAPDREDTQYFGPG	2e-05
CSAPDRGGNTLYFGAG	2e-05
CSAPDRNTEVFFGKG	2e-05
CSAPDRYAEQFFGPG	2e-05
CSAPDSAETLYFGSG	4e-05
CSAPDSGNTLYFGEG	2e-05
CSAPDSSNTEVFFGKG	2e-05
CSAPDWGAEQYFGPG	2e-05
CSAPDWGNAEQFFGPG	2e-05
CSAPENTEVFFGKG	2e-05
CSAPEQGNTEVFFGKG	2e-05
CSAPEQGTEVFFGKG	2e-05
CSAPEYNSPLYFGEG	2e-05
CSAPGADTEVFFGKG	2e-05
CSAPGAQNTLYFGAG	4e-05
CSAPGASYEQYFGPG	2e-05
CSAPGFSNERLFFGHG	2e-05
CSAPGGAETLYFGSG	2e-05
CSAPGGAREQYFGPG	2e-05
CSAPGGASYEQYFGPG	2e-05
CSAPGGAYAEQFFGPG	2e-05
CSAPGGDAEQFFGPG	2e-05
CSAPGGDYAEQFFGPG	4e-05
CSAPGGGGQNTLYFGAG	2e-05
CSAPGGGQNTLYFGAG	6.000000000000001e-05
CSAPGGSQNTLYFGAG	2e-05
CSAPGHHYEQYFGPG	2e-05
CSAPGHLQDTQYFGPG	2e-05
CSAPGLAYEQYFGPG	4e-05
CSAPGLGAETLYFGSG	2e-05
CSAPGLGGDEQYFGPG	4e-05
CSAPGLGGQYFGPG	2e-05
CSAPGLGINQDTQYFGPG	2e-05
CSAPGLGPLFGPG	4e-05
CSAPGLGSLFGPG	2e-05
CSAPGLPSAETLYFGSG	2e-05
CSAPGLSQNTLYFGAG	2e-05
CSAPGNTGQLYFGEG	4e-05
CSAPGQANTEVFFGKG	2e-05
CSAPGQDNERLFFGHG	2e-05
CSAPGQFSNERLFFGHG	2e-05
CSAPGQGAETLYFGSG	4e-05
CSAPGQGDERLFFGHG	2e-05
CSAPGQGDTQYFGPG	2e-05
CSAPGQGEQDTQYFGPG	2e-05
CSAPGQGFYEQYFGPG	2e-05
CSAPGQGGQDTQYFGPG	2e-05
CSAPGQGGTEAEQFFGPG	2e-05
CSAPGQGNERLFFGHG	4e-05
CSAPGQGNQDTQYFGPG	2e-05
CSAPGQGNTGQLYFGEG	4e-05
CSAPGQGNTLYFGEG	2e-05
CSAPGQGRETLYFGSG	2e-05
CSAPGQGYAEQFFGPG	2e-05
CSAPGQGYEQYFGPG	2e-05
CSAPGQLYFGEG	2e-05
CSAPGQMDTLYFGAG	2e-05
CSAPGQNTGQLYFGEG	2e-05
CSAPGQNYAEQFFGPG	2e-05
CSAPGQPNTEVFFGKG	6.000000000000001e-05
CSAPGQQDTQYFGPG	2e-05
CSAPGQSNTGQLYFGEG	2e-05
CSAPGQSYEQYFGPG	2e-05
CSAPGQTNERLFFGHG	2e-05
CSAPGQTNSDYTFGSG	4e-05
CSAPGQTYEQYFGPG	2e-05
CSAPGQYNSPLYFGEG	2e-05
CSAPGRANSDYTFGSG	2e-05
CSAPGRATEVFFGKG	2e-05
CSAPGRNSAETLYFGSG	2e-05
CSAPGSAETLYFGSG	2e-05
CSAPGSGNTLYFGEG	2e-05
CSAPGSNSDYTFGSG	2e-05
CSAPGSTEVFFGKG	2e-05
CSAPGTDQDTQYFGPG	2e-05
CSAPGTGAYEQYFGPG	2e-05
CSAPGTGDQAPLFGEG	2e-05
CSAPGTGEQDTQYFGPG	6.000000000000001e-05
CSAPGTGGATGQLYFGEG	2e-05
CSAPGTGGDTQYFGPG	2e-05
CSAPGTGGYAEQFFGPG	2e-05
CSAPGTGINERLFFGHG	2e-05
CSAPGTGNTEVFFGKG	4e-05
CSAPGTGQDTQYFGPG	2e-05
CSAPGTGVRDTQYFGPG	2e-05
CSAPGTHSGNTLYFGEG	2e-05
CSAPGTLSNERLFFGHG	4e-05
CSAPGTTNTEVFFGKG	2e-05
CSAPGTTSAETLYFGSG	2e-05
CSAPGTVSNERLFFGHG	4e-05
CSAPGVNTEVFFGKG	2e-05
CSAPGVQDTQYFGPG	6.000000000000001e-05
CSAPGVSTEVFFGKG	2e-05
CSAPHRATEVFFGKG	2e-05
CSAPIANTEVFFGKG	2e-05
CSAPKSYEQYFGPG	2e-05
CSAPLGDKDTQYFGPG	2e-05
CSAPLGDSYEQYFGPG	4e-05
CSAPLGGDTQYFGPG	2e-05
CSAPLGGGTQYFGPG	2e-05
CSAPLGGHEQYFGPG	2e-05
CSAPLGGLEQYFGPG	2e-05
CSAPLGGSAEQFFGPG	2e-05
CSAPLGGSSQNTLYFGAG	2e-05
CSAPLGSYTLYFGAG	2e-05
CSAPLQNTLYFGAG	2e-05
CSAPLSNERLFFGHG	2e-05
CSAPLYSGNTLYFGEG	2e-05
CSAPNANTGQLYFGEG	2e-05
CSAPNSGNTLYFGEG	6.000000000000001e-05
CSAPNSPLYFGEG	4e-05
CSAPNTEVFFGKG	2e-05
CSAPNYNSPLYFGEG	2e-05
CSAPPVTEVFFGKG	2e-05
CSAPQAGNTLYFGEG	4e-05
CSAPQDTQYFGPG	2e-05
CSAPQGDQNTLYFGAG	2e-05
CSAPQGDYAEQFFGPG	2e-05
CSAPQGGTEVFFGKG	2e-05
CSAPQGNTGQLYFGEG	2e-05
CSAPQGQNTLYFGAG	2e-05
CSAPQGTNTEVFFGKG	2e-05
CSAPQLTHANTEVFFGKG	2e-05
CSAPQSGQNTLYFGAG	6.000000000000001e-05
CSAPRAGAETLYFGSG	2e-05
CSAPRASAETLYFGSG	2e-05
CSAPRDFSQNTLYFGAG	2e-05
CSAPRDGYEQYFGPG	6.000000000000001e-05
CSAPRDWGVSGQLYFGEG	2e-05
CSAPREDTGQLYFGEG	2e-05
CSAPRESAETLYFGSG	2e-05
CSAPRGDTEVFFGKG	2e-05
CSAPRGGAETLYFGSG	2e-05
CSAPRGKNTLYFGAG	2e-05
CSAPRGQANTEVFFGKG	2e-05
CSAPRGRENERLFFGHG	2e-05
CSAPRGSAETLYFGSG	2e-05
CSAPRGSNERLFFGHG	2e-05
CSAPRGSYEQYFGPG	2e-05
CSAPRQANTEVFFGKG	4e-05
CSAPRQNYAEQFFGPG	2e-05
CSAPRSGQNTLYFGAG	4e-05
CSAPRTHSGNTLYFGEG	4e-05
CSAPRTSQNTLYFGAG	2e-05
CSAPRYEQYFGPG	2e-05
CSAPSACAETLYFGSG	2e-05
CSAPSAETLYFGSG	2e-05
CSAPSANTEVFFGKG	4e-05
CSAPSGFNQDTQYFGPG	2e-05
CSAPSQDTQYFGPG	2e-05
CSAPSSAETLYFGSG	2e-05
CSAPSSSQNTLYFGAG	4e-05
CSAPSYISPLYFGEG	4e-05
CSAPTANSDYTFGSG	2e-05
CSAPTANTEVFFGKG	4e-05
CSAPTETLYFGSG	4e-05
CSAPTEVFFGKG	4e-05
CSAPTGAETLYFGSG	2e-05
CSAPTGANTGQLYFGEG	2e-05
CSAPTGGALGQLYFGEG	2e-05
CSAPTGGAREQYFGPG	2e-05
CSAPTGGNTLYFGAG	2e-05
CSAPTGGTAEQFFGPG	4e-05
CSAPTGNYAEQFFGPG	6.000000000000001e-05
CSAPTGRGNTLYFGEG	2e-05
CSAPTGRRNTLYFGAG	8e-05
CSAPTGSLYEQYFGPG	4e-05
CSAPTGSQNTLYFGAG	2e-05
CSAPTGTNTEVFFGKG	2e-05
CSAPTGVDTQYFGPG	2e-05
CSAPTSSQNTLYFGAG	2e-05
CSAPTTNSDYTFGSG	2e-05
CSAPTVAETLYFGSG	4e-05
CSAPVAETLYFGSG	4e-05
CSAPWGGGQDTQYFGPG	2e-05
CSAPWGGNTLYFGAG	2e-05
CSAPWGGPNTQYFGPG	2e-05
CSAPWGPAETLYFGSG	6.000000000000001e-05
CSAPWPYAEQFFGPG	2e-05
CSAPWRDYEQYFGPG	2e-05
CSAPWTADTEVFFGKG	4e-05
CSAPYNSPLYFGEG	2e-05
CSAPYTGQLYFGEG	2e-05
CSAQAEQFFGPG	2e-05
CSAQAGGNTGQLYFGEG	2e-05
CSAQAGNQAPLFGEG	4e-05
CSAQANTEVFFGKG	2e-05
CSAQDNQDTQYFGPG	2e-05
CSAQDRYEQYFGPG	2e-05
CSAQDRYNSPLYFGEG	2e-05
CSAQDSGNTLYFGEG	2e-05
CSAQDTEVFFGKG	2e-05
CSAQDTQYFGPG	2e-05
CSAQEEISNERLFFGHG	2e-05
CSAQENTEVFFGKG	2e-05
CSAQENTGQLYFGEG	2e-05
CSAQEVFFGKG	4e-05
CSAQFSNERLFFGHG	4e-05
CSAQGAANERLFFGHG	4e-05
CSAQGADQDTQYFGPG	2e-05
CSAQGADTEVFFGKG	2e-05
CSAQGADTQYFGPG	4e-05
CSAQGAEQFFGPG	2e-05
CSAQGAGDTQYFGPG	2e-05
CSAQGAGEQYFGPG	4e-05
CSAQGAKDTQYFGPG	2e-05
CSAQGANERLFFGHG	2e-05
CSAQGANTEVFFGKG	2e-05
CSAQGANTGQLYFGEG	4e-05
CSAQGARNTLYFGAG	2e-05
CSAQGASAETLYFGSG	4e-05
CSAQGDGNTLYFGEG	2e-05
CSAQGDTEVFFGKG	8e-05
CSAQGDTQYFGPG	2e-05
CSAQGFTEVFFGKG	2e-05
CSAQGGAETLYFGSG	2e-05
CSAQGGAPLFGEG	4e-05
CSAQGGEAEQFFGPG	2e-05
CSAQGGNTGQLYFGEG	2e-05
CSAQGGNTLYFGEG	2e-05
CSAQGHNTLYFGAG	4e-05
CSAQGLDGDTQYFGPG	2e-05
CSAQGNSDYTFGSG	2e-05
CSAQGNSGNTLYFGEG	2e-05
CSAQGNSPLYFGEG	2e-05
CSAQGNTEVFFGKG	2e-05
CSAQGPNERLFFGHG	2e-05
CSAQGPQYFGPG	2e-05
CSAQGPSQNTLYFGAG	2e-05
CSAQGQAPLFGEG	2e-05
CSAQGQDTQYFGPG	2e-05
CSAQGQNTLYFGAG	2e-05
CSAQGQPTTQYFGPG	2e-05
CSAQGRANERLFFGHG	4e-05
CSAQGREVFFGKG	2e-05
CSAQGRGTEVFFGKG	2e-05
CSAQGSGNTLYFGEG	2e-05
CSAQGSNERLFFGHG	2e-05
CSAQGSYNSPLYFGEG	4e-05
CSAQGTEVFFGKG	2e-05
CSAQGTNSDYTFGSG	2e-05
CSAQGTSDYTFGSG	2e-05
CSAQGVEQYFGPG	2e-05
CSAQGVNERLFFGHG	2e-05
CSAQGYNSPLYFGEG	2e-05
CSAQKDTQYFGPG	6.000000000000001e-05
CSAQLNTEVFFGKG	4e-05
CSAQLSYEQYFGPG	2e-05
CSAQLYFGEG	2e-05
CSAQNQAPLFGEG	4e-05
CSAQNSDYTFGSG	4e-05
CSAQNSGNTLYFGEG	4e-05
CSAQNSYNSPLYFGEG	2e-05
CSAQNTEVFFGKG	4e-05
CSAQNTLYFGAG	2e-05
CSAQNYAEQFFGPG	2e-05
CSAQNYTFGSG	2e-05
CSAQPGQNSDYTFGSG	2e-05
CSAQQNTEVFFGKG	2e-05
CSAQQVFFGKG	2e-05
CSAQSGNTLYFGEG	2e-05
CSAQSNTEVFFGKG	4e-05
CSAQSNTGQLYFGEG	2e-05
CSAQSSYNSPLYFGEG	6.000000000000001e-05
CSAQTGGQNTLYFGAG	4e-05
CSAQTGHQNTLYFGAG	2e-05
CSAQTGRDTQYFGPG	2e-05
CSAQTGVNYAEQFFGPG	4e-05
CSAQTLPEVFFGKG	2e-05
CSAQTNSAETLYFGSG	4e-05
CSAQTSQNTLYFGAG	2e-05
CSAQVSNERLFFGHG	4e-05
CSAQYAEQFFGPG	4e-05
CSAQYFGPG	4e-05
CSAQYNSPLYFGEG	6.000000000000001e-05
CSARAEQAPLFGEG	2e-05
CSARAGEQFFGPG	2e-05
CSARAGFNQDTQYFGPG	2e-05
CSARAGGGQNTLYFGAG	4e-05
CSARAGGNTGQLYFGEG	2e-05
CSARAGGRNVTPPNNQAPLFGEG	4e-05
CSARAGQPNERLFFGHG	2e-05
CSARALYAEQFFGPG	6.000000000000001e-05
CSARANERLFFGHG	2e-05
CSARAREGETLYFGSG	4e-05
CSARARGRTEVFFGKG	2e-05
CSARARTTEVFFGKG	2e-05
CSARASGTEVFFGKG	4e-05
CSARASYNSTIYFGEG	2e-05
CSARDAEQFFGPG	4e-05
CSARDFCSQNTLYFGAG	2e-05
CSARDGQDTQYFGPG	2e-05
CSARDGTEVFFGKG	2e-05
CSARDINSPLYFGEG	2e-05
CSARDISGNTLYFGEG	2e-05
CSARDISYEQYFGPG	2e-05
CSARDIVSNERLFFGHG	2e-05
CSARDIYNSPLYFGEG	2e-05
CSARDKGDTQYFGPG	6.000000000000001e-05
CSARDLGQYFGPG	2e-05
CSARDMGSPLYFGEG	4e-05
CSARDNNQAPLFGEG	4e-05
CSARDNQDTQYFGPG	2e-05
CSARDNSNERLFFGHG	4e-05
CSARDNTEVFFGKG	4e-05
CSARDNYAEQFFGPG	4e-05
CSARDNYNSPLYFGEG	2e-05
CSARDNYTSPLYFGEG	6.000000000000001e-05
CSARDPGQLYFGEG	4e-05
CSARDRANSDYTFGSG	2e-05
CSARDRASDYTFGSG	4e-05
CSARDREDERLFFGHG	2e-05
CSARDREGAEQFFGPG	2e-05
CSARDREGNTLYFGEG	2e-05
CSARDRGENTEVFFGKG	4e-05
CSARDRGGNSDYTFGSG	4e-05
CSARDRGGNSPLYFGEG	2e-05
CSARDRGGNTEVFFGKG	2e-05
CSARDRGHEQYFGPG	2e-05
CSARDRGHQAPLFGEG	4e-05
CSARDRGHTEVFFGKG	2e-05
CSARDRGLQNTLYFGAG	2e-05
CSARDRGNERLFFGHG	2e-05
CSARDRGNSDYTFGSG	2e-05
CSARDRGNSPPYFGEG	2e-05
CSARDRGNTEVFFGKG	2e-05
CSARDRGNTGQLYFGEG	2e-05
CSARDRGPAEQFFGPG	2e-05
CSARDRGPEQYFGPG	2e-05
CSARDRGPEVFFGKG	4e-05
CSARDRGPNTGQLYFGEG	2e-05
CSARDRGQAPLFGEG	6.000000000000001e-05
CSARDRGRAETLYFGSG	2e-05
CSARDRGRPNERLFFGHG	2e-05
CSARDRGRTEVFFGKG	2e-05
CSARDRNERLFFGHG	4e-05
CSARDRNQAPLFGEG	2e-05
CSARDRNSDYTFGSG	2e-05
CSARDRNSPLYFGEG	2e-05
CSARDRNTGQLYFGEG	4e-05
CSARDRNYAEQFFGPG	4e-05
CSARDRSNERLFFGHG	4e-05
CSARDRSSYEQYFGPG	2e-05
CSARDRTNSDYTFGSG	4e-05
CSARDRTNTEVFFGKG	6.000000000000001e-05
CSARDRVDTQYFGPG	2e-05
CSARDRVNTEVFFGKG	2e-05
CSARDRVTEVFFGKG	2e-05
CSARDRWAEQFFGPG	2e-05
CSARDRYEQYFGPG	2e-05
CSARDRYKSPLYFGEG	2e-05
CSARDRYTEVFFGKG	2e-05
CSARDSANTEVFFGKG	4e-05
CSARDSEGNTLYFGEG	6.000000000000001e-05
CSARDSNNSPLYFGEG	6.000000000000001e-05
CSARDSPLYFGEG	4e-05
CSARDSQNTLYFGAG	4e-05
CSARDSSGNTLYFGEG	2e-05
CSARDTNYAEQFFGPG	4e-05
CSARDTTEVFFGKG	2e-05
CSARDTYYAEQFFGPG	4e-05
CSARDWDAEQFFGPG	2e-05
CSARDWGFEQYFGPG	4e-05
CSARDWGGAQYFGPG	2e-05
CSARDWGGEQYFGPG	2e-05
CSARDWGNTLYFGEG	6.000000000000001e-05
CSARDWGVFEQYFGPG	2e-05
CSARDWGVGQNTLYFGAG	4e-05
CSARDYNNQAPLFGEG	2e-05
CSAREATGQLYFGEG	2e-05
CSAREDTEVFFGKG	2e-05
CSAREGKEVFFGKG	4e-05
CSAREGTETLYFGSG	2e-05
CSAREGTEVFFGKG	2e-05
CSARENTLYFGAG	2e-05
CSARERDSGNTLYFGEG	2e-05
CSAREVQDTQYFGPG	4e-05
CSAREVTEVFFGKG	2e-05
CSARGAEQFFGPG	2e-05
CSARGDSDYTFGSG	2e-05
CSARGDTGQLYFGEG	2e-05
CSARGDYAEQFFGPG	4e-05
CSARGFQYFGPG	2e-05
CSARGGDTQYFGPG	2e-05
CSARGGRGNTLYFGEG	2e-05
CSARGGSQDTQYFGPG	2e-05
CSARGGTEVFFGKG	2e-05
CSARGGTQNTLYFGAG	2e-05
CSARGGVFFGKG	2e-05
CSARGGYNQDTQYFGPG	2e-05
CSARGHANTEVFFGKG	2e-05
CSARGKEDTQYFGPG	2e-05
CSARGKEVFFGKG	2e-05
CSARGLAEQFFGPG	4e-05
CSARGLGQDTQYFGPG	2e-05
CSARGNQDTQYFGPG	2e-05
CSARGNTGQLYFGEG	2e-05
CSARGNYAEQFFGPG	2e-05
CSARGQDNQAPLFGEG	2e-05
CSARGQQDTQYFGPG	2e-05
CSARGRAETLYFGSG	2e-05
CSARGRAGNTLYFGEG	2e-05
CSARGRDNERLFFGHG	4e-05
CSARGREQYFGPG	2e-05
CSARGRNQAPLFGEG	2e-05
CSARGSGNTLYFGEG	2e-05
CSARGSQNTLYFGAG	4e-05
CSARGSSYEQYFGPG	2e-05
CSARGSTEVFFGKG	2e-05
CSARGSTGQLYFGEG	4e-05
CSARGTEVFFGKG	4e-05
CSARGTGERLFFGHG	4e-05
CSARGTGGTDYTFGSG	2e-05
CSARGTYEQYFGPG	6.000000000000001e-05
CSARGVAETLYFGSG	4e-05
CSARGVEQYFGPG	2e-05
CSARGYNNQAPLFGEG	2e-05
CSARHANTEVFFGKG	6.000000000000001e-05
CSARHGNAPLYFGEG	2e-05
CSARHHTSPLYFGEG	2e-05
CSARHKNTEVFFGKG	6.000000000000001e-05
CSARHNANTEVFFGKG	2e-05
CSARHSGNTLYFGEG	4e-05
CSARHSNTEVFFGKG	2e-05
CSARHYNSPLYFGEG	2e-05
CSARIGVNSPLYFGEG	2e-05
CSARISNERLFFGHG	4e-05
CSARLDKAETLYFGSG	2e-05
CSARLGGPAEQFFGPG	2e-05
CSARLGGRRDTQYFGPG	2e-05
CSARLGVDTQYFGPG	2e-05
CSARLNYAEQFFGPG	2e-05
CSARNRGTNSDYTFGSG	4e-05
CSARNSDYTFGSG	2e-05
CSARNSGNTLYFGEG	4e-05
CSARNSYNSPLYFGEG	2e-05
CSARNTLYFGEG	2e-05
CSARPEVFFGKG	2e-05
CSARPGGAETLYFGSG	2e-05
CSARPGGNPEAFFGPG	4e-05
CSARPGGYAEQFFGPG	2e-05
CSARPGQGPNTLYFGEG	2e-05
CSARPGQGTNTLYFGEG	2e-05
CSARPNANSDYTFGSG	4e-05
CSARPSQNTLYFGAG	2e-05
CSARPTEVFFGKG	2e-05
CSARQANTEVFFGKG	4e-05
CSARQENTEVFFGKG	2e-05
CSARQESYEQYFGPG	2e-05
CSARQETLYFGSG	2e-05
CSARQFSNERLFFGHG	2e-05
CSARQGADQDTQYFGPG	6.000000000000001e-05
CSARQGAEVFFGKG	4e-05
CSARQGAGNTLYFGEG	2e-05
CSARQGANSDYTFGSG	4e-05
CSARQGARAQYFGPG	4e-05
CSARQGARTEVFFGKG	2e-05
CSARQGASTLYFGAG	4e-05
CSARQGAYEQYFGPG	4e-05
CSARQGDAEQFFGPG	2e-05
CSARQGDTQYFGPG	2e-05
CSARQGEGDTEVFFGKG	2e-05
CSARQGEVFFGKG	4e-05
CSARQGGAETLYFGSG	4e-05
CSARQGGDERLFFGHG	2e-05
CSARQGGFAEQFFGPG	2e-05
CSARQGGNQAPLFGEG	2e-05
CSARQGGNSPLYFGEG	2e-05
CSARQGGSDYTFGSG	2e-05
CSARQGGTSQNTLYFGAG	8e-05
CSARQGGYAEQFFGPG	2e-05
CSARQGLDTGQLYFGEG	2e-05
CSARQGLPEVFFGKG	2e-05
CSARQGLSNERLFFGHG	2e-05
CSARQGNNQAPLFGEG	2e-05
CSARQGNSDYTFGSG	4e-05
CSARQGNSPLYFGEG	2e-05
CSARQGNTEVFFGKG	4e-05
CSARQGPNERLFFGHG	4e-05
CSARQGQNTLYFGAG	4e-05
CSARQGSAETLYFGSG	4e-05
CSARQGSPEVFFGKG	4e-05
CSARQGSSNERLFFGHG	4e-05
CSARQGSYEQYFGPG	4e-05
CSARQGTGEQYFGPG	4e-05
CSARQHANSDYTFGSG	4e-05
CSARQISNERLFFGHG	2e-05
CSARQKNTEVFFGKG	4e-05
CSARQNSGNTLYFGEG	2e-05
CSARQNSPLYFGEG	2e-05
CSARQNSYNSPLYFGEG	2e-05
CSARQRGDTEVFFGKG	4e-05
CSARQSNERLFFGHG	2e-05
CSARQSQNTLYFGAG	0.0001
CSARQSSAETLYFGSG	2e-05
CSARQSTEVFFGKG	2e-05
CSARQTDTEVFFGKG	4e-05
CSARQTEQFFGPG	2e-05
CSARQVSNERLFFGHG	2e-05
CSARQWGTSQNTLYFGAG	2e-05
CSARQYANTEVFFGKG	6.000000000000001e-05
CSARQYNSPLYFGEG	4e-05
CSARQYSGNTLYFGEG	2e-05
CSARRANTEVFFGKG	2e-05
CSARRDSGNTLYFGEG	2e-05
CSARRGDTEVFFGKG	2e-05
CSARRGNTEVFFGKG	4e-05
CSARRGRANERLFFGHG	6.000000000000001e-05
CSARRGRDTQYFGPG	2e-05
CSARRGSHTQYFGPG	2e-05
CSARRNTEVFFGKG	2e-05
CSARRVNSPLYFGEG	2e-05
CSARSAETLYFGSG	4e-05
CSARSANTEVFFGKG	2e-05
CSARSNYAEQFFGPG	4e-05
CSARSSGNTLYFGEG	2e-05
CSARTADTGQLYFGEG	2e-05
CSARTANTEVFFGKG	2e-05
CSARTDAETLYFGSG	6.000000000000001e-05
CSARTDNNQAPLFGEG	4e-05
CSARTDSGNTLYFGEG	2e-05
CSARTEVFFGKG	2e-05
CSARTFSGNTLYFGEG	2e-05
CSARTFSYEQYFGPG	4e-05
CSARTGDEVFFGKG	2e-05
CSARTGEDTQYFGPG	4e-05
CSARTGEVFFGKG	2e-05
CSARTGGAETLYFGSG	2e-05
CSARTGGAGAEQFFGPG	4e-05
CSARTGGAGSEQFFGPG	4e-05
CSARTGGAHEQYFGPG	4e-05
CSARTGGAYEQYFGPG	4e-05
CSARTGGDYAEQFFGPG	2e-05
CSARTGGFQNTLYFGAG	2e-05
CSARTGGGYAEQFFGPG	2e-05
CSARTGGNSPLYFGEG	4e-05
CSARTGGNTEVFFGKG	2e-05
CSARTGGNYAEQFFGPG	2e-05
CSARTGGVAEQFFGPG	2e-05
CSARTGGVPEQFFGPG	2e-05
CSARTGGYAEQFFGPG	2e-05
CSARTGKNTEVFFGKG	4e-05
CSARTGLNTEVFFGKG	4e-05
CSARTGNSDYTFGSG	2e-05
CSARTGNTEVFFGKG	2e-05
CSARTGPNTEVFFGKG	4e-05
CSARTGRDSPLYFGEG	4e-05
CSARTGSAETLYFGSG	8e-05
CSARTGSQNTLYFGAG	6.000000000000001e-05
CSARTGTNERLFFGHG	2e-05
CSARTGVTEVFFGKG	4e-05
CSARTHSGNTLYFGEG	2e-05
CSARTNSNERLFFGHG	2e-05
CSARTQNTEVFFGKG	2e-05
CSARTTNERLFFGHG	2e-05
CSARTTSAETLYFGSG	2e-05
CSARTYEQYFGPG	6.000000000000001e-05
CSARVREQYFGPG	2e-05
CSARVSGNTLYFGEG	2e-05
CSARVSYTSPLYFGEG	6.000000000000001e-05
CSARVTGQLYFGEG	2e-05
CSARYEQYFGPG	2e-05
CSARYRNQAPLFGEG	4e-05
CSASDPEVFFGKG	6.000000000000001e-05
CSASDSLLYFGEG	4e-05
CSASDSPLYFGEG	2e-05
CSASDSSQNTLYFGAG	2e-05
CSASDTEVFFGKG	4e-05
CSASEGTEVFFGKG	2e-05
CSASGAAEQFFGPG	4e-05
CSASGAGNTLYFGEG	2e-05
CSASGAKAETLYFGSG	2e-05
CSASGDTEVFFGKG	2e-05
CSASGEAEQFFGPG	2e-05
CSASGGDTGQLYFGEG	4e-05
CSASGGGAETLYFGSG	2e-05
CSASGGLEQYFGPG	2e-05
CSASGGQDTQYFGPG	2e-05
CSASGGQYFGPG	2e-05
CSASGGRNTGQLYFGEG	2e-05
CSASGGSQNTLYFGAG	2e-05
CSASGKNERLFFGHG	2e-05
CSASGNTEVFFGKG	2e-05
CSASGQANSDYTFGSG	2e-05
CSASGQEVFFGKG	2e-05
CSASGQTNTEVFFGKG	2e-05
CSASGRAPEVFFGKG	2e-05
CSASGRATEVFFGKG	2e-05
CSASGRDTLYFGAG	2e-05
CSASGSNERLFFGHG	2e-05
CSASGTGNSDYTFGSG	2e-05
CSASGTGPETLYFGSG	2e-05
CSASGTGQDTQYFGPG	2e-05
CSASGTGVTEVFFGKG	2e-05
CSASGTKNTEVFFGKG	4e-05
CSASGTNTGQLYFGEG	2e-05
CSASGTPNNQAPLFGEG	2e-05
CSASGTSNTGQLYFGEG	2e-05
CSASGTYSGNTLYFGEG	6.000000000000001e-05
CSASGVAEQFFGPG	2e-05
CSASHNQAPLFGEG	2e-05
CSASIANTEVFFGKG	2e-05
CSASKNTEVFFGKG	2e-05
CSASLDRANTGQLYFGEG	2e-05
CSASLGAAETLYFGSG	2e-05
CSASNSGNTLYFGEG	4e-05
CSASNTGQLYFGEG	4e-05
CSASPDSSYEQYFGPG	2e-05
CSASPGNTLYFGEG	4e-05
CSASPGTGADTQYFGPG	2e-05
CSASQDTQYFGPG	2e-05
CSASQGAEVFFGKG	4e-05
CSASQGISNERLFFGHG	2e-05
CSASQGPTEVFFGKG	4e-05
CSASQGSTEVFFGKG	4e-05
CSASQISGNTLYFGEG	6.000000000000001e-05
CSASQNTGQLYFGEG	4e-05
CSASQTEVFFGKG	2e-05
CSASQTSGNTLYFGEG	2e-05
CSASRAETLYFGSG	2e-05
CSASREDTQYFGPG	2e-05
CSASRGAETLYFGSG	2e-05
CSASRGGERLFFGHG	2e-05
CSASSDPEVFFGKG	2e-05
CSASSNNQAPLFGEG	4e-05
CSASSSAETLYFGSG	4e-05
CSASTGEGNGQLYFGEG	4e-05
CSASTGRSDYTFGSG	6.000000000000001e-05
CSASTGTEVFFGKG	2e-05
CSASTSQNTLYFGAG	2e-05
CSASTYEQYFGPG	2e-05
CSASVNSGNTLYFGEG	2e-05
CSASWAETLYFGSG	4e-05
CSASWGAPKSQNTLYFGAG	2e-05
CSASWGGAKSQNTLYFGAG	2e-05
CSASYNSPLYFGEG	2e-05
CSATAANSDYTFGSG	4e-05
CSATAANTEVFFGKG	2e-05
CSATAETLYFGSG	2e-05
CSATAGPQYFGPG	2e-05
CSATAGRGEVFFGKG	2e-05
CSATAGTEVFFGKG	2e-05
CSATAPTLYFGSG	2e-05
CSATARAETLYFGSG	2e-05
CSATASAETLYFGSG	4e-05
CSATAYEQYFGPG	2e-05
CSATDGPQYFGPG	4e-05
CSATDNANSDYTFGSG	2e-05
CSATDRGNQAPLFGEG	2e-05
CSATDSYNSPLYFGEG	2e-05
CSATDTEVFFGKG	2e-05
CSATESSGNTLYFGEG	2e-05
CSATETLYFGSG	2e-05
CSATEVFFGKG	2e-05
CSATGAETLYFGSG	2e-05
CSATGAEVFFGKG	4e-05
CSATGAGNTLYFGEG	2e-05
CSATGANSDYTFGSG	4e-05
CSATGASQNTLYFGAG	2e-05
CSATGATEVFFGKG	2e-05
CSATGDAGQLYFGEG	2e-05
CSATGDSDYTFGSG	2e-05
CSATGDTEVFFGKG	2e-05
CSATGDTQYFGPG	2e-05
CSATGEEQYFGPG	2e-05
CSATGEQYFGPG	2e-05
CSATGFSNERLFFGHG	4e-05
CSATGFYAEQFFGPG	4e-05
CSATGGANERLFFGHG	2e-05
CSATGGAREQYFGPG	2e-05
CSATGGASAETLYFGSG	2e-05
CSATGGAYAEQFFGPG	4e-05
CSATGGDTEVFFGKG	4e-05
CSATGGEDTQYFGPG	2e-05
CSATGGEQYFGPG	2e-05
CSATGGGGGTLFFGEG	2e-05
CSATGGGGQNTLYFGAG	2e-05
CSATGGGQAPLFGEG	2e-05
CSATGGHTLYFGAG	2e-05
CSATGGITTQYFGPG	4e-05
CSATGGKNTLYFGAG	6.000000000000001e-05
CSATGGLGDTQYFGPG	4e-05
CSATGGNERLFFGHG	2e-05
CSATGGNTEVFFGKG	6.000000000000001e-05
CSATGGNYAEQFFGPG	2e-05
CSATGGRNQAPLFGEG	2e-05
CSATGGSNTGQLYFGEG	2e-05
CSATGGSQNTLYFGAG	2e-05
CSATGGTEVFFGKG	2e-05
CSATGGVDTQYFGPG	2e-05
CSATGKDTQYFGPG	4e-05
CSATGLGSQNTLYFGAG	2e-05
CSATGLNERLFFGHG	8e-05
CSATGLRASYEQYFGPG	2e-05
CSATGLSGNTLYFGEG	2e-05
CSATGNEQYFGPG	2e-05
CSATGNERLFFGHG	2e-05
CSATGNQAPLFGEG	2e-05
CSATGNTEVFFGKG	2e-05
CSATGNTGQLYFGEG	2e-05
CSATGNYAEQFFGPG	4e-05
CSATGPLNERLFFGHG	2e-05
CSATGQGNERLFFGHG	2e-05
CSATGQLYFGEG	4e-05
CSATGQNTEVFFGKG	2e-05
CSATGQYTSPLYFGEG	2e-05
CSATGRDTQYFGPG	2e-05
CSATGRGTEVFFGKG	2e-05
CSATGRNNQAPLFGEG	2e-05
CSATGRNTEVFFGKG	2e-05
CSATGRRDQAPLFGEG	2e-05
CSATGSGNTLYFGEG	2e-05
CSATGSQNTLYFGAG	2e-05
CSATGSRSETLYFGSG	2e-05
CSATGTDEQYFGPG	4e-05
CSATGTGAETLYFGSG	2e-05
CSATGTGANTEVFFGKG	4e-05
CSATGTGGAYEQYFGPG	6.000000000000001e-05
CSATGTLSNERLFFGHG	4e-05
CSATGTNERLFFGHG	4e-05
CSATGVAETLYFGSG	2e-05
CSATGVANTEVFFGKG	4e-05
CSATGVGSDYTFGSG	4e-05
CSATGVNTEVFFGKG	8e-05
CSATGVSTEVFFGKG	2e-05
CSATGVTLYFGEG	4e-05
CSATGVYNSPLYFGEG	8e-05
CSATGVYTSPLYFGEG	0.0001
CSATGWDTQYFGPG	2e-05
CSATGYEQYFGPG	4e-05
CSATINQDTQYFGPG	2e-05
CSATIPTFGSG	4e-05
CSATIPTLYFGAG	2e-05
CSATISYEQYFGPG	2e-05
CSATKEVFFGKG	4e-05
CSATLNTGQLYFGEG	2e-05
CSATLYFGAG	2e-05
CSATPDTQYFGPG	2e-05
CSATPGKGDTGQLYFGEG	2e-05
CSATPGQGDTGQLYFGEG	2e-05
CSATPPTSYAVFFGKG	2e-05
CSATPSGNTLYFGEG	4e-05
CSATPSQNTLYFGAG	8e-05
CSATQGNERLFFGHG	2e-05
CSATQNTLYFGAG	4e-05
CSATQYFGPG	2e-05
CSATRDTQYFGPG	4e-05
CSATRGGSSAETLYFGSG	4e-05
CSATRNSDYTFGSG	2e-05
CSATRPNTEVFFGKG	2e-05
CSATRRAAHHFFGKG	4e-05
CSATRREQYFGPG	2e-05
CSATSANTEVFFGKG	6.000000000000001e-05
CSATSETLYFGSG	4e-05
CSATSNSDYTFGSG	2e-05
CSATSNTEVFFGKG	2e-05
CSATSQYFGPG	2e-05
CSATSSAETLYFGSG	4e-05
CSATTGQDTQYFGPG	6.000000000000001e-05
CSATTGVGAEQFFGPG	6.000000000000001e-05
CSATTNERLFFGHG	2e-05
CSATTNSDYTFGSG	2e-05
CSATTNTGQLYFGEG	4e-05
CSATVNQDTQYFGPG	2e-05
CSATVRGPRFGPG	2e-05
CSATVRSPAPLFGEG	2e-05
CSATVSGNTLYFGEG	2e-05
CSATVSSYEQYFGPG	2e-05
CSATWGSNERLFFGHG	4e-05
CSATYNSPLYFGEG	4e-05
CSATYTEVFFGKG	2e-05
CSATYTGQLYFGEG	2e-05
CSAVAEQFFGPG	2e-05
CSAVAETLYFGSG	4e-05
CSAVAEVFFGKG	2e-05
CSAVAFGNTLYFGEG	6.000000000000001e-05
CSAVAGGAYAEQFFGPG	4e-05
CSAVAHTLYFGAG	2e-05
CSAVANSAETLYFGSG	2e-05
CSAVANSDYTFGSG	2e-05
CSAVANTLYFGAG	2e-05
CSAVAQNTLYFGAG	2e-05
CSAVASGNTLYFGEG	2e-05
CSAVDINNYAEQFFGPG	4e-05
CSAVDINQAPLFGEG	2e-05
CSAVDNQDTQYFGPG	4e-05
CSAVDNYNSPLYFGEG	2e-05
CSAVDPNTEVFFGKG	4e-05
CSAVDRAETLYFGSG	2e-05
CSAVDRANERLFFGHG	2e-05
CSAVDRANSDYTFGSG	8e-05
CSAVDRDTEVFFGKG	2e-05
CSAVDRGHERLFFGHG	6.000000000000001e-05
CSAVDRGLEQYFGPG	4e-05
CSAVDRGNYAEQFFGPG	2e-05
CSAVDSNERLFFGHG	6.000000000000001e-05
CSAVDSQNTLYFGAG	2e-05
CSAVDWGLNYAEQFFGPG	2e-05
CSAVDWGNQDTQYFGPG	2e-05
CSAVEEVFFGKG	2e-05
CSAVEGADAEQFFGPG	2e-05
CSAVEGGAETLYFGSG	2e-05
CSAVEGSDYTFGSG	6.000000000000001e-05
CSAVEQYFGPG	2e-05
CSAVGAEVFFGKG	2e-05
CSAVGAGGQYFGPG	2e-05
CSAVGARGQNTLYFGAG	6.000000000000001e-05
CSAVGASQDTQYFGPG	6.000000000000001e-05
CSAVGAYNSPLYFGEG	2e-05
CSAVGAYTGQLYFGEG	2e-05
CSAVGDGNTGQLYFGEG	4e-05
CSAVGDNYAEQFFGPG	2e-05
CSAVGDQNTLYFGAG	2e-05
CSAVGDRNERLFFGHG	2e-05
CSAVGDTLYFGAG	2e-05
CSAVGEGAETLYFGSG	4e-05
CSAVGEGTEVFFGKG	2e-05
CSAVGEPYNSPLYFGEG	4e-05
CSAVGERGETLYFGSG	2e-05
CSAVGGAETLYFGSG	2e-05
CSAVGGAGEQYFGPG	2e-05
CSAVGGAGQQYFGPG	2e-05
CSAVGGALEQYFGPG	2e-05
CSAVGGAPETLYFGSG	2e-05
CSAVGGEQYFGPG	4e-05
CSAVGGGAETLYFGSG	4e-05
CSAVGGGPGQLYFGEG	2e-05
CSAVGGGQNTLYFGAG	2e-05
CSAVGGGSQDTQYFGPG	2e-05
CSAVGGKETLYFGSG	2e-05
CSAVGGKGEQYFGPG	8e-05
CSAVGGLAETLYFGSG	2e-05
CSAVGGLSQNTLYFGAG	2e-05
CSAVGGNTEVFFGKG	4e-05
CSAVGGNYAEQFFGPG	2e-05
CSAVGGNYEQYFGPG	2e-05
CSAVGGPQNTLYFGAG	4e-05
CSAVGGPREQYFGPG	2e-05
CSAVGGRAEQFFGPG	6.000000000000001e-05
CSAVGGRGETLYFGSG	2e-05
CSAVGGRNERLFFGHG	2e-05
CSAVGGRVTEVFFGKG	4e-05
CSAVGGSQNTLYFGAG	2e-05
CSAVGGTETLYFGSG	2e-05
CSAVGGTGQLYFGEG	2e-05
CSAVGGVSYEQYFGPG	2e-05
CSAVGGWAETLYFGSG	6.000000000000001e-05
CSAVGGYEQYFGPG	4e-05
CSAVGHANTEVFFGKG	2e-05
CSAVGHEQYFGPG	4e-05
CSAVGHTQNTLYFGAG	8e-05
CSAVGLGEQYFGPG	2e-05
CSAVGLGGPDTQYFGPG	8e-05
CSAVGLGSAETLYFGSG	6.000000000000001e-05
CSAVGLGVSQNTLYFGAG	2e-05
CSAVGNTLYFGEG	6.000000000000001e-05
CSAVGPANTEVFFGKG	2e-05
CSAVGPQDTQYFGPG	2e-05
CSAVGPSKVFFGKG	2e-05
CSAVGQGAETLYFGSG	4e-05
CSAVGQGARHDTQYFGPG	2e-05
CSAVGQGARQDTQYFGPG	2e-05
CSAVGQGTEVFFGKG	2e-05
CSAVGQNTEVFFGKG	4e-05
CSAVGQNTLYFGAG	2e-05
CSAVGRGNEQYFGPG	2e-05
CSAVGRGYAEQFFGPG	2e-05
CSAVGSAETLYFGSG	4e-05
CSAVGSANTEVFFGKG	2e-05
CSAVGSEQYFGPG	4e-05
CSAVGSNTEVFFGKG	2e-05
CSAVGTEVFFGKG	2e-05
CSAVGTGGGTEVFFGKG	8e-05
CSAVGTGGNTLYFGAG	2e-05
CSAVGTGGYAEQFFGPG	2e-05
CSAVGTGNTGQLYFGEG	4e-05
CSAVGTLSNERLFFGHG	6.000000000000001e-05
CSAVGTNYAEQFFGPG	2e-05
CSAVGTPNTEVFFGKG	4e-05
CSAVGTTNERLFFGHG	2e-05
CSAVGTYAEQFFGPG	4e-05
CSAVGVEQYFGPG	4e-05
CSAVGVNQDTQYFGPG	2e-05
CSAVGVSAETLYFGSG	6.000000000000001e-05
CSAVHNQDTQYFGPG	2e-05
CSAVHNSGNTLYFGEG	2e-05
CSAVKDTQYFGPG	4e-05
CSAVKTLYFGSG	4e-05
CSAVLAETLYFGSG	4e-05
CSAVLGDTGQLYFGEG	2e-05
CSAVLGEDTQYFGPG	4e-05
CSAVLGNAETLYFGSG	2e-05
CSAVLNTGQLYFGEG	6.000000000000001e-05
CSAVLRARNTEVFFGKG	2e-05
CSAVLRDRNTEVFFGKG	6.000000000000001e-05
CSAVLSGNTLYFGEG	2e-05
CSAVMRNATPPKSYAVFFGKG	2e-05
CSAVNEQYFGPG	8e-05
CSAVNERLFFGHG	8e-05
CSAVNNERLFFGHG	4e-05
CSAVNNQAPLFGEG	6.000000000000001e-05
CSAVNSGNTLYFGEG	2e-05
CSAVNTGQLYFGEG	2e-05
CSAVPANTEVFFGKG	2e-05
CSAVPRDTEVFFGKG	2e-05
CSAVPVSNERLFFGHG	2e-05
CSAVQDTQYFGPG	2e-05
CSAVQGAGEQYFGPG	2e-05
CSAVQGAGNTLYFGEG	2e-05
CSAVQGDTEVFFGKG	2e-05
CSAVQGGDERLFFGHG	4e-05
CSAVQGGNTEVFFGKG	2e-05
CSAVQGNAEQFFGPG	2e-05
CSAVQGNSDYTFGSG	2e-05
CSAVQGNTEVFFGKG	4e-05
CSAVQGNYAEQFFGPG	4e-05
CSAVQNRGSNSDYTFGSG	2e-05
CSAVQNSRSNSDYTFGSG	4e-05
CSAVQNTEVFFGKG	2e-05
CSAVQSSYEQYFGPG	2e-05
CSAVQTANTEVFFGKG	2e-05
CSAVQVDYEQYFGPG	2e-05
CSAVRAEQFFGPG	2e-05
CSAVRDEQYFGPG	2e-05
CSAVRDRGNTLYFGEG	2e-05
CSAVRDSSYEQYFGPG	2e-05
CSAVRGDTEVFFGKG	2e-05
CSAVRGGPGQLYFGEG	2e-05
CSAVRGIAETLYFGSG	2e-05
CSAVRGNSPLYFGEG	6.000000000000001e-05
CSAVRGRRVFGHG	2e-05
CSAVRGSQNTLYFGAG	6.000000000000001e-05
CSAVRNYAEQFFGPG	2e-05
CSAVRPTQYFGPG	2e-05
CSAVRSSAETLYFGSG	2e-05
CSAVRTDYEQYFGPG	2e-05
CSAVRTGLNERLFFGHG	6.000000000000001e-05
CSAVRTGQGNSDYTFGSG	2e-05
CSAVRVNQDTQYFGPG	2e-05
CSAVRYEQYFGPG	2e-05
CSAVSKNTLYFGAG	2e-05
CSAVSNERLFFGHG	2e-05
CSAVSNQDTQYFGPG	2e-05
CSAVSNSGNTLYFGEG	4e-05
CSAVSQGNERLFFGHG	4e-05
CSAVSQNTLYFGAG	2e-05
CSAVSSERLFFGHG	4e-05
CSAVSSQNTLYFGAG	2e-05
CSAVSVYNSPLYFGEG	2e-05
CSAVTANTEVFFGKG	4e-05
CSAVTEVFFGKG	2e-05
CSAVTGEAEVFFGKG	2e-05
CSAVTGGAEQFFGPG	6.000000000000001e-05
CSAVTGGGNTLYFGEG	4e-05
CSAVTGGGTEVFFGKG	2e-05
CSAVTGGKDTQYFGPG	2e-05
CSAVTGGQNTLYFGAG	2e-05
CSAVTGGYAEQFFGPG	4e-05
CSAVTGNTEVFFGKG	2e-05
CSAVTGRAEQFFGPG	2e-05
CSAVTGTGNTLYFGEG	4e-05
CSAVTNQAPLFGEG	2e-05
CSAVTNTLYFGAG	2e-05
CSAVTSGNTLYFGEG	2e-05
CSAVTSQNTLYFGAG	2e-05
CSAVTTNTEVFFGKG	2e-05
CSAVTTNTGQLYFGEG	2e-05
CSAVTYSYNSPLYFGEG	4e-05
CSAVVAEQFFGPG	2e-05
CSAVVGRNERLFFGHG	2e-05
CSAVWGDSAETLYFGSG	4e-05
CSAVWGGENTLYFGAG	4e-05
CSAVWGGGQNTLYFGAG	2e-05
CSAVWGGYEQYFGPG	2e-05
CSAVWGPGSYEQYFGPG	2e-05
CSAVWGPLYEQYFGPG	2e-05
CSAVWGPSSYEQYFGPG	2e-05
CSAVWGPYEQYFGPG	2e-05
CSAVWGRGQDTQYFGPG	6.000000000000001e-05
CSAVWGSQNTLYFGAG	2e-05
CSAVWGTYEQYFGPG	2e-05
CSAVWTLYFGAG	2e-05
CSAVWWSSQNTLYFGAG	2e-05
CSAVYEQYFGPG	6.000000000000001e-05
CSAVYNNQAPLFGEG	2e-05
CSAVYTEVFFGKG	4e-05
CSAWDIKDTQYFGPG	2e-05
CSAWDIQDTQYFGPG	2e-05
CSAWDISYEQYFGPG	2e-05
CSAWDRDNSPLYFGEG	2e-05
CSAWDREDTQYFGPG	2e-05
CSAWDRGDTQYFGPG	4e-05
CSAWDRQDTQYFGPG	4e-05
CSAWDRSNTEVFFGKG	2e-05
CSAWDSAETLYFGSG	2e-05
CSAWDSQDTQYFGPG	2e-05
CSAWDSSNTEVFFGKG	2e-05
CSAWDWGVEQYFGPG	2e-05
CSAWEQYFGPG	2e-05
CSAWGDTQYFGPG	6.000000000000001e-05
CSAWGDYNYAEQFFGPG	2e-05
CSAWGEEVFFGKG	6.000000000000001e-05
CSAWGESQDTQYFGPG	8e-05
CSAWGGDTQYFGPG	2e-05
CSAWGGNTGQLYFGEG	2e-05
CSAWGGRAETLYFGSG	2e-05
CSAWGGYEQYFGPG	6.000000000000001e-05
CSAWGGYNYAEQFFGPG	2e-05
CSAWGINQDTQYFGPG	4e-05
CSAWGNQDTQYFGPG	4e-05
CSAWGQLYFGEG	2e-05
CSAWGREQYFGPG	6.000000000000001e-05
CSAWGRTEVFFGKG	4e-05
CSAWGSGQDTQYFGPG	6.000000000000001e-05
CSAWGSHTEVFFGKG	2e-05
CSAWGSSYEQYFGPG	4e-05
CSAWGVEQYFGPG	2e-05
CSAWGVSYEQYFGPG	2e-05
CSAWGYEQYFGPG	4e-05
CSAWLGGPYAEQFFGPG	4e-05
CSAWNEQYFGPG	2e-05
CSAWNTEVFFGKG	2e-05
CSAWRGAREQYFGPG	6.000000000000001e-05
CSAWTANTGQLYFGEG	4e-05
CSAWTGGDTQYFGPG	4e-05
CSAWTGGIDTQYFGPG	2e-05
CSAWTGPNTGQLYFGEG	4e-05
CSAYAGARTEVFFGKG	4e-05
CSAYFGAG	2e-05
CSAYFGEG	2e-05
CSAYINTEVFFGKG	2e-05
CSAYITGQLYFGEG	2e-05
CSAYLGGLNTGQLYFGEG	2e-05
CSAYNSPLYFGEG	2e-05
CSAYQDTQYFGPG	6.000000000000001e-05
CSAYREEVFFGKG	4e-05
CSAYREQDTQYFGPG	4e-05
CSAYRGEVFFGKG	4e-05
CSAYRGGAETLYFGSG	2e-05
CSAYRGHNYAEQFFGPG	2e-05
CSAYRGRAETLYFGSG	2e-05
CSAYRGRDSDYTFGSG	2e-05
CSAYTFGSG	2e-05
CSAYTSAETLYFGSG	4e-05
CSCCVRNVTPPKSYAVFFGKG	4e-05
CSCREDGGHEDTQYFGPG	2e-05
CSCTSQDTQYFGPG	2e-05
CSDAEQFFGPG	2e-05
CSDAGSSAETLYFGSG	2e-05
CSDDNNQDTQYFGPG	6.000000000000001e-05
CSDDRAEVFFGKG	2e-05
CSDDSQNTLYFGAG	2e-05
CSDDTGQLYFGEG	2e-05
CSDELETLYFGSG	4e-05
CSDEQYFGPG	4e-05
CSDGANTEVFFGKG	2e-05
CSDGGANERLFFGHG	2e-05
CSDGGASAETLYFGSG	4e-05
CSDGGETLYFGSG	2e-05
CSDGGQDTQYFGPG	6.000000000000001e-05
CSDGGVYEQYFGPG	2e-05
CSDGLGDYEQYFGPG	4e-05
CSDGQAANTEVFFGKG	2e-05
CSDGQGAGTEVFFGKG	2e-05
CSDGQGGAETLYFGSG	2e-05
CSDGRGNTLYFGEG	2e-05
CSDGSYEQYFGPG	2e-05
CSDGTDSGNTLYFGEG	2e-05
CSDGTGDTEVFFGKG	2e-05
CSDGTGGNSDYTFGSG	2e-05
CSDGYNSPLYFGEG	4e-05
CSDHQDTQYFGPG	6.000000000000001e-05
CSDHTEVFFGKG	4e-05
CSDISQNTLYFGAG	2e-05
CSDLGEDTLYFGAG	2e-05
CSDLGGSSYEQYFGPG	2e-05
CSDLQGSDYTFGSG	4e-05
CSDMTGNSGNTLYFGEG	2e-05
CSDNAEQFFGPG	4e-05
CSDNPNTEVFFGKG	2e-05
CSDNRGGVFFGKG	2e-05
CSDNSGNTLYFGEG	2e-05
CSDNSQNTLYFGAG	2e-05
CSDNYEQYFGPG	2e-05
CSDPGHTEVFFGKG	4e-05
CSDPGHTNSDYTFGSG	2e-05
CSDPLSFGPG	2e-05
CSDPRTHSGNTLYFGEG	4e-05
CSDQDGTATQYFGPG	2e-05
CSDQGARGNTLYFGEG	2e-05
CSDQTEVFFGKG	2e-05
CSDRAGNTLYFGEG	2e-05
CSDRAQDTQYFGPG	2e-05
CSDRDGQDTQYFGPG	4e-05
CSDRDNERLFFGHG	2e-05
CSDRDNYEQYFGPG	2e-05
CSDRDRGNERLFFGHG	2e-05
CSDRDRGNTEVFFGKG	4e-05
CSDRDRGQEVFFGKG	2e-05
CSDRDSAETLYFGSG	2e-05
CSDRDSGNTLYFGEG	2e-05
CSDRDSNSPLYFGEG	2e-05
CSDREETLYFGSG	4e-05
CSDREGAEVFFGKG	4e-05
CSDREGTEVFFGKG	4e-05
CSDRFSNERLFFGHG	2e-05
CSDRGANTEVFFGKG	2e-05
CSDRGERLFFGHG	6.000000000000001e-05
CSDRGFSNERLFFGHG	2e-05
CSDRGGDTQYFGPG	4e-05
CSDRGGGTEVFFGKG	2e-05
CSDRGGTEVFFGKG	2e-05
CSDRGGTKHLYFGAG	6.000000000000001e-05
CSDRGNSGNTLYFGEG	2e-05
CSDRGQDTQYFGPG	2e-05
CSDRGRAETLYFGSG	2e-05
CSDRGRGSDYTFGSG	2e-05
CSDRGRNTGQLYFGEG	2e-05
CSDRGSAETLYFGSG	2e-05
CSDRGSNERLFFGHG	2e-05
CSDRGSTEVFFGKG	4e-05
CSDRGTEVFFGKG	6.000000000000001e-05
CSDRGTGASYEQYFGPG	2e-05
CSDRGWTEVFFGKG	2e-05
CSDRLAKQNTLYFGAG	6.000000000000001e-05
CSDRNERLFFGHG	2e-05
CSDRNSGNTLYFGEG	2e-05
CSDRNSPLYFGEG	2e-05
CSDRNTGQLYFGEG	2e-05
CSDRNYAEQFFGPG	4e-05
CSDRQDTQYFGPG	4e-05
CSDRQFYNSPLYFGEG	4e-05
CSDRQGAGNTLYFGEG	6.000000000000001e-05
CSDRQGGSPLYFGEG	4e-05
CSDRQGGTPLYFGEG	4e-05
CSDRQGSDYTFGSG	6.000000000000001e-05
CSDRQKGTEVFFGKG	4e-05
CSDRSVTETLYFGSG	2e-05
CSDRVENTEVFFGKG	4e-05
CSDSANTEVFFGKG	4e-05
CSDSGTANSDYTFGSG	2e-05
CSDSNTEVFFGKG	2e-05
CSDSQNTLYFGAG	2e-05
CSDSSQNTLYFGAG	4e-05
CSDTEVFFGKG	2e-05
CSDTGGAGNTLYFGEG	4e-05
CSDTGNTLYFGEG	4e-05
CSDTGREVFFGKG	4e-05
CSDTPSAETLYFGSG	2e-05
CSDTQYFGPG	2e-05
CSDTYSGNTLYFGEG	4e-05
CSDWGDEQYFGPG	2e-05
CSDWGGENTLYFGAG	8e-05
CSDWGGEQYFGPG	2e-05
CSDWGGGNTQYFGPG	2e-05
CSDWGGGQDTQYFGPG	2e-05
CSDWGGQNTLYFGAG	2e-05
CSDWGGYEQYFGPG	2e-05
CSDWGINYAEQFFGPG	4e-05
CSDWGLQDTQYFGPG	2e-05
CSDWGNGQNTLYFGAG	2e-05
CSDWGNQDTQYFGPG	4e-05
CSDWGNYAEQFFGPG	2e-05
CSDWGRQNTLYFGAG	2e-05
CSDWLYAEQFFGPG	2e-05
CSDWVFEQYFGPG	4e-05
CSEAGDWGPYEQYFGPG	4e-05
CSEAGGENTGQLYFGEG	4e-05
CSEAQKGYSGNTLYFGEG	2e-05
CSEARENTLYFGAG	2e-05
CSEDHSGNTLYFGEG	2e-05
CSEDISAETLYFGSG	2e-05
CSEDIYEQYFGPG	2e-05
CSEDNQAPLFGEG	2e-05
CSEDNYEQYFGPG	2e-05
CSEDRAETLYFGSG	4e-05
CSEDRGHAEQFFGPG	2e-05
CSEDRGQVTLYFGAG	2e-05
CSEDRGSNERLFFGHG	2e-05
CSEDSAETLYFGSG	4e-05
CSEDSANTEVFFGKG	2e-05
CSEDSSSPLYFGEG	2e-05
CSEDTGSHERLFFGHG	2e-05
CSEDWGAYEQYFGPG	2e-05
CSEDWGDNQDTQYFGPG	2e-05
CSEDWGGADTQYFGPG	2e-05
CSEDWGGDEQYFGPG	2e-05
CSEERNVTPPKSYAVFFGKG	4e-05
CSEEYNSPLYFGEG	2e-05
CSEGAGGNSPLYFGEG	6.000000000000001e-05
CSEGGGNTLYFGEG	6.000000000000001e-05
CSEGGGPAETLYFGSG	4e-05
CSEGGLTEVFFGKG	2e-05
CSEGGSSAETLYFGSG	2e-05
CSEGHSNTEVFFGKG	4e-05
CSEGHYAEQFFGPG	2e-05
CSEGLGADTQYFGPG	2e-05
CSEGLGGREQYFGPG	2e-05
CSEGLGGRQNTLYFGAG	2e-05
CSEGLGNAEQFFGPG	4e-05
CSEGLNNYAEQFFGPG	4e-05
CSEGLYAEQFFGPG	4e-05
CSEGNTEVFFGKG	2e-05
CSEGNTGQLYFGEG	4e-05
CSEGPSSYEQYFGPG	2e-05
CSEGQANSDYTFGSG	4e-05
CSEGQETLYFGSG	2e-05
CSEGQGERLFFGHG	4e-05
CSEGQGNAEQFFGPG	4e-05
CSEGQGNTEVFFGKG	6.000000000000001e-05
CSEGQKGAETLYFGSG	2e-05
CSEGQNTEVFFGKG	4e-05
CSEGQNYAEQFFGPG	2e-05
CSEGQRNTEVFFGKG	2e-05
CSEGQSNTEVFFGKG	2e-05
CSEGQTEVFFGKG	2e-05
CSEGRTSPLYFGEG	4e-05
CSEGSAETLYFGSG	8e-05
CSEGTERLFFGHG	2e-05
CSEGTEVFFGKG	2e-05
CSEGTGDSDYTFGSG	6.000000000000001e-05
CSEGTGNYAEQFFGPG	2e-05
CSEHPNTGQLYFGEG	4e-05
CSEHWGGYAEQFFGPG	4e-05
CSEINSDYTFGSG	2e-05
CSEKCDPPKSYAVFFGKG	4e-05
CSEKCDSPKSYAVFFGKG	2e-05
CSEKCDSTKSYAVFFGKG	4e-05
CSEKCDSTQYFGPG	2e-05
CSEKNTGQLYFGEG	2e-05
CSEKSDPTQYFGPG	2e-05
CSEKTNTGQLYFGEG	2e-05
CSELGANYAEQFFGPG	2e-05
CSELGFDAEQFFGPG	2e-05
CSELGIEQYFGPG	8e-05
CSELGSSAETLYFGSG	4e-05
CSEMPGSSAETLYFGSG	2e-05
CSENTEVFFGKG	4e-05
CSENTGQLYFGEG	4e-05
CSENYSGNTLYFGEG	2e-05
CSEPGKNTEVFFGKG	2e-05
CSEPGQDEQYFGPG	2e-05
CSEPSSGNTLYFGEG	2e-05
CSEQAEVFFGKG	6.000000000000001e-05
CSEQARQNTLYFGAG	2e-05
CSEQASQNTLYFGAG	4e-05
CSEQDSGNTLYFGEG	4e-05
CSEQFFGPG	2e-05
CSEQFSNERLFFGHG	2e-05
CSEQGADTEVFFGKG	2e-05
CSEQGAGNTLYFGEG	4e-05
CSEQGARTEVFFGKG	2e-05
CSEQGASAETLYFGSG	2e-05
CSEQGGAGQLYFGEG	6.000000000000001e-05
CSEQGINNQAPLFGEG	4e-05
CSEQGNTEVFFGKG	2e-05
CSEQGPYEQYFGPG	2e-05
CSEQGREQYFGPG	2e-05
CSEQGRVFFGKG	8e-05
CSEQGSYAEQFFGPG	2e-05
CSEQGYTGQLYFGEG	4e-05
CSEQISNERLFFGHG	2e-05
CSEQNSGNTLYFGEG	2e-05
CSEQNSYNSPLYFGEG	4e-05
CSEQNTGQLYFGEG	2e-05
CSEQNTQYFGPG	2e-05
CSEQQDTQYFGPG	2e-05
CSERDRKEVFFGKG	2e-05
CSERGGAETLYFGSG	4e-05
CSERGQNTLYFGAG	2e-05
CSERNVTPLKSYAVFFGKG	4e-05
CSERNVTPPMSYAVFFGKG	4e-05
CSERNVTQPKSYAVFFGKG	2e-05
CSERQATPPKSYAVFFGKG	2e-05
CSERTGSQNTLYFGAG	4e-05
CSESAETLYFGSG	2e-05
CSESSYEQYFGPG	4e-05
CSESYAEQFFGPG	6.000000000000001e-05
CSETAHSDYTFGSG	4e-05
CSETANSDYTFGSG	2e-05
CSETANTEVFFGKG	4e-05
CSETASAETLYFGSG	4e-05
CSETCHSPQDTQYFGPG	2e-05
CSETDFYNSPLYFGEG	2e-05
CSETEGQAPLFGEG	6.000000000000001e-05
CSETEYNSPLYFGEG	4e-05
CSETGAGTEVFFGKG	2e-05
CSETGDERLFFGHG	2e-05
CSETGDTGQLYFGEG	8e-05
CSETGEDTLYFGAG	2e-05
CSETGFTGQLYFGEG	2e-05
CSETGGADTEVFFGKG	2e-05
CSETGGALEQYFGPG	2e-05
CSETGGCNYAEQFFGPG	2e-05
CSETGGDTLYFGAG	2e-05
CSETGGNTLYFGAG	2e-05
CSETGGPNTEVFFGKG	2e-05
CSETGGTEVFFGKG	4e-05
CSETGGYNYAEQFFGPG	4e-05
CSETGGYTEVFFGKG	6.000000000000001e-05
CSETGNERLFFGHG	4e-05
CSETGNNQAPLFGEG	2e-05
CSETGRGNTLYFGEG	4e-05
CSETGRYAEQFFGPG	2e-05
CSETGSSQNTLYFGAG	6.000000000000001e-05
CSETGTYNERLFFGHG	2e-05
CSETGVANTEVFFGKG	4e-05
CSETGVSAETLYFGSG	2e-05
CSETGYEQYFGPG	2e-05
CSETISNERLFFGHG	8e-05
CSETLAGGPGQLYFGEG	4e-05
CSETSSYNSPLYFGEG	4e-05
CSETTNSDYTFGSG	2e-05
CSETVSNERLFFGHG	4e-05
CSETVYQDTQYFGPG	2e-05
CSEVNERLFFGHG	2e-05
CSEVRAEQFFGPG	4e-05
CSEVTGSSGNTLYFGEG	2e-05
CSEVTTNTGQLYFGEG	4e-05
CSEVWGQNTLYFGAG	2e-05
CSEWGGRAETLYFGSG	2e-05
CSEYSAETLYFGSG	2e-05
CSFFGKG	2e-05
CSFGAG	2e-05
CSFGEGTEVFFGKG	4e-05
CSFGPG	4e-05
CSFGRGHPEVFFGKG	2e-05
CSFGTPNERLFFGHG	6.000000000000001e-05
CSFPGLGGETLYFGSG	6.000000000000001e-05
CSFPGQGAERLFFGHG	2e-05
CSFQNTLYFGAG	6.000000000000001e-05
CSFRDRANTEVFFGKG	4e-05
CSFRTGAGTGQLYFGEG	2e-05
CSFWGSNQDTQYFGPG	4e-05
CSGAEENSDYTFGSG	2e-05
CSGAGGWGTEVFFGKG	2e-05
CSGAGHSDYTFGSG	2e-05
CSGAGQPSNERLFFGHG	2e-05
CSGAGRPEVFFGKG	4e-05
CSGAGSYSSPLYFGEG	2e-05
CSGAPYEQYFGPG	2e-05
CSGAQGYNSPLYFGEG	6.000000000000001e-05
CSGAQNTGQLYFGEG	2e-05
CSGARENTEVFFGKG	2e-05
CSGASAETLYFGSG	2e-05
CSGAYYEQYFGPG	2e-05
CSGDEQYFGPG	2e-05
CSGDERLFFGHG	4e-05
CSGDFSAETLYFGSG	2e-05
CSGDFSQNTLYFGAG	8e-05
CSGDGGTEVFFGKG	6.000000000000001e-05
CSGDGQAPLFGEG	4e-05
CSGDIANTEVFFGKG	2e-05
CSGDISNERLFFGHG	2e-05
CSGDKSAETLYFGSG	2e-05
CSGDKYEQYFGPG	4e-05
CSGDLTEVFFGKG	2e-05
CSGDNANTEVFFGKG	4e-05
CSGDNQAPLFGEG	2e-05
CSGDNSGNTLYFGEG	4e-05
CSGDNTEVFFGKG	4e-05
CSGDNYAEQFFGPG	6.000000000000001e-05
CSGDQAPLFGEG	2e-05
CSGDQNTLYFGAG	6.000000000000001e-05
CSGDRALFFGHG	6.000000000000001e-05
CSGDRANTEVFFGKG	2e-05
CSGDRDYEQYFGPG	2e-05
CSGDREDTEVFFGKG	2e-05
CSGDRETLYFGSG	2e-05
CSGDRGAEQFFGPG	2e-05
CSGDRGAGDTQYFGPG	6.000000000000001e-05
CSGDRGGDTQYFGPG	2e-05
CSGDRGGEQYFGPG	2e-05
CSGDRGGNTLYFGEG	4e-05
CSGDRGKTLYFGSG	2e-05
CSGDRGLSNERLFFGHG	4e-05
CSGDRGPYEQYFGPG	6.000000000000001e-05
CSGDRGRDSDYTFGSG	2e-05
CSGDRGREQYFGPG	4e-05
CSGDRGREVFFGKG	2e-05
CSGDRGSAETLYFGSG	2e-05
CSGDRGSNTGQLYFGEG	2e-05
CSGDRGSQDTQYFGPG	2e-05
CSGDRGTGNTLYFGEG	2e-05
CSGDRGYAEQFFGPG	2e-05
CSGDRGYYNSPLYFGEG	4e-05
CSGDRGYYNSPRYFGEG	2e-05
CSGDRNTEVFFGKG	6.000000000000001e-05
CSGDRNTLYFGEG	2e-05
CSGDRSQNTLYFGAG	4e-05
CSGDRTGGAETLYFGSG	2e-05
CSGDRTNTEVFFGKG	2e-05
CSGDSAETLYFGSG	6.000000000000001e-05
CSGDSNERLFFGHG	4e-05
CSGDSRKVFFGKG	2e-05
CSGDSSAETLYFGSG	6.000000000000001e-05
CSGDSSERLFFGHG	2e-05
CSGDSSNERLFFGHG	2e-05
CSGDSSNYAEQFFGPG	2e-05
CSGDSYAEQFFGPG	2e-05
CSGDSYEQYFGPG	2e-05
CSGDTEQYFGPG	6.000000000000001e-05
CSGDTEVFFGKG	2e-05
CSGDTFSYEQYFGPG	8e-05
CSGDTNQDTQYFGPG	2e-05
CSGDTNTEVFFGKG	4e-05
CSGDTQDTQYFGPG	4e-05
CSGDWAAEQFFGPG	2e-05
CSGDWAVEQFFGPG	2e-05
CSGDWGAAEQFFGPG	6.000000000000001e-05
CSGDWGAYAEQFFGPG	2e-05
CSGDWGAYEQYFGPG	2e-05
CSGDWGGAEAEQFFGPG	2e-05
CSGDWGGAGQNTLYFGAG	2e-05
CSGDWGGETLYFGSG	2e-05
CSGDWGGNYAEQFFGPG	0.0001
CSGDWGGSAEQFFGPG	4e-05
CSGDWGNYAEQFFGPG	4e-05
CSGDWGQDTQYFGPG	2e-05
CSGDWGVAETLYFGSG	6.000000000000001e-05
CSGDWSAETLYFGSG	2e-05
CSGDWYEQYFGPG	2e-05
CSGEENTLYFGAG	2e-05
CSGEGGRDTQYFGPG	4e-05
CSGEGGRYEQYFGPG	4e-05
CSGEHNNQAPLFGEG	2e-05
CSGEKCASTQYFGPG	6.000000000000001e-05
CSGEKCDPPKSYAVFFGKG	6.000000000000001e-05
CSGEKCDSTKSYAVFFGKG	4e-05
CSGEKCDYTFGSG	4e-05
CSGENCDSNQDTQYFGPG	2e-05
CSGENQDTQYFGPG	6.000000000000001e-05
CSGENSDYTFGSG	2e-05
CSGEQGSQNTLYFGAG	2e-05
CSGESSAETLYFGSG	2e-05
CSGETGPNEVLFGEG	2e-05
CSGFGEG	4e-05
CSGFPGQGAGDTQYFGPG	2e-05
CSGFQDTQYFGPG	2e-05
CSGGAANTEVFFGKG	4e-05
CSGGADKYAEQFFGPG	4e-05
CSGGADKYCEEVFGPG	2e-05
CSGGADKYSGEFFGKG	2e-05
CSGGADNYAEQFFGPG	4e-05
CSGGAEHIDEQFFGPG	2e-05
CSGGAEKNAEQFFGPG	4e-05
CSGGAEKNTEVFFGKG	8e-05
CSGGAEKYAEQFFGPG	4e-05
CSGGAENPTGPVFGHG	6.000000000000001e-05
CSGGAENTEVFFGKG	2e-05
CSGGAENYAEQFFGPG	4e-05
CSGGAENYNTEVFFGKG	2e-05
CSGGAGGANERLFFGHG	4e-05
CSGGAGGDEQYFGPG	4e-05
CSGGAGGPHERLFFGHG	4e-05
CSGGAGNTLYFGEG	2e-05
CSGGANTGQLYFGEG	2e-05
CSGGAPTGQLYFGEG	2e-05
CSGGAQKYAEQFFGPG	4e-05
CSGGARDQDTQYFGPG	6.000000000000001e-05
CSGGDINQAPLFGEG	2e-05
CSGGDQDTQYFGPG	2e-05
CSGGDRDAETLYFGSG	4e-05
CSGGDTEVFFGKG	2e-05
CSGGEDTQYFGPG	2e-05
CSGGEEKYAEQFFGPG	4e-05
CSGGEEKYALQVFGHG	4e-05
CSGGEGKYAEQFFGPG	2e-05
CSGGEGQDTQYFGPG	2e-05
CSGGEQYFGPG	4e-05
CSGGERLFFGHG	6.000000000000001e-05
CSGGESQNTLYFGAG	2e-05
CSGGGAEETLYFGSG	2e-05
CSGGGAEVFFGKG	2e-05
CSGGGAKVFFGKG	6.000000000000001e-05
CSGGGASQNTLYFGAG	4e-05
CSGGGDKYTVAVFFGKG	4e-05
CSGGGDNNQAPLFGEG	2e-05
CSGGGDNQDTQYFGPG	4e-05
CSGGGDNYSGQLYFGEG	2e-05
CSGGGEKNAEQFFGPG	2e-05
CSGGGEKNAGEVFGHG	2e-05
CSGGGENTLYFGAG	2e-05
CSGGGENYAEQFFGPG	2e-05
CSGGGENYSEAFFGKG	2e-05
CSGGGGNYAEQFFGPG	6.000000000000001e-05
CSGGGISNERLFFGHG	2e-05
CSGGGKKYSEEIFGKG	2e-05
CSGGGLNQAPLFGEG	4e-05
CSGGGLQDTQYFGPG	4e-05
CSGGGNTEVFFGKG	8e-05
CSGGGNYAEQFFGPG	2e-05
CSGGGRLEQYFGPG	2e-05
CSGGGSRKNTLYFGAG	2e-05
CSGGGYAEQFFGPG	4e-05
CSGGGYEQYFGPG	2e-05
CSGGHDTLYFGSG	2e-05
CSGGHIQNTLYFGAG	2e-05
CSGGHNQDTQYFGPG	6.000000000000001e-05
CSGGHPEVFFGKG	4e-05
CSGGHQDTQYFGPG	2e-05
CSGGINTGQLYFGEG	6.000000000000001e-05
CSGGKDTEVFFGKG	4e-05
CSGGLGGEQYFGPG	4e-05
CSGGLGGGEQYFGPG	2e-05
CSGGLGGGQYFGPG	2e-05
CSGGLGGHAETLYFGSG	6.000000000000001e-05
CSGGLGGLEQYFGPG	4e-05
CSGGLGGLYEQYFGPG	8e-05
CSGGLGGRGAETLYFGSG	2e-05
CSGGLGTETLYFGSG	2e-05
CSGGLGVYEQYFGPG	2e-05
CSGGLGYAEQFFGPG	4e-05
CSGGLRYAEQFFGPG	4e-05
CSGGLSYEQYFGPG	4e-05
CSGGLTEVFFGKG	4e-05
CSGGLTSAETLYFGSG	6.000000000000001e-05
CSGGNSAETLYFGSG	6.000000000000001e-05
CSGGPNTEVFFGKG	2e-05
CSGGPYEQYFGPG	2e-05
CSGGQANSDYTFGSG	2e-05
CSGGQANTEVFFGKG	2e-05
CSGGQANTGQLYFGEG	4e-05
CSGGQDSGNTLYFGEG	2e-05
CSGGQEPTLYFGEG	6.000000000000001e-05
CSGGQETGQLYFGEG	4e-05
CSGGQGAGNTLYFGEG	2e-05
CSGGQGATEVFFGKG	2e-05
CSGGQGAWNSPLYFGEG	6.000000000000001e-05
CSGGQGDTGQLYFGEG	2e-05
CSGGQGGNTLYFGEG	2e-05
CSGGQGGTEVFFGKG	2e-05
CSGGQGNAEQFFGPG	4e-05
CSGGQGPETLYFGSG	6.000000000000001e-05
CSGGQGQDTQYFGPG	2e-05
CSGGQGSTEVFFGKG	2e-05
CSGGQGYNSPLYFGEG	2e-05
CSGGQGYTEVFFGKG	4e-05
CSGGQINERLFFGHG	6.000000000000001e-05
CSGGQKNSDYTFGSG	2e-05
CSGGQKNYAEQFFGPG	2e-05
CSGGQNQAPLFGEG	2e-05
CSGGQNYAEQFFGPG	2e-05
CSGGQQDTQYFGPG	2e-05
CSGGQQPSNERLFFGHG	2e-05
CSGGQRDTEVFFGKG	4e-05
CSGGQRGSDYTFGSG	8e-05
CSGGQRNTLYFGAG	4e-05
CSGGQSNERLFFGHG	4e-05
CSGGQSNTEVFFGKG	2e-05
CSGGQSSYEQYFGPG	2e-05
CSGGQSYEQYFGPG	2e-05
CSGGQTNERLFFGHG	4e-05
CSGGQYNSPLYFGEG	2e-05
CSGGQYTEVFFGKG	2e-05
CSGGRANTEVFFGKG	2e-05
CSGGRDTLYFGAG	2e-05
CSGGRETLYFGAG	2e-05
CSGGRGGAETLYFGSG	2e-05
CSGGRGRDERLFFGHG	8e-05
CSGGRLKLPPFFGKG	2e-05
CSGGRRYQDTQYFGPG	2e-05
CSGGRYNSPLYFGEG	2e-05
CSGGSHNSPPYFGEG	4e-05
CSGGSQNTLYFGAG	4e-05
CSGGSYNLPLYFGEG	2e-05
CSGGSYNSPLYFGEG	4e-05
CSGGSYNSPPYFGEG	2e-05
CSGGTAEVFFGKG	2e-05
CSGGTANTEVFFGKG	4e-05
CSGGTASNERLFFGHG	2e-05
CSGGTDNYAEQFFGPG	6.000000000000001e-05
CSGGTENNQAPLFGEG	2e-05
CSGGTGETLYFGSG	2e-05
CSGGTGGPNTGQLYFGEG	2e-05
CSGGTGGQDTQYFGPG	2e-05
CSGGTGVQDTQYFGPG	2e-05
CSGGTINTEVFFGKG	4e-05
CSGGTKPTGEAVFFGKG	6.000000000000001e-05
CSGGTNTEVFFGKG	8e-05
CSGGTSNQDTQYFGPG	2e-05
CSGGTVSNERLFFGHG	2e-05
CSGGTVSYNSPLYFGEG	2e-05
CSGGTVYEQYFGPG	2e-05
CSGGTYEQYFGPG	2e-05
CSGGVEQYFGPG	2e-05
CSGGVSNERLFFGHG	8e-05
CSGGWEYFGPG	2e-05
CSGGWGCFGWFFGEG	2e-05
CSGGYAEQFFGPG	2e-05
CSGGYEQYFGPG	2e-05
CSGGYQDTQYFGPG	2e-05
CSGHISNERLFFGHG	4e-05
CSGHRRQNTLYFGAG	4e-05
CSGHYNSPLYFGEG	4e-05
CSGHYTSPLYFGEG	2e-05
CSGIGQNTLYFGAG	2e-05
CSGIGRNVTPPKSYPVFFGKG	4e-05
CSGIKTGHSEQYFGPG	2e-05
CSGINANQPKSYTVFFGKG	2e-05
CSGINVTPPKSYAVFFGKG	2e-05
CSGIPALGPEQYFGPG	2e-05
CSGISAETLYFGSG	2e-05
CSGKGTTNERLFFGHG	6.000000000000001e-05
CSGKLNTGQLYFGEG	2e-05
CSGKNTLYFGAG	2e-05
CSGKSQNTLYFGAG	2e-05
CSGKTGGTEVFFGKG	2e-05
CSGLGAGKTWTFGPG	2e-05
CSGLGANTGQLYFGEG	8e-05
CSGLGASAETLYFGSG	2e-05
CSGLGASQNTLYFGAG	2e-05
CSGLGGFPLSAETLYFGSG	6.000000000000001e-05
CSGLGGNEQYFGPG	2e-05
CSGLGGQNTLYFGAG	2e-05
CSGLGGREDTQYFGPG	2e-05
CSGLGGREETQYFGPG	2e-05
CSGLGGRQDTQYFGPG	2e-05
CSGLGGRVAETLYFGSG	2e-05
CSGLGGSQDTQYFGPG	4e-05
CSGLGGYAEQFFGPG	2e-05
CSGLGISQNTLYFGAG	4e-05
CSGLGQGWDAEQFFGPG	8e-05
CSGLGSQNTLYFGAG	2e-05
CSGLGSSAETLYFGSG	4e-05
CSGLGSYEQYFGPG	2e-05
CSGLHVTPPKSYAVFFGKG	2e-05
CSGLMAETLYFGSG	6.000000000000001e-05
CSGLNVTPPKSYAVFFGKG	2e-05
CSGLQCHDPADYTFGSG	4e-05
CSGLQSECTAEVFFGKG	4e-05
CSGLQYFGPG	2e-05
CSGLSGDAETLYFGSG	4e-05
CSGLSNERLFFGHG	6.000000000000001e-05
CSGLSPHYPSPLYFGEG	2e-05
CSGNQDTQYFGPG	2e-05
CSGNSPLYFGEG	6.000000000000001e-05
CSGNTGQLYFGEG	2e-05
CSGNTLYFGEG	4e-05
CSGNYNSPLYFGEG	6.000000000000001e-05
CSGPEQDSGYTLYFGEG	2e-05
CSGPFPLYFGEG	8e-05
CSGPGEVFFGKG	4e-05
CSGPGHTNSDYTFGSG	4e-05
CSGPGLGGTGQLYFGEG	4e-05
CSGPGLQDTQYFGPG	4e-05
CSGPGNAEQFFGPG	2e-05
CSGPGNTLYFGEG	2e-05
CSGPGQGKTEVFFGKG	2e-05
CSGPGQGNERLFFGHG	2e-05
CSGPGQGRDTQYFGPG	6.000000000000001e-05
CSGPGTGESYTQYFGPG	2e-05
CSGPGTGNQDTQYFGPG	2e-05
CSGPNERLFFGHG	2e-05
CSGPQDTQYFGPG	2e-05
CSGQANSDYTFGSG	4e-05
CSGQANTEVFFGKG	4e-05
CSGQDTQYFGPG	2e-05
CSGQFANTEVFFGKG	2e-05
CSGQFNERLFFGHG	2e-05
CSGQFSGNTLYFGEG	2e-05
CSGQFSNERLFFGHG	2e-05
CSGQGAAETLYFGSG	6.000000000000001e-05
CSGQGAANTEVFFGKG	2e-05
CSGQGAETLYFGSG	4e-05
CSGQGAGTEVFFGKG	2e-05
CSGQGAHEQYFGPG	6.000000000000001e-05
CSGQGANTGQLYFGEG	6.000000000000001e-05
CSGQGAPGNTLYFGEG	2e-05
CSGQGARYAEQFFGPG	4e-05
CSGQGAWDTQYFGPG	6.000000000000001e-05
CSGQGDAETLYFGSG	2e-05
CSGQGDGDTQYFGPG	2e-05
CSGQGDTGQLYFGEG	4e-05
CSGQGFNQDTQYFGPG	4e-05
CSGQGFSNERLFFGHG	2e-05
CSGQGGAETLYFGSG	4e-05
CSGQGGDERLFFGHG	6.000000000000001e-05
CSGQGKAEAPLFGEG	2e-05
CSGQGLNQDTQYFGPG	4e-05
CSGQGLSQDTQYFGPG	2e-05
CSGQGNAEQFFGPG	4e-05
CSGQGNERLFFGHG	2e-05
CSGQGNQDTQYFGPG	4e-05
CSGQGNSDYTFGSG	2e-05
CSGQGNTEVFFGKG	2e-05
CSGQGNYEQYFGPG	4e-05
CSGQGPGNTLYFGEG	2e-05
CSGQGQNYAEQFFGPG	2e-05
CSGQGRGDTQYFGPG	2e-05
CSGQGRGQNTLYFGAG	6.000000000000001e-05
CSGQGRHSEQFFGPG	2e-05
CSGQGSAETLYFGSG	8e-05
CSGQGSGAETLYFGSG	2e-05
CSGQGSNSPLYFGEG	2e-05
CSGQGSWNTGQLYFGEG	2e-05
CSGQGTERLFFGHG	4e-05
CSGQGTEVFFGKG	2e-05
CSGQGTNTEVFFGKG	4e-05
CSGQGTYAEQFFGPG	2e-05
CSGQGYNSPLYFGEG	6.000000000000001e-05
CSGQGYTEVFFGKG	4e-05
CSGQGYTGQLYFGEG	2e-05
CSGQISNERLFFGHG	4e-05
CSGQNTEVFFGKG	2e-05
CSGQNTLYFGAG	2e-05
CSGQPETLYFGSG	8e-05
CSGQPNSDYTFGSG	2e-05
CSGQQDTQYFGPG	2e-05
CSGQRANTEVFFGKG	2e-05
CSGQSEVFFGKG	2e-05
CSGQSNTEVFFGKG	2e-05
CSGQSSAETLYFGSG	4e-05
CSGQSSYEQYFGPG	2e-05
CSGQSVFFGKG	2e-05
CSGQSYEQYFGPG	2e-05
CSGQTNTEVFFGKG	4e-05
CSGQTRQNTLYFGAG	4e-05
CSGQTSNERLFFGHG	2e-05
CSGQTSQNTLYFGAG	2e-05
CSGQVSNERLFFGHG	2e-05
CSGQYFGPG	2e-05
CSGQYNSPLYFGEG	2e-05
CSGRDGEVFFGKG	4e-05
CSGRDNYNSPPYFGEG	2e-05
CSGRDRAETLYFGSG	4e-05
CSGRDRANTEVFFGKG	2e-05
CSGRDRDAETLYFGSG	2e-05
CSGRDREIDTQYFGPG	6.000000000000001e-05
CSGRDREQYFGPG	4e-05
CSGRDRGNTLYFGAG	2e-05
CSGRDRGNTLYFGEG	4e-05
CSGRDRGQGNTLYFGEG	4e-05
CSGRDRGQNSPLYFGEG	4e-05
CSGRDRGRNTEVFFGKG	2e-05
CSGRDRGSPLYFGAG	2e-05
CSGRDRSNERLFFGHG	4e-05
CSGRDSEQYFGPG	8e-05
CSGRDSHYAEQFFGPG	4e-05
CSGRDSNERLFFGHG	2e-05
CSGRDSNTEVFFGKG	2e-05
CSGRDSNYAEQFFGPG	4e-05
CSGRDTQNTLYFGAG	2e-05
CSGRDWGAETLYFGSG	0.0001
CSGRDWGDEQYFGPG	2e-05
CSGRDWGETLYFGSG	2e-05
CSGRDWGYEQYFGPG	4e-05
CSGREQDTQYFGPG	2e-05
CSGRERAGTLYFGSG	4e-05
CSGRGANQAPLFGEG	4e-05
CSGRGDSQNTLYFGAG	8e-05
CSGRGGDTEVFFGKG	4e-05
CSGRGGGAEVFFGKG	4e-05
CSGRGGGGKIFFGHG	2e-05
CSGRGGQNTLYFGAG	2e-05
CSGRGGRQNTLYFGAG	2e-05
CSGRGIQDTQYFGPG	4e-05
CSGRGLSGNTLYFGEG	2e-05
CSGRGNNERLFFGHG	4e-05
CSGRGNQDTQYFGPG	2e-05
CSGRGNTEVFFGKG	2e-05
CSGRGPGNTLYFGEG	4e-05
CSGRGRSHESFFFGEG	2e-05
CSGRGSEKCDSTQYFGPG	4e-05
CSGRGSGNTLYFGEG	2e-05
CSGRGTSYEQYFGPG	2e-05
CSGRGVEDTQYFGPG	2e-05
CSGRGVQDTQYFGPG	2e-05
CSGRGWGAETLYFGSG	2e-05
CSGRHATPPKSYAVFFGKG	4e-05
CSGRHATQPESYAVFFGKG	4e-05
CSGRIANTEVFFGKG	2e-05
CSGRKGAGPAEVFFGKG	2e-05
CSGRLCAGNTLYFGEG	4e-05
CSGRLGGNYAEQFFGPG	2e-05
CSGRLGSQDTQYFGPG	2e-05
CSGRLVSQNTLYFGAG	2e-05
CSGRLYFGSG	2e-05
CSGRNANEPKSYAVFFGKG	4e-05
CSGRNVTPPKSYAVFFGKG	8e-05
CSGRNVTQPKSYAVFFGKG	2e-05
CSGRQENTEVFFGKG	4e-05
CSGRQGSAETLYFGSG	4e-05
CSGRQGSQNTLYFGAG	2e-05
CSGRSSYNSPLYFGEG	4e-05
CSGRTDQNTLYFGAG	2e-05
CSGRTGGAEQFFGPG	2e-05
CSGRTSNNQAPLFGEG	2e-05
CSGSAETLYFGSG	2e-05
CSGSEDTQYFGPG	2e-05
CSGSETLYFGSG	4e-05
CSGSGEGQDTQYFGPG	2e-05
CSGSGGSDYTFGSG	2e-05
CSGSGITGQLYFGEG	4e-05
CSGSGTGDEQYFGPG	8e-05
CSGSGTPNTEVFFGKG	2e-05
CSGSKNTEVFFGKG	2e-05
CSGSNTLYFGAG	2e-05
CSGSQDTQYFGPG	2e-05
CSGSSAETLYFGSG	2e-05
CSGSSYEQYFGPG	2e-05
CSGTANSDYTFGSG	2e-05
CSGTANTGQLYFGEG	4e-05
CSGTASSYEQYFGPG	2e-05
CSGTDNQAPLFGEG	2e-05
CSGTDNQDTQYFGPG	2e-05
CSGTDSNERLFFGHG	2e-05
CSGTDSYNSPLYFGEG	6.000000000000001e-05
CSGTDYAEQFFGPG	4e-05
CSGTEDTQYFGPG	2e-05
CSGTEEVFFGKG	2e-05
CSGTEGAETLYFGSG	2e-05
CSGTENTEVFFGKG	2e-05
CSGTEQNTLYFGAG	4e-05
CSGTEQYFGPG	2e-05
CSGTEVFFGKG	2e-05
CSGTFREETLYFGSG	2e-05
CSGTFSAETLYFGSG	6.000000000000001e-05
CSGTGAGNTLYFGEG	2e-05
CSGTGANTGQLYFGEG	6.000000000000001e-05
CSGTGAPTEVFFGKG	4e-05
CSGTGDAEQFFGPG	2e-05
CSGTGDGSDYTFGSG	2e-05
CSGTGDNQAPLFGEG	2e-05
CSGTGDTGQLYFGEG	2e-05
CSGTGEEVFFGKG	2e-05
CSGTGEQYFGPG	2e-05
CSGTGGADTQYFGPG	2e-05
CSGTGGAEQFFGPG	4e-05
CSGTGGAETLYFGSG	2e-05
CSGTGGAGTEVFFGKG	4e-05
CSGTGGAGTQYFGPG	2e-05
CSGTGGALEQYFGPG	6.000000000000001e-05
CSGTGGAYAEQFFGPG	2e-05
CSGTGGDPEVFFGKG	4e-05
CSGTGGDTGQLYFGEG	0.00012000000000000002
CSGTGGFEQFFGPG	4e-05
CSGTGGGYAEQFFGPG	2e-05
CSGTGGHEQYFGPG	2e-05
CSGTGGLEVFFGKG	2e-05
CSGTGGNQDTQYFGPG	4e-05
CSGTGGNTGQLYFGEG	6.000000000000001e-05
CSGTGGNTLYFGEG	2e-05
CSGTGGNTQYFGPG	2e-05
CSGTGGQDTQYFGPG	2e-05
CSGTGGQNTLYFGAG	2e-05
CSGTGGRAETLYFGSG	4e-05
CSGTGGRDTQYFGPG	6.000000000000001e-05
CSGTGGREQYFGPG	2e-05
CSGTGGRGQDTQYFGPG	4e-05
CSGTGGSAETLYFGSG	6.000000000000001e-05
CSGTGGSEQFFGPG	4e-05
CSGTGGSVAETLYFGSG	2e-05
CSGTGGSYEQYFGPG	4e-05
CSGTGGTETLYFGSG	2e-05
CSGTGGTNTEVFFGKG	2e-05
CSGTGGVSYEQYFGPG	4e-05
CSGTGHTEVFFGKG	2e-05
CSGTGIERLFFGHG	2e-05
CSGTGITEVFFGKG	2e-05
CSGTGIYEQYFGPG	4e-05
CSGTGKNERLFFGHG	2e-05
CSGTGLAETLYFGSG	4e-05
CSGTGLSGNTLYFGEG	4e-05
CSGTGLYAEQFFGPG	6.000000000000001e-05
CSGTGNQAPLFGEG	4e-05
CSGTGNSDYTFGSG	4e-05
CSGTGNTEVFFGKG	2e-05
CSGTGNTGQLYFGEG	2e-05
CSGTGNYAEQFFGPG	4e-05
CSGTGPNERLFFGHG	2e-05
CSGTGPNSDYTFGSG	2e-05
CSGTGRDTEVFFGKG	4e-05
CSGTGRGEQYFGPG	4e-05
CSGTGRNTEVFFGKG	2e-05
CSGTGSAETLYFGSG	6.000000000000001e-05
CSGTGSNERLFFGHG	2e-05
CSGTGSSAETLYFGSG	2e-05
CSGTGTEVFFGKG	4e-05
CSGTGTTEVFFGKG	2e-05
CSGTGVAETLYFGSG	2e-05
CSGTGVNERLFFGHG	4e-05
CSGTIPNTEVFFGKG	2e-05
CSGTKGQNTLYFGAG	2e-05
CSGTLNNQAPLFGEG	2e-05
CSGTLNTGQLYFGEG	8e-05
CSGTNLNQDTQYFGPG	4e-05
CSGTNQNTLYFGAG	2e-05
CSGTNSGNTLYFGEG	2e-05
CSGTNSNERLFFGHG	2e-05
CSGTNTLYFGEG	2e-05
CSGTPANTEVFFGKG	2e-05
CSGTPGGETLYFGSG	2e-05
CSGTPYNSPLYFGEG	2e-05
CSGTQNTLYFGAG	4e-05
CSGTRFSNERLFFGHG	2e-05
CSGTRNTEVFFGKG	2e-05
CSGTSNERLFFGHG	2e-05
CSGTSNTEVFFGKG	2e-05
CSGTSQNTLYFGAG	2e-05
CSGTSRAETLYFGSG	2e-05
CSGTSSAETLYFGSG	4e-05
CSGTTETLYFGSG	4e-05
CSGTTNSDYTFGSG	2e-05
CSGTTNTEVFFGKG	6.000000000000001e-05
CSGTTNTGQLYFGEG	2e-05
CSGTTSGNTLYFGEG	2e-05
CSGTVANTEVFFGKG	4e-05
CSGTVGDTEVFFGKG	8e-05
CSGTVGNTEVFFGKG	6.000000000000001e-05
CSGTVIDQAPLFGEG	4e-05
CSGTVSAETLYFGSG	2e-05
CSGTVSNERLFFGHG	4e-05
CSGTYSSAETLYFGSG	4e-05
CSGVAGGRAETLYFGSG	6.000000000000001e-05
CSGVEGADAEQFFGPG	6.000000000000001e-05
CSGVERLFFGHG	4e-05
CSGVGSYNSPLYFGEG	4e-05
CSGVGTGEQYFGPG	4e-05
CSGVGTSAETLYFGSG	2e-05
CSGVGVQNTLYFGAG	6.000000000000001e-05
CSGVQCDSPKSYAVFFGKG	2e-05
CSGVQDNNQAPLFGEG	2e-05
CSGWDLPLYFGEG	2e-05
CSGWDSAEQFFGPG	2e-05
CSGWGDYAEQFFGPG	2e-05
CSGWGGAETLYFGSG	4e-05
CSGWGGAYEQYFGPG	6.000000000000001e-05
CSGWGGEKNTEVFFGKG	2e-05
CSGWGGENTGQLYFGEG	2e-05
CSGWGGENTLYFGAG	4e-05
CSGWGGGDKDTQYFGPG	2e-05
CSGWGGGDQDTQYFGPG	4e-05
CSGWGGGEQDTQYFGPG	2e-05
CSGWGGGETLYFGSG	2e-05
CSGWGGLLEKNFGAG	2e-05
CSGWGGQNTLYFGAG	2e-05
CSGWGGRNTLYFGAG	6.000000000000001e-05
CSGWGLAETLYFGSG	2e-05
CSGWGLGETLYFGSG	4e-05
CSGWGSAETLYFGSG	2e-05
CSGWNQDTQYFGPG	2e-05
CSGWTGENTLYFGAG	6.000000000000001e-05
CSGYEQYFGPG	2e-05
CSGYTEVFFGKG	2e-05
CSHAEQFFGPG	4e-05
CSHGTGRGNTEVFFGKG	2e-05
CSHKYEQYFGPG	4e-05
CSHNNNQAPLFGEG	2e-05
CSHRDSGNTLYFGEG	4e-05
CSHRGSAETLYFGSG	6.000000000000001e-05
CSHSDNERLFFGHG	4e-05
CSHTFGSG	4e-05
CSIANSDYTFGSG	2e-05
CSIDRDEQYFGPG	2e-05
CSIFGEG	2e-05
CSIFQLYFGEG	4e-05
CSIGCNVTPPKSYAVFFGKG	4e-05
CSIGQGDTQYFGPG	2e-05
CSIGRNVTPPKSYAVFFGKG	2e-05
CSIILFFGQDTQYFGPG	2e-05
CSINERLFFGHG	2e-05
CSINTGAGYAEQFFGPG	2e-05
CSIRGAQDTQYFGPG	4e-05
CSIRQGQNTLYFGAG	2e-05
CSITLYFGEG	4e-05
CSIVANTEVFFGKG	4e-05
CSKAPLFGEG	2e-05
CSKDQDTQYFGPG	2e-05
CSKDRAETLYFGSG	4e-05
CSKDRGPLSNERLFFGHG	2e-05
CSKGANTEVFFGKG	4e-05
CSKGSQNTLYFGAG	4e-05
CSKKKPFFGPG	6.000000000000001e-05
CSKLGSAETLYFGSG	2e-05
CSKLRAEQFFGPG	4e-05
CSKNTLYFGAG	2e-05
CSKNWGSRQNTLYFGAG	2e-05
CSKQKTSAETLYFGSG	2e-05
CSKRNATPPTSYAVFFGKG	2e-05
CSKRNVTPLKSYAVFFGKG	2e-05
CSKRNVTPPKSYAVFFGKG	0.00012000000000000002
CSKRTGNQDTQYFGPG	4e-05
CSKTGAQDTQYFGPG	2e-05
CSKTGLEQYFGPG	2e-05
CSLAISEKCDSTQYFGPG	2e-05
CSLATRGKDTQYFGPG	4e-05
CSLDRGNERLFFGHG	2e-05
CSLDYAEQFFGPG	4e-05
CSLEDTQYFGPG	6.000000000000001e-05
CSLEGNTLYFGEG	4e-05
CSLEQFFGPG	4e-05
CSLEVTQDTQYFGPG	4e-05
CSLFGPG	8e-05
CSLGCEVFFGKG	6.000000000000001e-05
CSLGGANTEVFFGKG	4e-05
CSLGGEVFFGKG	4e-05
CSLGGQDTQYFGPG	2e-05
CSLGGQNTLYFGAG	4e-05
CSLGGSQNTLYFGAG	4e-05
CSLGQGAETLYFGSG	0.0001
CSLGQGANTEVFFGKG	2e-05
CSLGQNYAEQFFGPG	2e-05
CSLGQPETLYFGSG	4e-05
CSLGQTETLYFGSG	4e-05
CSLGRGAETLYFGSG	2e-05
CSLGRGANTEVFFGKG	4e-05
CSLGRQNTLYFGAG	2e-05
CSLLDRETLYFGSG	4e-05
CSLLGGTADTQYFGPG	8e-05
CSLLGREMCSTQYFGPG	2e-05
CSLLGRESDSTQYFGPG	4e-05
CSLLGREVFFGKG	2e-05
CSLLKGGDQDTQYFGPG	2e-05
CSLLTGGAFEQYFGPG	4e-05
CSLLTSAETLYFGSG	2e-05
CSLPGRETLYFGSG	4e-05
CSLPLPALYFGAG	8e-05
CSLPNSDYTFGSG	2e-05
CSLPTRENTLYFGAG	2e-05
CSLQGCYNSHFYFGEG	4e-05
CSLQGPYNSPPYFGEG	4e-05
CSLQGSFNSPLYFGEG	2e-05
CSLQGSYEQYFGPG	2e-05
CSLQGSYNSPLYFGEG	6.000000000000001e-05
CSLQNSGNTLYFGEG	4e-05
CSLQRNVTPPKSYAVFFGKG	4e-05
CSLQVYEQYFGPG	2e-05
CSLRANTEVFFGKG	2e-05
CSLRDWGDEQYFGPG	4e-05
CSLRGSAETLYFGSG	2e-05
CSLRLSQNTLYFGAG	2e-05
CSLRNVTPPKSYAVFFGKG	6.000000000000001e-05
CSLSIGDEKCDYTFGSG	2e-05
CSLSKTLNTEVFFGKG	2e-05
CSLSTANTLYFGEG	2e-05
CSLSYEQYFGPG	4e-05
CSLTANSDYTFGSG	6.000000000000001e-05
CSLTANTEVFFGKG	2e-05
CSLTANTGQLYFGEG	4e-05
CSLTGSNERLFFGHG	2e-05
CSLTNNNQAPLFGEG	6.000000000000001e-05
CSLTNQAPLFGEG	4e-05
CSLTNSNQAPLFGEG	4e-05
CSLVVTPPKSYAVFFGKG	2e-05
CSLWTTNTEVFFGKG	4e-05
CSLYFGAG	6.000000000000001e-05
CSLYFGEG	2e-05
CSMDSSQNTLYFGAG	2e-05
CSMGLGGYAEQFFGPG	4e-05
CSMTASAETLYFGSG	2e-05
CSMYFGAG	2e-05
CSNAPMLWLFGEG	2e-05
CSNAPPPQYFGPG	2e-05
CSNFGPG	2e-05
CSNFGSG	6.000000000000001e-05
CSNGGAENTLYFGAG	4e-05
CSNGQFERLFFGHG	4e-05
CSNKGGQDTQYFGPG	6.000000000000001e-05
CSNQDTQYFGPG	4e-05
CSNRDRGNTEVFFGKG	4e-05
CSNRDTEVFFGKG	2e-05
CSNRGGQDTQYFGPG	2e-05
CSNRGPNTEVFFGKG	2e-05
CSNRGRAEQFFGPG	2e-05
CSNRGRSDYTFGSG	4e-05
CSNRVSYNSPLYFGEG	2e-05
CSNTEVFFGKG	8e-05
CSNTGQLYFGEG	2e-05
CSNTPMLWLFGEG	2e-05
CSNYAEQFFGPG	4e-05
CSPAANQNTLYFGAG	6.000000000000001e-05
CSPAGNTLYFGEG	2e-05
CSPARYEQYFGPG	4e-05
CSPDRGFAEQFFGPG	4e-05
CSPDRGITNERLFFGHG	2e-05
CSPDRNSDYTFGSG	6.000000000000001e-05
CSPDRNTEVFFGKG	2e-05
CSPDRNTGQLYFGEG	2e-05
CSPDRQSYYTFGSG	6.000000000000001e-05
CSPDSGNTLYFGEG	2e-05
CSPDWGGQDTQYFGPG	4e-05
CSPDWGGSQNTLYFGAG	2e-05
CSPDWGGSYEQYFGPG	4e-05
CSPDWGGTGQLYFGEG	2e-05
CSPDWGNTGQLYFGEG	0.0001
CSPDWSSQNTLYFGAG	4e-05
CSPEQGAETLYFGSG	2e-05
CSPEQGSGNTLYFGEG	4e-05
CSPEQGSGTTLYFGEG	8e-05
CSPETLYFGSG	2e-05
CSPFGQSSAETLYFGSG	2e-05
CSPGDTQYFGPG	2e-05
CSPGDYEQYFGPG	2e-05
CSPGGGETLYFGSG	2e-05
CSPGGGPDTQYFGPG	2e-05
CSPGGKNTLYFGAG	4e-05
CSPGGQNTLYFGAG	6.000000000000001e-05
CSPGGRHAETLYFGSG	8e-05
CSPGGRSQDTQYFGPG	2e-05
CSPGGSAETLYFGSG	2e-05
CSPGHANTEVFFGKG	2e-05
CSPGHWDSPLYFGEG	4e-05
CSPGLGAYEQYFGPG	2e-05
CSPGLGENTLYFGAG	2e-05
CSPGLGGFYEQYFGPG	2e-05
CSPGQDNSPLYFGEG	4e-05
CSPGQGAYNSPLYFGEG	2e-05
CSPGQGNTEVFFGKG	4e-05
CSPGQGPNERLFFGHG	2e-05
CSPGQGTETLYFGSG	2e-05
CSPGQGYEQYFGPG	2e-05
CSPGQNTEVFFGKG	2e-05
CSPGQSNTEVFFGKG	2e-05
CSPGQSQNTLYFGAG	6.000000000000001e-05
CSPGQTGNTLYFGEG	2e-05
CSPGQYNSPLYFGEG	2e-05
CSPGSQNTLYFGAG	2e-05
CSPGTEYFGPG	2e-05
CSPGTGDYAEQFFGPG	6.000000000000001e-05
CSPGTGGARYAEQFFGPG	2e-05
CSPGTGGYEQYFGPG	2e-05
CSPGTGNTEVFFGKG	2e-05
CSPGTNSYEQYFGPG	2e-05
CSPGTPNQAPLFGEG	6.000000000000001e-05
CSPGTRDTEVFFGKG	2e-05
CSPGTTNERLFFGHG	4e-05
CSPGTTNSDYTFGSG	4e-05
CSPGYTEVFFGKG	2e-05
CSPHGAAGNTLYFGEG	2e-05
CSPHRDSGNTLYFGEG	4e-05
CSPIKNTEVFFGKG	4e-05
CSPIVGGNSPLYFGEG	2e-05
CSPIVGGNSTLYFGEG	6.000000000000001e-05
CSPKTTSAETLYFGSG	2e-05
CSPLDGAEQFFGPG	4e-05
CSPLGNTGQLYFGEG	6.000000000000001e-05
CSPLQANTEVFFGKG	4e-05
CSPLSGENSDYTFGSG	2e-05
CSPNQDTQYFGPG	4e-05
CSPNSQNTLYFGAG	8e-05
CSPNWASQNTLYFGAG	2e-05
CSPNWGSQNTLYFGAG	4e-05
CSPPFLTGPGNTLYFGEG	4e-05
CSPPGGNQDTQYFGPG	8e-05
CSPPGGRAETLYFGSG	2e-05
CSPPGHSSGNTLYFGEG	2e-05
CSPPIQAPLFGEG	4e-05
CSPPLGGRSYEQYFGPG	2e-05
CSPPQGNTEVFFGKG	8e-05
CSPPTGGGTEVFFGKG	2e-05
CSPPTGRENTEVFFGKG	4e-05
CSPPVGSAETLYFGSG	2e-05
CSPQGDGTGQLYFGEG	2e-05
CSPQGNSGNTLYFGEG	4e-05
CSPQGNTEVFFGKG	2e-05
CSPQREQYFGPG	2e-05
CSPQRGWDTEVFFGKG	2e-05
CSPQRGWNTEVFFGKG	6.000000000000001e-05
CSPRDLEQYFGPG	2e-05
CSPRDQDTQYFGPG	2e-05
CSPRDRGHTEVFFGKG	4e-05
CSPREKNSPLYFGEG	2e-05
CSPRGADPEVFFGKG	2e-05
CSPRGADTEVFFGKG	6.000000000000001e-05
CSPRGASNTEVFFGKG	4e-05
CSPRGGGANAEQFFGPG	2e-05
CSPRGNTLYFGAG	2e-05
CSPRGRDNERLFFGHG	2e-05
CSPRHLNTEVFFGKG	2e-05
CSPRLGGPYEQYFGPG	2e-05
CSPRLGGRDQNTLYFGAG	2e-05
CSPRLGVPYEQYFGPG	2e-05
CSPRLNQDTQYFGPG	8e-05
CSPRLQDTQYFGPG	2e-05
CSPRLQNTLYFGAG	4e-05
CSPRQASNTGQLYFGEG	4e-05
CSPRQISYNSPLYFGEG	2e-05
CSPRQISYNSTLYFGEG	6.000000000000001e-05
CSPRQNTEVFFGKG	4e-05
CSPRRGSAETLYFGSG	2e-05
CSPRTGENTEVFFGKG	6.000000000000001e-05
CSPRTPTEVFFGKG	4e-05
CSPRTSQNTLYFGAG	2e-05
CSPSAEQFFGPG	4e-05
CSPSDRGRAEQFFGPG	2e-05
CSPSQDTQYFGPG	2e-05
CSPSRGGSEVFFGKG	2e-05
CSPSSAETLYFGSG	4e-05
CSPSSQDTQYFGPG	4e-05
CSPSTGENTEVFFGKG	6.000000000000001e-05
CSPSTGVSYEQYFGPG	2e-05
CSPTANSDYTFGSG	4e-05
CSPTDSGNTLYFGEG	2e-05
CSPTGARDSDYTFGSG	4e-05
CSPTGDTQYFGPG	2e-05
CSPTGETQYFGPG	2e-05
CSPTGFEQYFGPG	4e-05
CSPTGGDQDTQYFGPG	4e-05
CSPTGGGYAEQFFGPG	2e-05
CSPTGGNSPLYFGEG	2e-05
CSPTGGRAETLYFGSG	6.000000000000001e-05
CSPTGNTEVFFGKG	2e-05
CSPTGTETLYFGSG	4e-05
CSPTGYEQYFGPG	2e-05
CSPTIPVRAFGPG	2e-05
CSPTPPNWDAVFFGKG	2e-05
CSPTQGSQNTLYFGAG	2e-05
CSPTSGNTLYFGEG	2e-05
CSPVTGAQNTLYFGAG	4e-05
CSPWGAYAEQFFGPG	4e-05
CSPWGGFAEQFFGPG	2e-05
CSPWTEKNTEVFFGKG	6.000000000000001e-05
CSPYEQYFGPG	2e-05
CSPYRGDTEVFFGKG	4e-05
CSPYRGRAQYFGPG	2e-05
CSQANTEVFFGKG	2e-05
CSQAPLFGEG	4e-05
CSQDTQYFGPG	2e-05
CSQEGHISNERLFFGHG	2e-05
CSQEGWGDYAEQFFGPG	4e-05
CSQGAETLYFGSG	4e-05
CSQGDTEVFFGKG	4e-05
CSQGGPHAETLYFGSG	6.000000000000001e-05
CSQGGQNTLYFGAG	4e-05
CSQGGYEQYFGPG	4e-05
CSQGNTEVFFGKG	2e-05
CSQGSGNTLYFGEG	2e-05
CSQGTNTEVFFGKG	2e-05
CSQKGFSNERLFFGHG	2e-05
CSQLYFGEG	4e-05
CSQMDEKCASTQYFGPG	4e-05
CSQNTEVFFGKG	2e-05
CSQNTLYFGAG	4e-05
CSQPNTGQLYFGEG	4e-05
CSQQDTQYFGPG	2e-05
CSQQGYEQYFGPG	2e-05
CSQRNVTPPKSYAVFFGKG	4e-05
CSQSLGRDAEQFFGPG	2e-05
CSQTVTEVFFGKG	4e-05
CSQVISYEQYFGPG	4e-05
CSQVLGAAEQFFGPG	2e-05
CSQYFGPG	4e-05
CSRAGPARAEQFFGPG	2e-05
CSRAHYEQYFGPG	4e-05
CSRAINTGQLYFGEG	8e-05
CSRALPTQYFGPG	4e-05
CSRAPLFGEG	4e-05
CSRATNTEVFFGKG	2e-05
CSRDIANTGQLYFGEG	6.000000000000001e-05
CSRDLGNYAEQFFGPG	6.000000000000001e-05
CSRDMGRRTEAYFGEG	4e-05
CSRDNYAEQFFGPG	4e-05
CSRDRDSYEQYFGPG	2e-05
CSRDRGGTGQLYFGEG	2e-05
CSRDRGLEQYFGPG	4e-05
CSRDRGNYAEQFFGPG	2e-05
CSRDRGPGNTLYFGEG	2e-05
CSRDRGQAPLFGEG	4e-05
CSRDRGSNERLFFGHG	6.000000000000001e-05
CSRDRGTEVFFGKG	2e-05
CSRDRGVEQYFGPG	6.000000000000001e-05
CSRDRTSQNTLYFGAG	2e-05
CSRDSANTEVFFGKG	2e-05
CSRDSGNTLYFGEG	4e-05
CSRDSSNERLFFGHG	2e-05
CSRDTQYFGPG	4e-05
CSREDRNSPLYFGEG	4e-05
CSREGQNTLYFGAG	2e-05
CSREGYYGSRYFGPG	2e-05
CSRELLLYFGAG	6.000000000000001e-05
CSRESNQAPLFGEG	4e-05
CSRESNSPLYFGEG	4e-05
CSRETEVFFGKG	8e-05
CSRETLYFGSG	4e-05
CSREVQYFGPG	4e-05
CSRFKTLYFGSG	2e-05
CSRGAVTEVFFGKG	2e-05
CSRGDTEVFFGKG	4e-05
CSRGGGQDTQYFGPG	6.000000000000001e-05
CSRGGSYEQYFGPG	4e-05
CSRGLGANTEVFFGKG	4e-05
CSRGPYSGNTLYFGEG	2e-05
CSRGQANSDYTFGSG	2e-05
CSRGRGAAETLYFGSG	8e-05
CSRGRNQAPLFGEG	2e-05
CSRGTENTEVFFGKG	2e-05
CSRGYGNTLYFGEG	2e-05
CSRHRTPSDYTFGSG	4e-05
CSRHSGNTLYFGEG	2e-05
CSRIGGSEQFFGPG	4e-05
CSRILRASDYTFGSG	6.000000000000001e-05
CSRILTADYAEQFFGPG	4e-05
CSRITGKANERLFFGHG	4e-05
CSRKRGQQYFGPG	4e-05
CSRLGDQNTLYFGAG	2e-05
CSRLGGENTLYFGAG	2e-05
CSRLYFGEG	2e-05
CSRLYFGSG	2e-05
CSRMPSSAPLFGEG	2e-05
CSRNETPPKPYAVFFGKG	2e-05
CSRNNTGSGNTLYFGEG	8e-05
CSRNSDYTFGSG	2e-05
CSRNVPPPTSYAVFFGKG	2e-05
CSRNVTPPKSHAVLVFFGKG	4e-05
CSRNVTPPKSYAVFFGKG	2e-05
CSRPAQYFGPG	4e-05
CSRPEVFFGKG	2e-05
CSRPGAGQNTLYFGAG	2e-05
CSRPTDTEVFFGKG	2e-05
CSRQANTEVFFGKG	6.000000000000001e-05
CSRQFFGPG	2e-05
CSRQGADAEQFFGPG	2e-05
CSRQGADEQYFGPG	2e-05
CSRQGAGNTLYFGEG	2e-05
CSRQGGSAEQFFGPG	4e-05
CSRQGMDQDTQYFGPG	2e-05
CSRQGNSYNSPLYFGEG	2e-05
CSRQGNTEVFFGKG	2e-05
CSRQGSNERLFFGHG	2e-05
CSRQLYFGSG	2e-05
CSRQYFGPG	4e-05
CSRRAAVGQNTLYFGAG	2e-05
CSRREVFFGKG	4e-05
CSRRLFFGHG	4e-05
CSRRNVTPPKSYAVFFGKG	4e-05
CSRRTWQLYFGEG	2e-05
CSRSPDRPSDTLYFGAG	6.000000000000001e-05
CSRSPLPNQDTQYFGPG	6.000000000000001e-05
CSRSRDKNSDYTFGSG	4e-05
CSRSRQGATEVFFGKG	2e-05
CSRSYEQYFGPG	2e-05
CSRSYTVTNERLFFGHG	2e-05
CSRTGGANTEVFFGKG	2e-05
CSRTGGGAEQFFGPG	8e-05
CSRTGGSQNTLYFGAG	2e-05
CSRTGPGNTLYFGEG	2e-05
CSRTGSEVFFGKG	2e-05
CSRTGSSQNTLYFGAG	2e-05
CSRTGYTEVFFGKG	2e-05
CSRTRGRQNTLYFGAG	4e-05
CSRTTNTGQLYFGEG	2e-05
CSRTTVQAPLFGEG	2e-05
CSRTVSNERLFFGHG	2e-05
CSRVFFGKG	4e-05
CSRVGGETLYFGSG	2e-05
CSRVGPAYTFGSG	2e-05
CSRVRPSGLFGSG	2e-05
CSSADRGDSDYTFGSG	2e-05
CSSAGGYAEQFFGPG	2e-05
CSSAGVNYAEQFFGPG	2e-05
CSSAIGNTGQLYFGEG	6.000000000000001e-05
CSSANSDYTFGSG	2e-05
CSSAPLFGEG	4e-05
CSSAPMLWLFGEG	2e-05
CSSAPMLWLLRFFGPG	2e-05
CSSAPMLWLSLYFGAG	2e-05
CSSAPMQFFGPG	6.000000000000001e-05
CSSAPMQSLLCSNAPLFGEG	4e-05
CSSAPVEKCDSTQYFGPG	2e-05
CSSAPVGKCDSTQYFGPG	6.000000000000001e-05
CSSASMLWLFGEG	4e-05
CSSATNSDYTFGSG	4e-05
CSSATRHEQYFGPG	2e-05
CSSCPLPEQFFGPG	2e-05
CSSCRVPPDYTFGSG	2e-05
CSSDRDNNYAEQFFGPG	6.000000000000001e-05
CSSDRNTGQLYFGEG	4e-05
CSSDRSQNTLYFGAG	4e-05
CSSDSSQNTLYFGAG	4e-05
CSSDWGDYEQYFGPG	4e-05
CSSDWGGAETLYFGSG	2e-05
CSSDYTFGSG	4e-05
CSSEGNPNSDYTFGSG	6.000000000000001e-05
CSSEGSNTEVFFGKG	2e-05
CSSETGLAETLYFGSG	2e-05
CSSEVFFGKG	4e-05
CSSFDWHGERLFFGHG	4e-05
CSSFGKG	2e-05
CSSFGPG	2e-05
CSSFKNSDYTFGSG	8e-05
CSSFLKWTPETLYFGSG	4e-05
CSSFNQDTQYFGPG	4e-05
CSSFPPYFGEG	0.0001
CSSFPTPQSDYTFGSG	4e-05
CSSFRDNYEQYFGPG	6.000000000000001e-05
CSSFRNSDYTFGSG	2e-05
CSSFRTGGDSDYTFGSG	4e-05
CSSGAKEYTQYFGPG	2e-05
CSSGDAAGPDTQYFGPG	2e-05
CSSGDNRDAEQFFGPG	6.000000000000001e-05
CSSGDRGRGNERLFFGHG	2e-05
CSSGDRTNTEVFFGKG	2e-05
CSSGDRTTEVFFGKG	2e-05
CSSGDTGQLYFGEG	4e-05
CSSGGADGQLYFGEG	4e-05
CSSGGAGGQLYFGEG	2e-05
CSSGGLGANTGQLYFGEG	2e-05
CSSGGSAETLYFGSG	2e-05
CSSGGTANSDYTFGSG	4e-05
CSSGHDGEPAPLFGEG	2e-05
CSSGLGAPGQNTLYFGAG	2e-05
CSSGLGGPGTQYFGPG	4e-05
CSSGLGGRGEQYFGPG	4e-05
CSSGNTLYFGEG	6.000000000000001e-05
CSSGQANTGQLYFGEG	2e-05
CSSGQDTQYFGPG	4e-05
CSSGQGAETLYFGSG	4e-05
CSSGQGAGNTLYFGEG	0.0001
CSSGQGEGGHNTLYFGAG	6.000000000000001e-05
CSSGQGETEVFFGKG	2e-05
CSSGQGGIEVFFGKG	2e-05
CSSGQGGTEVFFGKG	2e-05
CSSGQGNTGQLYFGEG	6.000000000000001e-05
CSSGQGPNTGQLYFGEG	4e-05
CSSGQGQNTLYFGAG	2e-05
CSSGQGTVNERLFFGHG	4e-05
CSSGQLNTEVFFGKG	6.000000000000001e-05
CSSGQLYFGEG	4e-05
CSSGQSNERLFFGHG	2e-05
CSSGRDKDTQYFGPG	8e-05
CSSGRDRGGAERLFFGHG	2e-05
CSSGRDRGGGERLFFGHG	4e-05
CSSGRNERLFFGHG	2e-05
CSSGSRVSYFGKWQRNAEQFFGPG	2e-05
CSSGTANTEVFFGKG	2e-05
CSSGTDTGQLYFGEG	4e-05
CSSGTEVFFGKG	0.0001
CSSGTGEGERLFFGHG	8e-05
CSSGTGSSAETLYFGSG	2e-05
CSSGTTNERLFFGHG	4e-05
CSSGTTNTEVFFGKG	6.000000000000001e-05
CSSGYYFGEG	2e-05
CSSHANSDYTFGSG	4e-05
CSSHDWGNTGQLYFGEG	4e-05
CSSHPQYFGPG	2e-05
CSSHRDRRNTEVFFGKG	6.000000000000001e-05
CSSHTNTEVFFGKG	4e-05
CSSIARGSPETLYFGSG	2e-05
CSSIARPARDTQYFGPG	4e-05
CSSIARRSRPLYFGEG	2e-05
CSSIARTYEQYFGPG	8e-05
CSSICSNQDTQYFGPG	2e-05
CSSIDATGAGTEVFFGKG	2e-05
CSSIDGQGRAETLYFGSG	4e-05
CSSIDTQYFGPG	4e-05
CSSIEAGVQDTQYFGPG	2e-05
CSSIEDLGEQYFGPG	4e-05
CSSIEGSYEQYFGPG	4e-05
CSSIEQQDTQYFGPG	2e-05
CSSIFRHNYAEQFFGPG	2e-05
CSSIFRPSNERLFFGHG	2e-05
CSSIGNNNQAPLFGEG	2e-05
CSSIGTGGQDTQYFGPG	4e-05
CSSIHRQNSYNSPLYFGEG	6.000000000000001e-05
CSSIKDRTNTEVFFGKG	4e-05
CSSILAGDPEVFFGKG	2e-05
CSSILDLNSDYTFGSG	2e-05
CSSILDWNYAEQFFGPG	4e-05
CSSILGTNTEVFFGKG	2e-05
CSSILPPQEHSDYTFGSG	2e-05
CSSILSPEAHYAEQFFGPG	2e-05
CSSINNQAPLFGEG	6.000000000000001e-05
CSSIPDRGYDQYFGPG	2e-05
CSSIPGAQEQYFGPG	2e-05
CSSIPGGASSAEQFFGPG	4e-05
CSSIPGPTYNSPLYFGEG	2e-05
CSSIPGTNTEVFFGKG	2e-05
CSSIPPGKNTLYFGAG	2e-05
CSSIPQGNSDYTFGSG	2e-05
CSSIPQTGTNTEVFFGKG	6.000000000000001e-05
CSSIPRANTEVFFGKG	2e-05
CSSIPRQTSYNSPLYFGEG	4e-05
CSSIPRRNSDYTFGSG	2e-05
CSSIPTGGNYAEQFFGPG	2e-05
CSSIQGDTGQLYFGEG	2e-05
CSSIRDNYAEQFFGPG	4e-05
CSSIRGGWNTLYFGAG	4e-05
CSSIRQRGAEQFFGPG	2e-05
CSSIRRQSGNTLYFGEG	2e-05
CSSISAETLYFGSG	4e-05
CSSISGPGRAQYFGPG	6.000000000000001e-05
CSSISGTDAETLYFGSG	4e-05
CSSITVRRSRQYFGPG	2e-05
CSSIVGGACFGKG	4e-05
CSSIVGRSGPLFGEG	6.000000000000001e-05
CSSIVQPSDYTFGSG	4e-05
CSSIVRRSRHYFGPG	6.000000000000001e-05
CSSIYGTNERLFFGHG	2e-05
CSSIYSAIYEQYFGPG	4e-05
CSSIYSYAEQFFGPG	6.000000000000001e-05
CSSKAEQYFGPG	2e-05
CSSKARPSCAEQFFGPG	2e-05
CSSKDRNNQDTQYFGPG	6.000000000000001e-05
CSSKDTQYFGPG	8e-05
CSSKEGSTEVFFGKG	2e-05
CSSKFFGPG	2e-05
CSSKFGPTQYFGPG	2e-05
CSSKGGGNTLYFGAG	4e-05
CSSKGQGHSDYTFGSG	4e-05
CSSKGTANSDYTFGSG	6.000000000000001e-05
CSSKGTSSAETLYFGSG	2e-05
CSSKISQNTLYFGAG	2e-05
CSSKKRSLHNNTGQLYFGEG	2e-05
CSSKNTEVFFGKG	2e-05
CSSKPSGSAETLYFGSG	2e-05
CSSKQGATETLYFGSG	4e-05
CSSKRLFFGHG	2e-05
CSSKSDDPGSSGLNERLFFGHG	8e-05
CSSKSGPNERLFFGHG	2e-05
CSSKSNSDYTFGSG	2e-05
CSSKSPNNQAPLFGEG	4e-05
CSSKSQDTQYFGPG	6.000000000000001e-05
CSSKTANTGQLYFGEG	4e-05
CSSKTENTGQLYFGEG	4e-05
CSSKTGHNPPLYFGEG	4e-05
CSSKTGTNERLFFGHG	2e-05
CSSKVHRLGPGHAAEVFFGKG	2e-05
CSSKVRRSQYFGPG	2e-05
CSSKVRRTEVFFGKG	8e-05
CSSLDAGGSNERLFFGHG	0.0001
CSSLDMASHNQAPLFGEG	2e-05
CSSLDRDAEQFFGPG	2e-05
CSSLDYITEVFFGKG	2e-05
CSSLERDDPQYFGPG	4e-05
CSSLGQNNYAEQFFGPG	2e-05
CSSLGSSAETLYFGSG	4e-05
CSSLHQYNNQAPLFGEG	6.000000000000001e-05
CSSLILGGTETLYFGSG	6.000000000000001e-05
CSSLLAGQLYFGEG	4e-05
CSSLPAEVFFGKG	2e-05
CSSLPDNYAEQFFGPG	8e-05
CSSLPGMDQDTQYFGPG	0.0001
CSSLPGQANTEVFFGKG	0.0001
CSSLQESSQNTLYFGAG	2e-05
CSSLQQDYAEQFFGPG	2e-05
CSSLRDRNTGQLYFGEG	6.000000000000001e-05
CSSLRSVAPTEVFFGKG	2e-05
CSSLSASYEQYFGPG	2e-05
CSSLTAYAEQFFGPG	4e-05
CSSLTGGVFFGKG	2e-05
CSSLVGRTGQYFGPG	6.000000000000001e-05
CSSLVVNYAEQFFGPG	2e-05
CSSLYFGSG	2e-05
CSSLYTGGGNSDYTFGSG	2e-05
CSSMAGGAETLYFGSG	2e-05
CSSMAGGSETLYFGSG	4e-05
CSSMAGVAETLYFGSG	4e-05
CSSMARLNTLYFGAG	6.000000000000001e-05
CSSMGQGNTEVFFGKG	4e-05
CSSMITGGPGQLYFGEG	4e-05
CSSMPSNFGSG	4e-05
CSSMQGRTEVFFGKG	4e-05
CSSMRTTSQNTLYFGAG	4e-05
CSSMYFGAG	2e-05
CSSNAEQFFGPG	6.000000000000001e-05
CSSNDEQYFGPG	4e-05
CSSNERLFFGHG	2e-05
CSSNFGEG	2e-05
CSSNGKQGNSDYTFGSG	2e-05
CSSNGRRARQFFGPG	6.000000000000001e-05
CSSNGTANTEVFFGKG	2e-05
CSSNNANTEVFFGKG	2e-05
CSSNNQAPLFGEG	4e-05
CSSNNQDTQYFGPG	2e-05
CSSNPGTGDTQYFGPG	2e-05
CSSNPLGGDPLYFGAG	2e-05
CSSNPQGSTGQLYFGEG	2e-05
CSSNQGETLYFGSG	4e-05
CSSNRAINQDTQYFGPG	6.000000000000001e-05
CSSNRDEQYFGPG	4e-05
CSSNRDNYAEQFFGPG	4e-05
CSSNRGDVFFGKG	2e-05
CSSNRGEVFFGKG	2e-05
CSSNRQGDTEVFFGKG	6.000000000000001e-05
CSSNSDYTFGSG	2e-05
CSSNTEVFFGKG	6.000000000000001e-05
CSSNTGAGYAEQFFGPG	2e-05
CSSNTGQLYFGEG	2e-05
CSSNVTPPTSSADYTFGSG	2e-05
CSSNWAETLYFGSG	2e-05
CSSNWGASQNTLYFGAG	2e-05
CSSNWGGPETLYFGSG	4e-05
CSSPESDYTFGSG	4e-05
CSSPGGKKAETLYFGSG	4e-05
CSSPGQGQDTQYFGPG	6.000000000000001e-05
CSSPGTANTEVFFGKG	4e-05
CSSPGTGDTQYFGPG	2e-05
CSSPGVTTEVFFGKG	4e-05
CSSPHTLYFGEG	2e-05
CSSPLFGEG	2e-05
CSSPLGGGDTQYFGPG	2e-05
CSSPLYFGEG	2e-05
CSSPMLGVYEQYFGPG	8e-05
CSSPPLYFGEG	2e-05
CSSPQDTQYFGPG	2e-05
CSSPQGRWEQYFGPG	2e-05
CSSPRDRSYAEQFFGPG	4e-05
CSSPRDSGNQAPLFGEG	2e-05
CSSPRTKNTLYFGAG	2e-05
CSSQADTEVFFGKG	8e-05
CSSQANTEVFFGKG	2e-05
CSSQDTQYFGPG	4e-05
CSSQFFGPG	4e-05
CSSQGARAEQFFGPG	4e-05
CSSQGNTEVFFGKG	4e-05
CSSQGTGNTEVFFGKG	2e-05
CSSQLRAENTGQLYFGEG	2e-05
CSSQNTLYFGAG	2e-05
CSSQTGSNTGQLYFGEG	8e-05
CSSQWGSAETLYFGSG	4e-05
CSSRAAANTGQLYFGEG	6.000000000000001e-05
CSSRAADYAEQFFGPG	8e-05
CSSRAAESDGHEQYFGPG	4e-05
CSSRAGGNEQYFGPG	2e-05
CSSRAGGSPQYFGPG	2e-05
CSSRAGGYRAEQFFGPG	2e-05
CSSRAGNTAETLYFGSG	2e-05
CSSRAGNVTPPNNQAPLFGEG	2e-05
CSSRAGQAHERLFFGHG	2e-05
CSSRAGRAETLYFGSG	6.000000000000001e-05
CSSRAGTGEDTQYFGPG	2e-05
CSSRAGTVSNERLFFGHG	4e-05
CSSRAGVYNYAEQFFGPG	6.000000000000001e-05
CSSRAIYEQYFGPG	6.000000000000001e-05
CSSRALGFGEG	2e-05
CSSRANNYAEQFFGPG	2e-05
CSSRANSAETLYFGSG	6.000000000000001e-05
CSSRANYAEQFFGPG	2e-05
CSSRANYEQYFGPG	2e-05
CSSRAPHGSYEQYFGPG	6.000000000000001e-05
CSSRAPNTEVFFGKG	2e-05
CSSRAPYAEQFFGPG	6.000000000000001e-05
CSSRAQDTQYFGPG	4e-05
CSSRAQGANSDYTFGSG	2e-05
CSSRAQGAYEQYFGPG	2e-05
CSSRAQTGASAETLYFGSG	2e-05
CSSRARAEQFFGPG	2e-05
CSSRARGETLYFGSG	2e-05
CSSRARNTGQLYFGEG	2e-05
CSSRARNTLYFGAG	2e-05
CSSRARQNTLYFGAG	4e-05
CSSRARRNSPLYFGEG	2e-05
CSSRASSQNTLYFGAG	2e-05
CSSRATGSAETLYFGSG	2e-05
CSSRATSAETLYFGSG	6.000000000000001e-05
CSSRAWGAQDTQYFGPG	2e-05
CSSRAWGGQNTLYFGAG	4e-05
CSSRAWGTSAETLYFGSG	6.000000000000001e-05
CSSRCGTATQYFGPG	2e-05
CSSRDAETLYFGSG	8e-05
CSSRDAGNSDYTFGSG	2e-05
CSSRDAGQGDTLYFGAG	4e-05
CSSRDAGQGETLYFGAG	4e-05
CSSRDANTEVFFGKG	6.000000000000001e-05
CSSRDCAETLYFGSG	4e-05
CSSRDDGANTEVFFGKG	4e-05
CSSRDDRYEQYFGPG	4e-05
CSSRDDRYGQYFGPG	2e-05
CSSRDDSSNERLFFGHG	4e-05
CSSRDDWGVAEQFFGPG	2e-05
CSSRDEKQYFGPG	2e-05
CSSRDEQQYFGPG	2e-05
CSSRDERLFFGHG	4e-05
CSSRDETYEQYFGPG	2e-05
CSSRDFFGKG	2e-05
CSSRDFGAG	4e-05
CSSRDFGHG	4e-05
CSSRDFNTEVFFGKG	2e-05
CSSRDGDYEQYFGPG	8e-05
CSSRDGGGAFAEQFFGPG	2e-05
CSSRDGGGAYAEQFFGPG	2e-05
CSSRDGNTEVFFGKG	6.000000000000001e-05
CSSRDGNTLYFGAG	6.000000000000001e-05
CSSRDGNTLYFGEG	4e-05
CSSRDGQYEQYFGPG	2e-05
CSSRDGRSPQYFGPG	4e-05
CSSRDGRSRLEKCEQFFGPG	2e-05
CSSRDGSNTGQLYFGEG	2e-05
CSSRDGSSAETLYFGSG	2e-05
CSSRDGTDTGQLYFGEG	4e-05
CSSRDGTHYAWQLYFGEG	4e-05
CSSRDGTPPQSHAVFFGKG	4e-05
CSSRDHNYEQYFGPG	4e-05
CSSRDHRENNQAPLFGEG	4e-05
CSSRDHWIYEQYFGPG	2e-05
CSSRDLAGKGEQYFGPG	2e-05
CSSRDLANTGQLYFGEG	6.000000000000001e-05
CSSRDLEGQYFGPG	4e-05
CSSRDLESSYEQYFGPG	2e-05
CSSRDLGGTGQLYFGEG	4e-05
CSSRDLGVQNTLYFGAG	4e-05
CSSRDLHSGQFFGPG	8e-05
CSSRDLRGRSEQYFGPG	4e-05
CSSRDLRNTEVFFGKG	4e-05
CSSRDLSNYAEQFFGPG	8e-05
CSSRDLSSYEQYFGPG	2e-05
CSSRDMGASAETLYFGSG	2e-05
CSSRDMGDSYEQYFGPG	4e-05
CSSRDNAEQFFGPG	6.000000000000001e-05
CSSRDNNNQAPLFGEG	4e-05
CSSRDNNQAPLFGEG	4e-05
CSSRDNQAPLFGEG	2e-05
CSSRDNRGHAEQFFGPG	2e-05
CSSRDNSAETLYFGSG	4e-05
CSSRDNYAEQFFGPG	0.00012000000000000002
CSSRDPANTEVFFGKG	2e-05
CSSRDPGAETLYFGSG	4e-05
CSSRDPGGALTGQLYFGEG	2e-05
CSSRDPHSEQFFGPG	2e-05
CSSRDPLNQDTQYFGPG	6.000000000000001e-05
CSSRDPPNTEVFFGKG	6.000000000000001e-05
CSSRDPQNYAEQFFGPG	2e-05
CSSRDPRSRLFFGKG	2e-05
CSSRDPRTYEQYFGPG	4e-05
CSSRDPSAETLYFGSG	2e-05
CSSRDPSANTEVFFGKG	4e-05
CSSRDPTGGHEQYFGPG	4e-05
CSSRDQDYTFGSG	4e-05
CSSRDQGSAETLYFGSG	2e-05
CSSRDQNTLYFGAG	2e-05
CSSRDQRSPTQDTQYFGPG	2e-05
CSSRDRAETLYFGSG	4e-05
CSSRDRAEVFFGKG	2e-05
CSSRDRANSDYTFGSG	4e-05
CSSRDRDGNTLYFGEG	2e-05
CSSRDRDWGYEQYFGPG	4e-05
CSSRDRDWSYEQYFGPG	6.000000000000001e-05
CSSRDRDYEQYFGPG	2e-05
CSSRDREDAEQFFGPG	2e-05
CSSRDRGAAEQFFGPG	4e-05
CSSRDRGCRTQYFGPG	2e-05
CSSRDRGDAEQFFGPG	2e-05
CSSRDRGLEQYFGPG	6.000000000000001e-05
CSSRDRGNSPLYFGEG	2e-05
CSSRDRGPGSYEQYFGPG	2e-05
CSSRDRGQDTQYFGPG	6.000000000000001e-05
CSSRDRGQNTLYFGAG	2e-05
CSSRDRGRDTEVFFGKG	2e-05
CSSRDRGRETLYFGSG	6.000000000000001e-05
CSSRDRGRSEVFFGKG	4e-05
CSSRDRGSAETLYFGSG	6.000000000000001e-05
CSSRDRGSPLYFGEG	4e-05
CSSRDRGTDYTFGSG	2e-05
CSSRDRGTEVFFGKG	4e-05
CSSRDRGTTGQLYFGEG	4e-05
CSSRDRHSDYTFGSG	2e-05
CSSRDRHYAEQFFGPG	4e-05
CSSRDRLNTEVFFGKG	2e-05
CSSRDRNTEVFFGKG	2e-05
CSSRDRPFHFGAG	4e-05
CSSRDRPSSSPLYFGEG	2e-05
CSSRDRQARYFGPG	6.000000000000001e-05
CSSRDRQHDTQYFGPG	2e-05
CSSRDRQQDTQYFGPG	4e-05
CSSRDRQSFFGKG	2e-05
CSSRDRQSLYFGSG	4e-05
CSSRDRQTGQLYFGEG	2e-05
CSSRDRQYEQYFGPG	2e-05
CSSRDRRNTGQLYFGEG	4e-05
CSSRDRRPPKWYTVFFGKG	6.000000000000001e-05
CSSRDRRPRTQYFGPG	2e-05
CSSRDRRSDYTFGSG	2e-05
CSSRDRRSLFGKG	4e-05
CSSRDRRSPPSQNTLYFGAG	8e-05
CSSRDRRSRPQDTQYFGPG	2e-05
CSSRDRRSRSPLYFGEG	2e-05
CSSRDRRTDYTFGSG	2e-05
CSSRDRRYRLYFGSG	6.000000000000001e-05
CSSRDRRYSTQDTQYFGPG	4e-05
CSSRDRSSYEQYFGPG	2e-05
CSSRDRTEVFFGKG	4e-05
CSSRDRTNSDYTFGSG	6.000000000000001e-05
CSSRDRTSNSDYTFGSG	2e-05
CSSRDRTYEQYFGPG	8e-05
CSSRDRVYEQYFGPG	2e-05
CSSRDRYNSPLYFGEG	2e-05
CSSRDRYQDTQYFGPG	2e-05
CSSRDSAETLYFGSG	2e-05
CSSRDSDYTFGSG	8e-05
CSSRDSGNTGQLYFGEG	4e-05
CSSRDSGNTLYFGEG	2e-05
CSSRDSNERLFFGHG	2e-05
CSSRDSNSPLYFGEG	4e-05
CSSRDSNYAEQFFGPG	4e-05
CSSRDSPYRFFGKG	2e-05
CSSRDSQNTLYFGAG	2e-05
CSSRDSSQNTLYFGAG	2e-05
CSSRDTEVFFGKG	4e-05
CSSRDTFYEQYFGPG	4e-05
CSSRDTGGYEQYFGPG	4e-05
CSSRDTNTEVFFGKG	2e-05
CSSRDTPANSDYTFGSG	4e-05
CSSRDTQYFGPG	4e-05
CSSRDVTPPKSYAVFFGKG	2e-05
CSSRDWGGASDTLYFGSG	6.000000000000001e-05
CSSRDWGGASETLYFGSG	2e-05
CSSRDWGGYEQYFGPG	6.000000000000001e-05
CSSRDWGNYAEQFFGPG	6.000000000000001e-05
CSSRDWGQDTQYFGPG	2e-05
CSSRDWGRDEQYFGPG	4e-05
CSSRDWGRGYAEQFFGPG	4e-05
CSSRDWGSAETLYFGSG	2e-05
CSSRDWGYAEQFFGPG	2e-05
CSSRDWPQDTQYFGPG	4e-05
CSSRDWVYAEQFFGPG	4e-05
CSSRDWVYEQYFGPG	6.000000000000001e-05
CSSRDYEQYFGPG	2e-05
CSSRDYFGEG	4e-05
CSSRDYYAEQFFGPG	6.000000000000001e-05
CSSREAPLFGEG	4e-05
CSSREDRGKTEVFFGKG	2e-05
CSSREDTNSDYTFGSG	4e-05
CSSREDTQYFGPG	4e-05
CSSREETLYFGSG	2e-05
CSSREGATGQLYFGEG	2e-05
CSSREGATSDYTFGSG	2e-05
CSSREGDTGQLYFGEG	2e-05
CSSREGGEETKDFGPG	4e-05
CSSREGGERLFFGHG	4e-05
CSSREGGHNNSPLYFGEG	4e-05
CSSREGKDTEVFFGKG	2e-05
CSSREGNYAEQFFGPG	2e-05
CSSREGQNTGQLYFGEG	2e-05
CSSREGRQNTLYFGAG	4e-05
CSSREGSTEVFFGKG	4e-05
CSSREGTGDTLYFGAG	2e-05
CSSREGTSSAETLYFGSG	2e-05
CSSREGYAEQFFGPG	2e-05
CSSREHNERLFFGHG	2e-05
CSSREHTLYFGAG	4e-05
CSSREHYAEQFFGPG	2e-05
CSSREKCDSTQYFGPG	2e-05
CSSREKQYYAEQFFGPG	4e-05
CSSREKWGATKVVFGEG	4e-05
CSSRELGQDTQYFGPG	6.000000000000001e-05
CSSRELRHHRRRTLYFGAG	4e-05
CSSRELYFGEG	2e-05
CSSRELYFGSG	2e-05
CSSRENNYAEQFFGPG	2e-05
CSSRENQDTQYFGPG	2e-05
CSSRENSDYTFGSG	2e-05
CSSRENTLYFGEG	0.0001
CSSRENWDGTEQYFGPG	6.000000000000001e-05
CSSREPGAATQYFGPG	2e-05
CSSREPGTRGNQDTQYFGPG	6.000000000000001e-05
CSSREPNYAEQFFGPG	2e-05
CSSREQCDSTQYFGPG	2e-05
CSSREQFFGPG	4e-05
CSSREQYFGPG	2e-05
CSSREREQYFGPG	6.000000000000001e-05
CSSRERGNTGQLYFGEG	4e-05
CSSRERGSYFGPG	4e-05
CSSRERNNYAEQFFGPG	4e-05
CSSRERRDREVFFGKG	4e-05
CSSRERSSRPRLYFGEG	4e-05
CSSRERYEQYFGPG	6.000000000000001e-05
CSSRESSGNTLYFGEG	2e-05
CSSRETAGEQYFGPG	2e-05
CSSRETGGAETLYFGSG	2e-05
CSSRETGQDTQYFGPG	6.000000000000001e-05
CSSRETGRGSDYTFGSG	2e-05
CSSRETPGAETLYFGSG	2e-05
CSSRETVSNERLFFGHG	4e-05
CSSREVFFGKG	2e-05
CSSREVRGGEQYFGPG	2e-05
CSSREVRGYAEQFFGPG	2e-05
CSSREYFGPG	6.000000000000001e-05
CSSREYFGSG	4e-05
CSSRFDRGLEQYFGPG	4e-05
CSSRFGPEVFFGKG	4e-05
CSSRFQRSPLYFGEG	2e-05
CSSRFQTNTEVFFGKG	2e-05
CSSRGAPAEQFFGPG	2e-05
CSSRGASAETLYFGSG	2e-05
CSSRGASGNTLYFGEG	6.000000000000001e-05
CSSRGDNYAEQFFGPG	4e-05
CSSRGDRGSYEQYFGPG	2e-05
CSSRGDSAETLYFGSG	6.000000000000001e-05
CSSRGDSERLFFGHG	2e-05
CSSRGDSYEQYFGPG	2e-05
CSSRGDTEVFFGKG	4e-05
CSSRGDWGQDTQYFGPG	2e-05
CSSRGEGETLYFGSG	6.000000000000001e-05
CSSRGGAGTEVFFGKG	4e-05
CSSRGGANSDYTFGSG	2e-05
CSSRGGDTQYFGPG	6.000000000000001e-05
CSSRGGEQYFGPG	4e-05
CSSRGGGAREQYFGPG	4e-05
CSSRGGGDGEQYFGPG	2e-05
CSSRGGLAQDTQYFGPG	2e-05
CSSRGGLGFSYEQYFGPG	4e-05
CSSRGGNSNERLFFGHG	2e-05
CSSRGGQNTEVFFGKG	4e-05
CSSRGGQQHTEVFFGKG	4e-05
CSSRGGRSRQFFGPG	4e-05
CSSRGGSGNTLYFGEG	2e-05
CSSRGHAETLYFGSG	2e-05
CSSRGHIHSAETLYFGSG	4e-05
CSSRGHTKGANTLYFGEG	2e-05
CSSRGHYAEQFFGPG	4e-05
CSSRGINTEVFFGKG	2e-05
CSSRGLGGKDTQYFGPG	2e-05
CSSRGLGSTLYFGAG	6.000000000000001e-05
CSSRGLGYAEQFFGPG	4e-05
CSSRGLLWDYAEQFFGPG	4e-05
CSSRGLNSDYTFGSG	2e-05
CSSRGNSGNTLYFGEG	6.000000000000001e-05
CSSRGNTEVFFGKG	2e-05
CSSRGNTLYFGEG	2e-05
CSSRGPRQSNSDYTFGSG	6.000000000000001e-05
CSSRGPRSEQFFGPG	4e-05
CSSRGPTPLYFGEG	4e-05
CSSRGPVYAEQFFGPG	2e-05
CSSRGQANSDYTFGSG	2e-05
CSSRGQGIGNTLYFGEG	2e-05
CSSRGQGRNSPLYFGEG	2e-05
CSSRGQLYFGEG	2e-05
CSSRGQNTEVFFGKG	4e-05
CSSRGQNTLYFGAG	2e-05
CSSRGQQDTQYFGPG	2e-05
CSSRGQRAHTEVFFGKG	6.000000000000001e-05
CSSRGQTEVFFGKG	6.000000000000001e-05
CSSRGQTNTEVFFGKG	8e-05
CSSRGQYFGPG	2e-05
CSSRGRDGKTLYFGSG	4e-05
CSSRGRDTEVFFGKG	2e-05
CSSRGRGAHTQYFGPG	2e-05
CSSRGRGGTETLYFGSG	4e-05
CSSRGRGHAEQFFGPG	8e-05
CSSRGRGNSDYTFGSG	4e-05
CSSRGRGNTGQLYFGEG	6.000000000000001e-05
CSSRGRGYEQYFGPG	8e-05
CSSRGRIYEQYFGPG	2e-05
CSSRGRRAETLYFGSG	2e-05
CSSRGRRSYHSPLYFGEG	2e-05
CSSRGSAETLYFGSG	2e-05
CSSRGSDYTFGSG	4e-05
CSSRGSEQFFGPG	2e-05
CSSRGSSYHSPLYFGEG	4e-05
CSSRGSYTSPLYFGEG	4e-05
CSSRGTANSDYTFGSG	2e-05
CSSRGTDSYEQYFGPG	6.000000000000001e-05
CSSRGTGDAEQFFGPG	2e-05
CSSRGTGGDTLYFGAG	2e-05
CSSRGTGGDTQYFGPG	6.000000000000001e-05
CSSRGTGGEEQYFGPG	2e-05
CSSRGTGGGNERLFFGHG	4e-05
CSSRGTGGYEQYFGPG	2e-05
CSSRGTGNTEVFFGKG	6.000000000000001e-05
CSSRGTGQLYFGEG	2e-05
CSSRGTGSGTEVFFGKG	6.000000000000001e-05
CSSRGTGTLEQYFGPG	2e-05
CSSRGTGTYNSPLYFGEG	0.0001
CSSRGTGVSAETLYFGSG	6.000000000000001e-05
CSSRGTSNERLFFGHG	4e-05
CSSRGTTNSDYTFGSG	2e-05
CSSRGTTSAETLYFGSG	2e-05
CSSRGTVGQDTQYFGPG	8e-05
CSSRGTVNQDTQYFGPG	6.000000000000001e-05
CSSRGTVNYAEQFFGPG	2e-05
CSSRGVGAETLYFGSG	2e-05
CSSRHFSNERLFFGHG	6.000000000000001e-05
CSSRHKDTQYFGPG	4e-05
CSSRHSAETLYFGSG	2e-05
CSSRHSGNTLYFGEG	8e-05
CSSRILDRGFAETLYFGSG	4e-05
CSSRIRGSNSDYTFGSG	4e-05
CSSRITNTGQLYFGEG	2e-05
CSSRKAGGYAEQFFGPG	4e-05
CSSRKDTQYFGPG	4e-05
CSSRKLGPNQDTQYFGPG	2e-05
CSSRKSSNTEVFFGKG	6.000000000000001e-05
CSSRKTTSAETLYFGSG	4e-05
CSSRKVQKAPLFGEG	6.000000000000001e-05
CSSRLDWGGSHAEQFFGPG	2e-05
CSSRLDWGGSNAEQFFGPG	2e-05
CSSRLGASAETLYFGSG	4e-05
CSSRLGGAEQFFGPG	2e-05
CSSRLGGEQYFGPG	8e-05
CSSRLGGGDTQYFGPG	2e-05
CSSRLGGRDTLYFGAG	2e-05
CSSRLGGSAETLYFGSG	2e-05
CSSRLGNQDTQYFGPG	2e-05
CSSRLGNYAEQFFGPG	4e-05
CSSRLGQTSAETLYFGSG	6.000000000000001e-05
CSSRLGRQNTLYFGAG	6.000000000000001e-05
CSSRLGSNTGQLYFGEG	2e-05
CSSRLGSQNTLYFGAG	2e-05
CSSRLGVENTLYFGAG	8e-05
CSSRLGVEQYFGPG	2e-05
CSSRLGVQNTLYFGAG	4e-05
CSSRLNERLFFGHG	2e-05
CSSRLQANTEVFFGKG	2e-05
CSSRLQGARAEQFFGPG	2e-05
CSSRLRGYPNSDYTFGSG	2e-05
CSSRLTSSSYEQYFGPG	8e-05
CSSRLTVDYAEQFFGPG	4e-05
CSSRLVYAEQFFGPG	2e-05
CSSRLWAETLYFGSG	2e-05
CSSRLYFGEG	4e-05
CSSRLYFGSG	2e-05
CSSRNAETLYFGSG	4e-05
CSSRNLTPPKSYAVFFGKG	2e-05
CSSRNSDYTFGSG	6.000000000000001e-05
CSSRNSQNTLYFGAG	4e-05
CSSRNSYAEQFFGPG	4e-05
CSSRNTDDTQYFGPG	6.000000000000001e-05
CSSRNTGTGDYAEQFFGPG	4e-05
CSSRNTLYFGEG	2e-05
CSSRNWGAEQYFGPG	2e-05
CSSRNWGVEQYFGPG	4e-05
CSSRPDGSQNTLYFGAG	2e-05
CSSRPDNTEVFFGKG	2e-05
CSSRPDWGGGETLYFGSG	6.000000000000001e-05
CSSRPGGYAEQFFGPG	2e-05
CSSRPGGYYAEQFFGPG	2e-05
CSSRPGLGYEQYFGPG	2e-05
CSSRPGQANTEVFFGKG	2e-05
CSSRPGQDAETLYFGSG	2e-05
CSSRPGQDANTEVFFGKG	2e-05
CSSRPGQNTGHLYFGEG	2e-05
CSSRPGQNTGQLYFGEG	2e-05
CSSRPGSNTEVFFGKG	2e-05
CSSRPLGSSYEQYFGPG	6.000000000000001e-05
CSSRPNNYAEQFFGPG	2e-05
CSSRPNTEVFFGKG	4e-05
CSSRPNTGQLYFGEG	4e-05
CSSRPSTGAKVFFGKG	4e-05
CSSRPSTGEKVFFGKG	4e-05
CSSRPTGKEVFFGKG	6.000000000000001e-05
CSSRPYEQYFGPG	2e-05
CSSRQAPGRGATQYFGPG	4e-05
CSSRQDNYAEQFFGPG	4e-05
CSSRQDTEVFFGKG	4e-05
CSSRQDWGGFYAEQFFGPG	6.000000000000001e-05
CSSRQDYNSPLYFGEG	2e-05
CSSRQGANTEVFFGKG	4e-05
CSSRQGANTGQLYFGEG	4e-05
CSSRQGASAETLYFGSG	2e-05
CSSRQGDEQYFGPG	4e-05
CSSRQGDTEVFFGKG	2e-05
CSSRQGDTQYFGPG	2e-05
CSSRQGNQDTQYFGPG	4e-05
CSSRQGNTEVFFGKG	6.000000000000001e-05
CSSRQGNTGQLYFGEG	8e-05
CSSRQGPEVFFGKG	4e-05
CSSRQGQDTQYFGPG	6.000000000000001e-05
CSSRQGRATEVFFGKG	6.000000000000001e-05
CSSRQGSQNTLYFGAG	4e-05
CSSRQGSYEQYFGPG	6.000000000000001e-05
CSSRQGTNERLFFGHG	2e-05
CSSRQIYEQYFGPG	2e-05
CSSRQLYFGSG	2e-05
CSSRQNQDTQYFGPG	2e-05
CSSRQNTLYFGAG	2e-05
CSSRQNYAEQFFGPG	2e-05
CSSRQPNTEVFFGKG	4e-05
CSSRQRHSDYTFGSG	2e-05
CSSRQTGAEVFFGKG	2e-05
CSSRQTNSDYTFGSG	2e-05
CSSRRDIEQYFGPG	2e-05
CSSRRDNYAEQFFGPG	6.000000000000001e-05
CSSRRDRANTEVFFGKG	2e-05
CSSRRDRGNEQYFGPG	6.000000000000001e-05
CSSRRDRNTEVFFGKG	2e-05
CSSRRDRSAETLYFGSG	2e-05
CSSRRDSQNTLYFGAG	6.000000000000001e-05
CSSRRDSSYEQYFGPG	6.000000000000001e-05
CSSRRDTEVFFGKG	4e-05
CSSRRDTTEVFFGKG	4e-05
CSSRRDWGSAETLYFGSG	6.000000000000001e-05
CSSRRDWVQDTQYFGPG	6.000000000000001e-05
CSSRRERAVFFGKG	2e-05
CSSRRGGNTLYFGEG	4e-05
CSSRRGGPQDTQYFGPG	2e-05
CSSRRGTGGANERLFFGHG	4e-05
CSSRRGVGQLYFGEG	2e-05
CSSRRLDNQDTQYFGPG	6.000000000000001e-05
CSSRRLGFSQNTLYFGAG	2e-05
CSSRRLGSSAETLYFGSG	2e-05
CSSRRLPAETLYFGSG	4e-05
CSSRRNVTPPKSYAVFFGKG	2e-05
CSSRRQGNYAEQFFGPG	2e-05
CSSRRQGQAPLFGEG	4e-05
CSSRRQGVNQAPLFGEG	4e-05
CSSRRQSSYEQYFGPG	6.000000000000001e-05
CSSRRQTEVFFGKG	2e-05
CSSRRSNQDTQYFGPG	2e-05
CSSRRSNYEQYFGPG	2e-05
CSSRRTKDTQYFGPG	4e-05
CSSRRTSNAETLYFGSG	4e-05
CSSRRVANSDYTFGSG	6.000000000000001e-05
CSSRRVGTDYTFGSG	2e-05
CSSRRWVGRQLYFGEG	2e-05
CSSRSCRAQSTHFFGEG	4e-05
CSSRSDWGVGNYAEQFFGPG	4e-05
CSSRSDWVQDTQYFGPG	4e-05
CSSRSGGNSDYTFGSG	4e-05
CSSRSGNTLYFGEG	4e-05
CSSRSGPATQYFGPG	4e-05
CSSRSGQCDSTQYFGPG	4e-05
CSSRSGTATQYFGPG	2e-05
CSSRSGTGPYEQYFGPG	4e-05
CSSRSLGGRGQDTQYFGPG	2e-05
CSSRSNERLFFGHG	6.000000000000001e-05
CSSRSNTGQLYFGEG	4e-05
CSSRSSYEQYFGPG	4e-05
CSSRSTGGAGDTQYFGPG	2e-05
CSSRSTGGAGYTQYFGPG	2e-05
CSSRTDNYAEQFFGPG	4e-05
CSSRTDSDYTFGSG	4e-05
CSSRTGAENTLYFGAG	6.000000000000001e-05
CSSRTGEETLYFGSG	2e-05
CSSRTGGDQDTQYFGPG	6.000000000000001e-05
CSSRTGGGDTLYFGAG	6.000000000000001e-05
CSSRTGGGTEVFFGKG	2e-05
CSSRTGGPDTQYFGPG	4e-05
CSSRTGGQDTQYFGPG	6.000000000000001e-05
CSSRTGGSTEVFFGKG	2e-05
CSSRTGGSYEQYFGPG	4e-05
CSSRTGHTPPLYFGEG	6.000000000000001e-05
CSSRTGNSDYTFGSG	0.0001
CSSRTGQYRRLFFGHG	2e-05
CSSRTGRKTGQLYFGEG	4e-05
CSSRTGRNTGQLYFGEG	6.000000000000001e-05
CSSRTGTGDTEVFFGKG	2e-05
CSSRTINQDTQYFGPG	2e-05
CSSRTISYEQYFGPG	2e-05
CSSRTLYFGSG	6.000000000000001e-05
CSSRTNNYAEQFFGPG	2e-05
CSSRTPSYEQYFGPG	4e-05
CSSRTRDSAETLYFGSG	6.000000000000001e-05
CSSRTRQTTEVFFGKG	2e-05
CSSRTYANTEVFFGKG	2e-05
CSSRVDWGGYEQYFGPG	4e-05
CSSRVEKCDFGEG	4e-05
CSSRVEQLYFGEG	6.000000000000001e-05
CSSRVFFGKG	6.000000000000001e-05
CSSRVGAEQFFGPG	4e-05
CSSRVGFNQDTQYFGPG	4e-05
CSSRVGGAAYAEQFFGPG	4e-05
CSSRVGGGAETLYFGSG	2e-05
CSSRVGGSHSDYTFGSG	6.000000000000001e-05
CSSRVGGTEVFFGKG	2e-05
CSSRVGHSLYYAEQFFGPG	2e-05
CSSRVGIQNTLYFGAG	2e-05
CSSRVGNNYAEQFFGPG	2e-05
CSSRVGRNRQLYFGEG	2e-05
CSSRVHYAEQFFGPG	2e-05
CSSRVLGGQDTQYFGPG	2e-05
CSSRVNNYAEQFFGPG	2e-05
CSSRVPFSNERLFFGHG	2e-05
CSSRVPVYAEQFFGPG	2e-05
CSSRVQGGSQNTLYFGAG	2e-05
CSSRVQKSREQFFGPG	2e-05
CSSRVRCDSTQYFGPG	2e-05
CSSRVRGPSDYTFGSG	2e-05
CSSRVRGSRFFGPG	2e-05
CSSRVRGSYEQYFGPG	2e-05
CSSRVRNTEVFFGKG	8e-05
CSSRVRPDYTFGSG	2e-05
CSSRVRRFRAETLYFGSG	2e-05
CSSRVRRSRAETLYFGSG	2e-05
CSSRVRRSRSEQFFGPG	6.000000000000001e-05
CSSRVRTPRMSYAVFFGKG	4e-05
CSSRVTGDEQYFGPG	2e-05
CSSRVVWGVEQYFGPG	2e-05
CSSRVWGGGETLYFGSG	2e-05
CSSRVWVYAEQFFGPG	2e-05
CSSRVYFGEG	6.000000000000001e-05
CSSRWDNQDTQYFGPG	6.000000000000001e-05
CSSRWDRETLYFGSG	4e-05
CSSRWDWGQDTQYFGPG	6.000000000000001e-05
CSSRWGSSAETLYFGSG	2e-05
CSSRWGVDSDYTFGSG	4e-05
CSSRWQGSAEQFFGPG	8e-05
CSSRWTGNTEVFFGKG	4e-05
CSSRYAEQFFGPG	6.000000000000001e-05
CSSRYDSYEQYFGPG	4e-05
CSSRYEQYFGPG	4e-05
CSSRYFGPG	4e-05
CSSRYGTATQYFGPG	6.000000000000001e-05
CSSRYHRVNYAEQFFGPG	2e-05
CSSRYWRDRQYFGPG	2e-05
CSSSAEQFFGPG	2e-05
CSSSAETLYFGSG	2e-05
CSSSAGGSGEQYFGPG	2e-05
CSSSAGGSGKQYFGPG	2e-05
CSSSAGNNQAPLFGEG	6.000000000000001e-05
CSSSAGSSYEQYFGPG	4e-05
CSSSAQSNTEVFFGKG	4e-05
CSSSARFYEQYFGPG	2e-05
CSSSATWAGQLYFGEG	2e-05
CSSSCCQATITLYFGSG	8e-05
CSSSCLTGGYYAEQFFGPG	4e-05
CSSSDGANSDYTFGSG	2e-05
CSSSDHRSPYGQYFGPG	4e-05
CSSSDINTGQLYFGEG	4e-05
CSSSDISSYEQYFGPG	4e-05
CSSSDITYEQYFGPG	2e-05
CSSSDNQDTQYFGPG	2e-05
CSSSDRGGNTEVFFGKG	4e-05
CSSSDRGGYAEQFFGPG	4e-05
CSSSDTQYFGPG	2e-05
CSSSDVGYEQYFGPG	6.000000000000001e-05
CSSSDYTFGSG	2e-05
CSSSEGEDSYEQYFGPG	2e-05
CSSSEGISNERLFFGHG	4e-05
CSSSEGQINERLFFGHG	6.000000000000001e-05
CSSSEGSDYTFGSG	2e-05
CSSSEQANTEVFFGKG	2e-05
CSSSEQENTEVFFGKG	2e-05
CSSSEQYFGPG	2e-05
CSSSFGEG	2e-05
CSSSFGPG	4e-05
CSSSFRDRVGEQYFGPG	2e-05
CSSSFRNQDTQYFGPG	8e-05
CSSSGDNNQAPLFGEG	6.000000000000001e-05
CSSSGDNSNERLFFGHG	2e-05
CSSSGDSNERLFFGHG	2e-05
CSSSGGDYEQYFGPG	8e-05
CSSSGLSSYEQYFGPG	4e-05
CSSSGNTLYFGEG	4e-05
CSSSGPGNQAPLFGEG	4e-05
CSSSGPGTANTGQLYFGEG	4e-05
CSSSGQGATTGQLYFGEG	4e-05
CSSSGQGEDTQYFGPG	4e-05
CSSSGQGNTEVFFGKG	2e-05
CSSSGQGSYEQYFGPG	4e-05
CSSSGQQDTQYFGPG	2e-05
CSSSGRGNTLYFGEG	2e-05
CSSSGSQNTLYFGAG	6.000000000000001e-05
CSSSGTANSDYTFGSG	2e-05
CSSSGTANTEVFFGKG	4e-05
CSSSGTAYAEQFFGPG	4e-05
CSSSGTGANGNTLYFGEG	6.000000000000001e-05
CSSSGTGAPEVFFGKG	4e-05
CSSSGTGDPDYTFGSG	4e-05
CSSSGTGEDSDYTFGSG	4e-05
CSSSGTGGFSAETLYFGSG	6.000000000000001e-05
CSSSGTGHAEQFFGPG	2e-05
CSSSGTGNQAPLFGEG	4e-05
CSSSGTGNTEVFFGKG	4e-05
CSSSGTKSGNTLYFGEG	4e-05
CSSSGTSQNTLYFGAG	8e-05
CSSSGWGAYEQYFGPG	2e-05
CSSSGWGDYEQYFGPG	8e-05
CSSSGWGNSEQYFGPG	8e-05
CSSSGWGNYEQYFGPG	4e-05
CSSSGWGWVGLYFGAG	2e-05
CSSSHAANSDYTFGSG	4e-05
CSSSHAEQFFGPG	8e-05
CSSSHAGIGSSAETLYFGSG	2e-05
CSSSHAGTGSSAETLYFGSG	4e-05
CSSSHAGTGTGQLYFGEG	2e-05
CSSSHAGVSDYTFGSG	2e-05
CSSSHAYNYAEQFFGPG	2e-05
CSSSHDGSAETLYFGSG	4e-05
CSSSHDRAYEQYFGPG	4e-05
CSSSHDRGDPEVFFGKG	2e-05
CSSSHDRGSPSPLYFGEG	8e-05
CSSSHDSGNTLYFGEG	4e-05
CSSSHDWGNTGQLYFGEG	4e-05
CSSSHDWGTTGQLYFGEG	4e-05
CSSSHESMESYEQYFGPG	2e-05
CSSSHFGEG	6.000000000000001e-05
CSSSHFGPG	8e-05
CSSSHFNQAPLFGEG	4e-05
CSSSHGANSDYTFGSG	2e-05
CSSSHGAQDTQYFGPG	6.000000000000001e-05
CSSSHGDSDYTFGSG	8e-05
CSSSHGEAETLYFGSG	2e-05
CSSSHGEDTQYFGPG	2e-05
CSSSHGEVFFGKG	4e-05
CSSSHGGDTQYFGPG	4e-05
CSSSHGGNTEVFFGKG	6.000000000000001e-05
CSSSHGGTTGQLYFGEG	4e-05
CSSSHGLGDYAEQFFGPG	8e-05
CSSSHGLGQDTQYFGPG	2e-05
CSSSHGNQDTQYFGPG	4e-05
CSSSHGNTEVFFGKG	2e-05
CSSSHGPGGNTEVFFGKG	6.000000000000001e-05
CSSSHGPGGNTGQLYFGEG	8e-05
CSSSHGPNERLFFGHG	2e-05
CSSSHGQGAAEQFFGPG	4e-05
CSSSHGQGKAPLFGEG	0.0001
CSSSHGQNSPLYFGEG	4e-05
CSSSHGRGDSDYTFGSG	2e-05
CSSSHGRGNSDYTFGSG	4e-05
CSSSHGSQNTLYFGAG	8e-05
CSSSHGTGANTEVFFGKG	4e-05
CSSSHGTGGISQNTLYFGAG	4e-05
CSSSHGTGGNTEVFFGKG	4e-05
CSSSHGTGGNTGQLYFGEG	4e-05
CSSSHGTGGRAETLYFGSG	2e-05
CSSSHGTGGTTEVFFGKG	4e-05
CSSSHGTGGYEQYFGPG	2e-05
CSSSHGTGNSDYTFGSG	2e-05
CSSSHGTGSSYEQYFGPG	4e-05
CSSSHGTNTGQLYFGEG	2e-05
CSSSHGTTETLYFGSG	6.000000000000001e-05
CSSSHGTYQDTQYFGPG	2e-05
CSSSHHGVNTQYFGPG	2e-05
CSSSHKNSDYTFGSG	4e-05
CSSSHLALYFGPG	4e-05
CSSSHLYAEQFFGPG	2e-05
CSSSHNQAPLFGEG	6.000000000000001e-05
CSSSHNTEVFFGKG	4e-05
CSSSHNWGGPEQYFGPG	4e-05
CSSSHNWSAETLYFGSG	2e-05
CSSSHPDREGTEVFFGKG	6.000000000000001e-05
CSSSHPDSPGNTLYFGEG	4e-05
CSSSHPDWGQDTQYFGPG	2e-05
CSSSHPGGGYTQYFGPG	4e-05
CSSSHPGGYEQYFGPG	4e-05
CSSSHPGLGNTGQLYFGEG	4e-05
CSSSHPGQGADTQYFGPG	4e-05
CSSSHPGTGDTEVFFGKG	4e-05
CSSSHPGTTEVFFGKG	4e-05
CSSSHPHTPGNTLYFGEG	4e-05
CSSSHPRGGHTEVFFGKG	4e-05
CSSSHQANTEVFFGKG	4e-05
CSSSHQGNSPLYFGEG	2e-05
CSSSHQGQNTLYFGAG	6.000000000000001e-05
CSSSHQGSTGQLYFGEG	0.0001
CSSSHQGTSPLYFGEG	4e-05
CSSSHQLNYAEQFFGPG	2e-05
CSSSHQTEVFFGKG	2e-05
CSSSHQTGGDVGRLFFGHG	4e-05
CSSSHQVDTGQLYFGEG	6.000000000000001e-05
CSSSHRDAEQFFGPG	4e-05
CSSSHRDNTEVFFGKG	6.000000000000001e-05
CSSSHRDNYAEQFFGPG	6.000000000000001e-05
CSSSHRDRGDSDYTFGSG	6.000000000000001e-05
CSSSHRDRGVEQYFGPG	2e-05
CSSSHRDRYEQYFGPG	6.000000000000001e-05
CSSSHRDSDYTFGSG	4e-05
CSSSHRDSNQDTQYFGPG	4e-05
CSSSHRDTEVFFGKG	2e-05
CSSSHRDYEQYFGPG	4e-05
CSSSHRGAETLYFGSG	6.000000000000001e-05
CSSSHRGDPSPLYFGEG	6.000000000000001e-05
CSSSHRGDTEVFFGKG	8e-05
CSSSHRGIEEVFFGKG	0.0001
CSSSHRGNTEVFFGKG	4e-05
CSSSHRGNTGQLYFGEG	4e-05
CSSSHRGNYAEQFFGPG	4e-05
CSSSHRGQGADTEVFFGKG	2e-05
CSSSHRGREQYFGPG	2e-05
CSSSHRGTNTEVFFGKG	6.000000000000001e-05
CSSSHRHNYAEQFFGPG	4e-05
CSSSHRNRAETLYFGSG	4e-05
CSSSHRNSAETLYFGSG	4e-05
CSSSHRPASGNTLYFGEG	2e-05
CSSSHRPASPTQYFGPG	4e-05
CSSSHRPGGTTEVFFGKG	4e-05
CSSSHRPNSDYTFGSG	8e-05
CSSSHRQNQAPLFGEG	2e-05
CSSSHRQNTEVFFGKG	2e-05
CSSSHRSGNQAPLFGEG	2e-05
CSSSHRTINSGNTLYFGEG	4e-05
CSSSHSAETLYFGSG	2e-05
CSSSHSDPNTEVFFGKG	4e-05
CSSSHSDSPGNTLYFGEG	2e-05
CSSSHSGFQSDYTFGSG	4e-05
CSSSHSGFYTFGSG	6.000000000000001e-05
CSSSHSGGLNERLFFGHG	4e-05
CSSSHSGNTLYFGEG	6.000000000000001e-05
CSSSHSGQFTNQAPLFGEG	4e-05
CSSSHSGQSNAETLYFGSG	4e-05
CSSSHSGSSQNTLYFGAG	2e-05
CSSSHSGTGGYEQYFGPG	2e-05
CSSSHSGTGNTEVFFGKG	4e-05
CSSSHSGYAEQFFGPG	2e-05
CSSSHSLGNYAEQFFGPG	2e-05
CSSSHSNERLFFGHG	4e-05
CSSSHSNSDYTFGSG	2e-05
CSSSHSRDTEVFFGKG	2e-05
CSSSHSRLFFGHG	2e-05
CSSSHSRQQNTLYFGAG	2e-05
CSSSHSRRHYAEQFFGPG	2e-05
CSSSHSSFTSPLYFGEG	4e-05
CSSSHSSSQNTLYFGAG	2e-05
CSSSHSSYNLPLYFGEG	2e-05
CSSSHSSYTSPLYFGEG	6.000000000000001e-05
CSSSHSTGVSDYTFGSG	2e-05
CSSSHSTQYFGPG	4e-05
CSSSHSWGYAEQFFGPG	2e-05
CSSSHSYAEQFFGPG	4e-05
CSSSHTDTGQLYFGEG	4e-05
CSSSHTETLYFGSG	2e-05
CSSSHTEVFFGKG	2e-05
CSSSHTGLDTQYFGPG	2e-05
CSSSHTGLFFGHG	4e-05
CSSSHTGQLYFGEG	2e-05
CSSSHTGTGSRGNQAPLFGEG	0.0001
CSSSHTNQDTQYFGPG	2e-05
CSSSHTNSDYTFGSG	2e-05
CSSSHTNTEVFFGKG	2e-05
CSSSHTPTNYAEQFFGPG	2e-05
CSSSHTPWVPYEQYFGPG	4e-05
CSSSHTQYEQYFGPG	2e-05
CSSSHTSNERLFFGHG	4e-05
CSSSHVTPPKSYQDTQYFGPG	2e-05
CSSSHWGGGGETLYFGSG	6.000000000000001e-05
CSSSHWGGGGRLFFGHG	4e-05
CSSSHWGKNTLYFGAG	2e-05
CSSSHWGMEQYFGPG	4e-05
CSSSHWGPNTGQLYFGEG	2e-05
CSSSHWRDTEVFFGKG	4e-05
CSSSHYNSPLYFGEG	2e-05
CSSSHYSRYEQYFGPG	6.000000000000001e-05
CSSSILCVAEQFFGPG	2e-05
CSSSIQYEQYFGPG	6.000000000000001e-05
CSSSIRGYSDYTFGSG	2e-05
CSSSISGTDAETLYFGSG	2e-05
CSSSITSDSDYTFGSG	2e-05
CSSSKDRTNTEVFFGKG	6.000000000000001e-05
CSSSKGGPEDTQYFGPG	2e-05
CSSSKPGLGEDTQYFGPG	4e-05
CSSSKQGSQNTLYFGAG	6.000000000000001e-05
CSSSKRTNCNERLFFGHG	2e-05
CSSSKSYAVFFGKG	4e-05
CSSSKTGGYAEQFFGPG	2e-05
CSSSKTSGAETLYFGSG	4e-05
CSSSKTSSAETLYFGSG	4e-05
CSSSLASNERLFFGHG	2e-05
CSSSLDAEQFFGPG	2e-05
CSSSLDNANSDYTFGSG	4e-05
CSSSLDNYEQYFGPG	6.000000000000001e-05
CSSSLDRASPEVFFGKG	4e-05
CSSSLDRASTEVFFGKG	4e-05
CSSSLDRGEVFFGKG	2e-05
CSSSLDRNQDTQYFGPG	2e-05
CSSSLDRSSYEQYFGPG	2e-05
CSSSLDRVQDTQYFGPG	2e-05
CSSSLDSAETLYFGSG	4e-05
CSSSLDSQNTLYFGAG	2e-05
CSSSLDWNYAEQFFGPG	2e-05
CSSSLEGEQYFGPG	4e-05
CSSSLETAETLYFGSG	6.000000000000001e-05
CSSSLGANQAPLFGEG	4e-05
CSSSLGGAGAETLYFGSG	2e-05
CSSSLGGQNTLYFGAG	4e-05
CSSSLGLGGAETLYFGSG	4e-05
CSSSLGLSHSDYTFGSG	2e-05
CSSSLGNTLYFGEG	2e-05
CSSSLGQGAETLYFGSG	4e-05
CSSSLGQGANTEVFFGKG	6.000000000000001e-05
CSSSLGQGENTLYFGAG	4e-05
CSSSLGQGTGQLYFGEG	4e-05
CSSSLGQKIGQLYFGEG	4e-05
CSSSLGQNTEVFFGKG	6.000000000000001e-05
CSSSLGQNTGQLYFGEG	4e-05
CSSSLGQNYAEQFFGPG	2e-05
CSSSLGQTSAETLYFGSG	2e-05
CSSSLGRTYEQYFGPG	6.000000000000001e-05
CSSSLGTANTEVFFGKG	4e-05
CSSSLGTGGRQNTLYFGAG	6.000000000000001e-05
CSSSLGTGGYEQYFGPG	6.000000000000001e-05
CSSSLGTLQDTQYFGPG	0.0001
CSSSLGTTNTEVFFGKG	4e-05
CSSSLGTYANSDYTFGSG	2e-05
CSSSLGVQNTLYFGAG	6.000000000000001e-05
CSSSLHNQDTQYFGPG	4e-05
CSSSLLGSQNTLYFGAG	2e-05
CSSSLLLGQTEVFFGKG	2e-05
CSSSLNQDTQYFGPG	4e-05
CSSSLNSQNTLYFGAG	8e-05
CSSSLNTGQLYFGEG	2e-05
CSSSLNYAEQFFGPG	2e-05
CSSSLNYEQYFGPG	2e-05
CSSSLPGQENSDYTFGSG	4e-05
CSSSLPTGGYAEQFFGPG	2e-05
CSSSLQDSGNTLYFGEG	4e-05
CSSSLQGANSDYTFGSG	2e-05
CSSSLQGDTQYFGPG	2e-05
CSSSLQGNSDYTFGSG	2e-05
CSSSLQGNTEVFFGKG	4e-05
CSSSLQGPANSDYTFGSG	2e-05
CSSSLQGQDTQYFGPG	6.000000000000001e-05
CSSSLRDKSYEQYFGPG	2e-05
CSSSLRDNYAEQFFGPG	8e-05
CSSSLRDRIATEVFFGKG	2e-05
CSSSLRDRNTEVFFGKG	2e-05
CSSSLRDSYNSPLYFGEG	2e-05
CSSSLRGSDYTFGSG	2e-05
CSSSLRPGDQNTLYFGAG	2e-05
CSSSLRQYNERLFFGHG	6.000000000000001e-05
CSSSLRTGDQNTLYFGAG	2e-05
CSSSLSKDTQYFGPG	8e-05
CSSSLSQDTQYFGPG	4e-05
CSSSLTASQNTLYFGAG	4e-05
CSSSLTAYEQYFGPG	2e-05
CSSSLTGDAETLYFGSG	2e-05
CSSSLTGGYEQYFGPG	6.000000000000001e-05
CSSSLTGSSQNTLYFGAG	2e-05
CSSSLTGTGGNTEVFFGKG	4e-05
CSSSLTGTSDYTFGSG	6.000000000000001e-05
CSSSLTGYEQYFGPG	6.000000000000001e-05
CSSSLTNTGQLYFGEG	2e-05
CSSSLTRFNQDTQYFGPG	6.000000000000001e-05
CSSSLWENYAEQFFGPG	2e-05
CSSSLWGDTGQLYFGEG	6.000000000000001e-05
CSSSLWVYEQYFGPG	2e-05
CSSSLYAEQFFGPG	2e-05
CSSSLYFGAG	2e-05
CSSSMGGGDTQYFGPG	8e-05
CSSSNERLFFGHG	4e-05
CSSSNGTGGNTEVFFGKG	4e-05
CSSSNHWGVGNYAEQFFGPG	4e-05
CSSSNIQDTQYFGPG	6.000000000000001e-05
CSSSNQDTQYFGPG	4e-05
CSSSNRGGTEVFFGKG	2e-05
CSSSNWGPNTGQLYFGEG	4e-05
CSSSPAGPEQFFGPG	2e-05
CSSSPAGSSYEQYFGPG	6.000000000000001e-05
CSSSPAQDTQYFGPG	6.000000000000001e-05
CSSSPDAEQFFGPG	2e-05
CSSSPDNANTEVFFGKG	0.0001
CSSSPDQYEQYFGPG	6.000000000000001e-05
CSSSPDRADTGQLYFGEG	2e-05
CSSSPDREAEQFFGPG	2e-05
CSSSPDRGNTGQLYFGEG	2e-05
CSSSPDRGYEQYFGPG	6.000000000000001e-05
CSSSPDRNERLFFGHG	2e-05
CSSSPDRPSDTLYFGAG	2e-05
CSSSPDRRARETLYFGSG	2e-05
CSSSPDSGNTLYFGEG	4e-05
CSSSPDSNERLFFGHG	2e-05
CSSSPDSNNQAPLFGEG	6.000000000000001e-05
CSSSPDTEVFFGKG	4e-05
CSSSPDTSNTEVFFGKG	2e-05
CSSSPDWGDTQYFGPG	4e-05
CSSSPDWGGAGAQYFGPG	2e-05
CSSSPDWGGAGEQYFGPG	2e-05
CSSSPEGEQDTQYFGPG	4e-05
CSSSPENTLYFGAG	4e-05
CSSSPESQNTLYFGAG	2e-05
CSSSPEVFFGKG	6.000000000000001e-05
CSSSPFRDRGSEQYFGPG	4e-05
CSSSPGAQDTQYFGPG	0.0001
CSSSPGAQEQYFGPG	4e-05
CSSSPGARYEQYFGPG	4e-05
CSSSPGDQDTQYFGPG	6.000000000000001e-05
CSSSPGDTGQLYFGEG	8e-05
CSSSPGEANTLYFGEG	2e-05
CSSSPGEEQYFGPG	4e-05
CSSSPGGASYAEQFFGPG	4e-05
CSSSPGGEVFFGKG	2e-05
CSSSPGGKDTQYFGPG	6.000000000000001e-05
CSSSPGGNTEVFFGKG	2e-05
CSSSPGGNTGQLYFGEG	2e-05
CSSSPGGQDTQYFGPG	8e-05
CSSSPGGYEQYFGPG	4e-05
CSSSPGGYTQYFGPG	2e-05
CSSSPGHANTEVFFGKG	6.000000000000001e-05
CSSSPGHYTEVFFGKG	2e-05
CSSSPGIAYEQYFGPG	0.0001
CSSSPGIRRQLSNTEVFFGKG	2e-05
CSSSPGLGFQDTQYFGPG	4e-05
CSSSPGLGGQDTQYFGPG	4e-05
CSSSPGLGNQDTQYFGPG	2e-05
CSSSPGLGVYEQYFGPG	8e-05
CSSSPGLINQDTQYFGPG	4e-05
CSSSPGLNQDTQYFGPG	4e-05
CSSSPGLPYEQYFGPG	2e-05
CSSSPGLQDTQYFGPG	4e-05
CSSSPGLQYFGPG	2e-05
CSSSPGLVEQYFGPG	4e-05
CSSSPGNSDYTFGSG	2e-05
CSSSPGPPETLYFGSG	2e-05
CSSSPGPSQNTLYFGAG	4e-05
CSSSPGQANTEVFFGKG	2e-05
CSSSPGQDTQYFGPG	6.000000000000001e-05
CSSSPGQEGSDYTFGSG	2e-05
CSSSPGQENTLYFGAG	4e-05
CSSSPGQGAEVFFGKG	2e-05
CSSSPGQGARGAETLYFGSG	2e-05
CSSSPGQGDTEVFFGKG	2e-05
CSSSPGQGGAEQFFGPG	2e-05
CSSSPGQGGESLYFGEG	2e-05
CSSSPGQGGGQLYFGEG	8e-05
CSSSPGQGNQAPLFGEG	2e-05
CSSSPGQGNTEVFFGKG	6.000000000000001e-05
CSSSPGQGPERLFFGHG	4e-05
CSSSPGQGQDTQYFGPG	2e-05
CSSSPGQGQNTLYFGAG	4e-05
CSSSPGQGSAYTFGSG	4e-05
CSSSPGQGSDTQYFGPG	4e-05
CSSSPGQGSGNTLYFGEG	4e-05
CSSSPGQGSYEQYFGPG	2e-05
CSSSPGQGVTEVFFGKG	2e-05
CSSSPGQGYSGNTLYFGEG	4e-05
CSSSPGQIYNSPLYFGEG	2e-05
CSSSPGQLYFGEG	2e-05
CSSSPGQNQAPLFGEG	2e-05
CSSSPGQNSDYTFGSG	2e-05
CSSSPGQNSYNSPLYFGEG	2e-05
CSSSPGQNTEVFFGKG	2e-05
CSSSPGQNTGQLYFGEG	8e-05
CSSSPGQSNERLFFGHG	4e-05
CSSSPGRAETLYFGSG	6.000000000000001e-05
CSSSPGRHTGQLYFGEG	4e-05
CSSSPGRNYEQYFGPG	4e-05
CSSSPGRRYAEQFFGPG	2e-05
CSSSPGSSGNTLYFGEG	4e-05
CSSSPGTANQAPLFGEG	2e-05
CSSSPGTANTEVFFGKG	6.000000000000001e-05
CSSSPGTAYEQYFGPG	2e-05
CSSSPGTENTLYFGAG	4e-05
CSSSPGTEVFFGKG	2e-05
CSSSPGTGGHTQYFGPG	8e-05
CSSSPGTGGPETLYFGSG	4e-05
CSSSPGTGGSAETLYFGSG	2e-05
CSSSPGTGGTGQLYFGEG	4e-05
CSSSPGTGGYEQYFGPG	4e-05
CSSSPGTGKDTGQLYFGEG	2e-05
CSSSPGTGKDTQYFGPG	8e-05
CSSSPGTGNTEVFFGKG	4e-05
CSSSPGTGVSGNTLYFGEG	2e-05
CSSSPGTGYSGNTLYFGEG	2e-05
CSSSPGTNTEVFFGKG	8e-05
CSSSPGTQNTLYFGAG	6.000000000000001e-05
CSSSPGTSLQDTQYFGPG	8e-05
CSSSPGTSYNSPLYFGEG	4e-05
CSSSPGTTHNSPLYFGEG	0.0001
CSSSPGTTNERLFFGHG	8e-05
CSSSPGTTYNSPLYFGEG	8e-05
CSSSPGTYEQYFGPG	6.000000000000001e-05
CSSSPGVNFGAG	2e-05
CSSSPHGGNTQYFGPG	2e-05
CSSSPHGNSDYTFGSG	2e-05
CSSSPHGVNTQYFGPG	4e-05
CSSSPHRENSDYTFGSG	2e-05
CSSSPHTGQLYFGEG	4e-05
CSSSPKHPQYFGPG	4e-05
CSSSPKSAETLYFGSG	2e-05
CSSSPLGDTLYFGAG	2e-05
CSSSPLGTGDSYEQYFGPG	6.000000000000001e-05
CSSSPLGTNTGQLYFGEG	2e-05
CSSSPLGTTEVFFGKG	2e-05
CSSSPLGYQNTLYFGAG	4e-05
CSSSPLLYFGSG	2e-05
CSSSPLPGYEQYFGPG	2e-05
CSSSPLRGRHEQYFGPG	2e-05
CSSSPLRGSQNTLYFGAG	4e-05
CSSSPLSSQNTLYFGAG	6.000000000000001e-05
CSSSPLYFGEG	8e-05
CSSSPMTGENTLYFGAG	2e-05
CSSSPNAACHIQVNTEVFFGKG	4e-05
CSSSPNAETLYFGSG	2e-05
CSSSPNSDYTFGSG	2e-05
CSSSPNTGQLYFGEG	2e-05
CSSSPPAGGSYEQYFGPG	4e-05
CSSSPPGGTDTQYFGPG	4e-05
CSSSPPGRGDTQYFGPG	2e-05
CSSSPPGRTGQLYFGEG	6.000000000000001e-05
CSSSPPLFGEG	2e-05
CSSSPPPGNSYEQYFGPG	4e-05
CSSSPPPGSSYEQYFGPG	4e-05
CSSSPPPVSNERLFFGHG	8e-05
CSSSPPRSAETLYFGSG	4e-05
CSSSPQANTEVFFGKG	2e-05
CSSSPQANTGQLYFGEG	4e-05
CSSSPQDQQNTLYFGAG	4e-05
CSSSPQGGASPLYFGEG	2e-05
CSSSPQGGDSPLYFGEG	6.000000000000001e-05
CSSSPQGGDSRLYFGEG	8e-05
CSSSPQGGTGQLYFGEG	2e-05
CSSSPQGNSDYTFGSG	6.000000000000001e-05
CSSSPQGNYAEQFFGPG	4e-05
CSSSPQGPEVFFGKG	4e-05
CSSSPQGQDTQYFGPG	4e-05
CSSSPQGQKDTQYFGPG	2e-05
CSSSPQGSTEVFFGKG	6.000000000000001e-05
CSSSPQGSTGQLYFGEG	2e-05
CSSSPQGYEQYFGPG	4e-05
CSSSPQLGGIQDTQYFGPG	2e-05
CSSSPQLNTEVFFGKG	4e-05
CSSSPQQGADTQYFGPG	4e-05
CSSSPQSSYEQYFGPG	2e-05
CSSSPQTGTNTEVFFGKG	2e-05
CSSSPQTNAETLYFGSG	4e-05
CSSSPRANTEVFFGKG	6.000000000000001e-05
CSSSPRDRDTQYFGPG	8e-05
CSSSPRDRNERLFFGHG	2e-05
CSSSPRDRNQAPLFGEG	6.000000000000001e-05
CSSSPRDRNYAEQFFGPG	0.00012000000000000002
CSSSPRDWGAPNQDTQYFGPG	0.0001
CSSSPRDWGGYEQYFGPG	6.000000000000001e-05
CSSSPRDWGQDTQYFGPG	4e-05
CSSSPRGDTGQLYFGEG	2e-05
CSSSPRGDTQYFGPG	8e-05
CSSSPRGGAAEQFFGPG	0.0001
CSSSPRGGDTEVFFGKG	6.000000000000001e-05
CSSSPRGKATLYFGAG	4e-05
CSSSPRGKDTLYFGAG	2e-05
CSSSPRGKHTLYFGAG	4e-05
CSSSPRGPEQYFGPG	2e-05
CSSSPRGYEQYFGPG	6.000000000000001e-05
CSSSPRLGGGGQNTLYFGAG	4e-05
CSSSPRLGGRDTQYFGPG	4e-05
CSSSPRNSGNTLYFGEG	2e-05
CSSSPRQIQDTQYFGPG	8e-05
CSSSPRQNSYNSPLYFGEG	2e-05
CSSSPRQNSYTSPLYFGEG	6.000000000000001e-05
CSSSPRQYNERLFFGHG	2e-05
CSSSPRTGCNSDYTFGSG	2e-05
CSSSPRTGGNTEVFFGKG	2e-05
CSSSPRTGGQDTQYFGPG	4e-05
CSSSPRTSETLYFGSG	2e-05
CSSSPRVNSDYTFGSG	4e-05
CSSSPSAGVEEQYFGPG	4e-05
CSSSPSGAETLYFGSG	0.00012000000000000002
CSSSPSGGNTEVFFGKG	2e-05
CSSSPSGSAETLYFGSG	4e-05
CSSSPTASAETLYFGSG	6.000000000000001e-05
CSSSPTASNSDYTFGSG	4e-05
CSSSPTDWGQDTQYFGPG	0.0001
CSSSPTGAETLYFGSG	6.000000000000001e-05
CSSSPTGANTEVFFGKG	2e-05
CSSSPTGATQTQYFGPG	4e-05
CSSSPTGFQDTQYFGPG	2e-05
CSSSPTGGAYEQYFGPG	2e-05
CSSSPTGGGNTLYFGEG	6.000000000000001e-05
CSSSPTGGGSDYTFGSG	4e-05
CSSSPTGGNSPLYFGEG	4e-05
CSSSPTGGNYAEQFFGPG	4e-05
CSSSPTGGPEVFFGKG	4e-05
CSSSPTGGRSAETLYFGSG	2e-05
CSSSPTGGTDTQYFGPG	2e-05
CSSSPTGKKVFFGKG	8e-05
CSSSPTGNNQAPLFGEG	2e-05
CSSSPTGNTEVFFGKG	4e-05
CSSSPTGQAPLFGEG	2e-05
CSSSPTGSQNTLYFGAG	4e-05
CSSSPTGYNYAEQFFGPG	2e-05
CSSSPTPPKSYAVFFGKG	2e-05
CSSSPTPSYNSPLYFGEG	4e-05
CSSSPTPSYTSPLYFGEG	6.000000000000001e-05
CSSSPTRSYEQYFGPG	2e-05
CSSSPTSSYNSPLYFGEG	6.000000000000001e-05
CSSSPTVNTEVFFGKG	8e-05
CSSSPTVSQNTLYFGAG	2e-05
CSSSPVAGPPSPYFGPG	2e-05
CSSSPVGAQDTQYFGPG	2e-05
CSSSPVNQDTQYFGPG	6.000000000000001e-05
CSSSPVQGNYAEQFFGPG	8e-05
CSSSPVRESGQYFGPG	2e-05
CSSSPVRGQYFGPG	2e-05
CSSSPVRGSEQYFGPG	4e-05
CSSSPVRPAYTFGSG	6.000000000000001e-05
CSSSPVTNTEVFFGKG	4e-05
CSSSPVTQNTLYFGAG	4e-05
CSSSPWDWGGAGQNTLYFGAG	4e-05
CSSSPWGPSAETLYFGSG	2e-05
CSSSPYEQYFGPG	2e-05
CSSSPYNSPLYFGEG	2e-05
CSSSPYSQNTLYFGAG	2e-05
CSSSPYTNSYNSPLYFGEG	6.000000000000001e-05
CSSSQAADNYAEQFFGPG	2e-05
CSSSQADNQAPLFGEG	0.0001
CSSSQADRGGDTQYFGPG	2e-05
CSSSQADSNSPLYFGEG	4e-05
CSSSQAEETEVFFGKG	4e-05
CSSSQAENTEVFFGKG	6.000000000000001e-05
CSSSQAEQFFGPG	2e-05
CSSSQAGGFSAETLYFGSG	2e-05
CSSSQAGGGARLFFGHG	4e-05
CSSSQAGLETLYFGSG	2e-05
CSSSQAGLTPGQLYFGEG	4e-05
CSSSQAGRTETLYFGSG	2e-05
CSSSQAGSNSPLYFGEG	4e-05
CSSSQAGTGPGNTLYFGEG	2e-05
CSSSQAIRLFGPG	4e-05
CSSSQALDNQDTQYFGPG	2e-05
CSSSQAQGERLFFGHG	4e-05
CSSSQARDYAEQFFGPG	4e-05
CSSSQARGSDYTFGSG	0.0001
CSSSQASNYAEQFFGPG	2e-05
CSSSQASQDTQYFGPG	4e-05
CSSSQATADYTFGSG	2e-05
CSSSQATNERLFFGHG	4e-05
CSSSQATNTEVFFGKG	6.000000000000001e-05
CSSSQATPPKSDADYTFGSG	2e-05
CSSSQCAETLYFGSG	0.0001
CSSSQCDSTKSYAVFFGKG	2e-05
CSSSQCDSTQDTQYFGPG	6.000000000000001e-05
CSSSQCDSTQSYAVFFGKG	2e-05
CSSSQCDSTQYFGPG	8e-05
CSSSQCDYTFGSG	4e-05
CSSSQCGGNTEVFFGKG	6.000000000000001e-05
CSSSQCLDNQDTQYFGPG	4e-05
CSSSQCPNSDYTFGSG	4e-05
CSSSQDGHQAPLFGEG	4e-05
CSSSQDGQGGVQYFGPG	2e-05
CSSSQDHRGRSQNTLYFGAG	4e-05
CSSSQDIYAEQFFGPG	2e-05
CSSSQDKGFQDTQYFGPG	4e-05
CSSSQDLNTEVFFGKG	4e-05
CSSSQDNNYAEQFFGPG	2e-05
CSSSQDNSGNTLYFGEG	6.000000000000001e-05
CSSSQDNTEVFFGKG	6.000000000000001e-05
CSSSQDNYEQYFGPG	4e-05
CSSSQDPAPFGEG	2e-05
CSSSQDPGGYSDYTFGSG	6.000000000000001e-05
CSSSQDPPRGDTQYFGPG	2e-05
CSSSQDPRPRYAEQFFGPG	6.000000000000001e-05
CSSSQDRAKTEVFFGKG	2e-05
CSSSQDRASYEQYFGPG	4e-05
CSSSQDRDHQQYFGPG	2e-05
CSSSQDRGDTQYFGPG	2e-05
CSSSQDRGEQYFGPG	2e-05
CSSSQDRGQNTLYFGAG	6.000000000000001e-05
CSSSQDRGSAETLYFGSG	2e-05
CSSSQDRGVERLFFGHG	6.000000000000001e-05
CSSSQDRNSDYTFGSG	8e-05
CSSSQDRNSGNTLYFGEG	2e-05
CSSSQDRNTEVFFGKG	2e-05
CSSSQDRNTLYFGAG	2e-05
CSSSQDRQDTQYFGPG	4e-05
CSSSQDSNERLFFGHG	2e-05
CSSSQDSNQDTQYFGPG	4e-05
CSSSQDSSLSDYTFGSG	4e-05
CSSSQDSSQNTLYFGAG	4e-05
CSSSQDTEVFFGKG	6.000000000000001e-05
CSSSQDTQYFGPG	4e-05
CSSSQDTRANSDYTFGSG	6.000000000000001e-05
CSSSQDWGENTLYFGAG	2e-05
CSSSQDWGGATGQLYFGEG	0.0001
CSSSQDWGNQDTQYFGPG	4e-05
CSSSQDWGSAPEQFFGPG	6.000000000000001e-05
CSSSQDWGSPYEQYFGPG	6.000000000000001e-05
CSSSQDWQNTLYFGAG	6.000000000000001e-05
CSSSQDWYYAEQFFGPG	2e-05
CSSSQEAAHFGEG	8e-05
CSSSQEAGNTLYFGEG	6.000000000000001e-05
CSSSQEANTEVFFGKG	6.000000000000001e-05
CSSSQEDTQYFGPG	2e-05
CSSSQEGAKDTQYFGPG	4e-05
CSSSQEGAQDTQYFGPG	4e-05
CSSSQEGAREQYFGPG	6.000000000000001e-05
CSSSQEGGLQDTQYFGPG	6.000000000000001e-05
CSSSQEGPGQLYFGEG	0.0001
CSSSQEGQTEVFFGKG	4e-05
CSSSQEGSAETLYFGSG	4e-05
CSSSQEGSERLFFGHG	6.000000000000001e-05
CSSSQEGSSAETLYFGSG	2e-05
CSSSQEGTGNTLYFGEG	4e-05
CSSSQEGTSAETLYFGSG	2e-05
CSSSQEGVSNERLFFGHG	8e-05
CSSSQELNSDYTFGSG	6.000000000000001e-05
CSSSQELYAEQFFGPG	4e-05
CSSSQEPGKYSDYTFGSG	2e-05
CSSSQEPGNTEVFFGKG	4e-05
CSSSQEPSNSDYTFGSG	4e-05
CSSSQEQGERAETLYFGSG	2e-05
CSSSQEQNSGNTLYFGEG	2e-05
CSSSQEQYFGPG	4e-05
CSSSQERGRGSDYTFGSG	4e-05
CSSSQERQNTLYFGAG	6.000000000000001e-05
CSSSQESAYTEVFFGKG	6.000000000000001e-05
CSSSQESSLSDYTFGSG	2e-05
CSSSQETSAETLYFGSG	4e-05
CSSSQEVERLFFGHG	4e-05
CSSSQEVWTSAETLYFGSG	6.000000000000001e-05
CSSSQFDANYAEQFFGPG	6.000000000000001e-05
CSSSQFEDLRNVTPPKYFGPG	2e-05
CSSSQFFDNQDTQYFGPG	2e-05
CSSSQFGAGGYEQYFGPG	4e-05
CSSSQFGDRISNERLFFGHG	8e-05
CSSSQFGEG	2e-05
CSSSQFGGASAETLYFGSG	2e-05
CSSSQFNNQAPLFGEG	2e-05
CSSSQFPANSDYTFGSG	6.000000000000001e-05
CSSSQFQGAGEQYFGPG	6.000000000000001e-05
CSSSQFQTSQNTLYFGAG	0.0001
CSSSQFRGDTGQLYFGEG	2e-05
CSSSQFRGLYEQYFGPG	2e-05
CSSSQFSNERLFFGHG	8e-05
CSSSQFTGLYEQYFGPG	4e-05
CSSSQFWGAETLYFGSG	6.000000000000001e-05
CSSSQGAAETLYFGSG	4e-05
CSSSQGADTEVFFGKG	2e-05
CSSSQGAEQFFGPG	2e-05
CSSSQGAETLYFGSG	4e-05
CSSSQGAEVFFGKG	2e-05
CSSSQGAGAEQFFGPG	4e-05
CSSSQGAGAETLYFGSG	6.000000000000001e-05
CSSSQGAGAQDTQYFGPG	2e-05
CSSSQGAHEQYFGPG	0.00012000000000000002
CSSSQGANSDYTFGSG	2e-05
CSSSQGANTEVFFGKG	2e-05
CSSSQGANTGQLYFGEG	6.000000000000001e-05
CSSSQGAPLFGEG	2e-05
CSSSQGASSYEQYFGPG	2e-05
CSSSQGATEVFFGKG	4e-05
CSSSQGATGQLYFGEG	4e-05
CSSSQGDGQFFGPG	6.000000000000001e-05
CSSSQGDRADTQYFGPG	8e-05
CSSSQGDRNTLYFGAG	2e-05
CSSSQGDSGNTLYFGEG	4e-05
CSSSQGDSYEQYFGPG	4e-05
CSSSQGDWGGEQYFGPG	2e-05
CSSSQGDWYAEQFFGPG	2e-05
CSSSQGDYAEQFFGPG	0.0001
CSSSQGGEVFFGKG	4e-05
CSSSQGGGPYEQYFGPG	2e-05
CSSSQGGNQDTQYFGPG	2e-05
CSSSQGGNSDYTFGSG	2e-05
CSSSQGGNTLYFGEG	2e-05
CSSSQGGRGAETLYFGSG	4e-05
CSSSQGGTVTEVFFGKG	0.0001
CSSSQGGYERLFFGHG	4e-05
CSSSQGHQDTQYFGPG	6.000000000000001e-05
CSSSQGINTEVFFGKG	4e-05
CSSSQGLAYEQYFGPG	4e-05
CSSSQGLGASAETLYFGSG	0.0001
CSSSQGLGGQDTQYFGPG	8e-05
CSSSQGLGGRREQYFGPG	4e-05
CSSSQGLGGSYEQYFGPG	4e-05
CSSSQGLGGVYEQYFGPG	2e-05
CSSSQGLLAEQFFGPG	4e-05
CSSSQGLVYEQYFGPG	4e-05
CSSSQGMGAEQFFGPG	2e-05
CSSSQGNNQAPLFGEG	2e-05
CSSSQGNSDYTFGSG	4e-05
CSSSQGNSQDTQYFGPG	8e-05
CSSSQGPDANTGQLYFGEG	2e-05
CSSSQGPEVFFGKG	4e-05
CSSSQGPGAGRNTLYFGAG	2e-05
CSSSQGPNTEVFFGKG	2e-05
CSSSQGPRKQFFGPG	4e-05
CSSSQGQAETLYFGSG	2e-05
CSSSQGQANSDYTFGSG	2e-05
CSSSQGQFYEQYFGPG	2e-05
CSSSQGQGANTEVFFGKG	2e-05
CSSSQGQGAYEQYFGPG	2e-05
CSSSQGQGDSDYTFGSG	2e-05
CSSSQGQGERLFFGHG	2e-05
CSSSQGQGGNSPLYFGEG	2e-05
CSSSQGQGKDTQYFGPG	2e-05
CSSSQGQGNERLFFGHG	4e-05
CSSSQGQGPEVFFGKG	4e-05
CSSSQGQGQDTQYFGPG	4e-05
CSSSQGQGSYTLPLYFGEG	2e-05
CSSSQGQHTEVFFGKG	4e-05
CSSSQGQINTEVFFGKG	2e-05
CSSSQGQPNSDYTFGSG	6.000000000000001e-05
CSSSQGQQAPLFGEG	0.0001
CSSSQGQQDTQYFGPG	6.000000000000001e-05
CSSSQGQTGNTLYFGEG	2e-05
CSSSQGQTYEQYFGPG	4e-05
CSSSQGQYEQYFGPG	6.000000000000001e-05
CSSSQGRADTLYFGSG	2e-05
CSSSQGRAETLYFGSG	6.000000000000001e-05
CSSSQGRDTEVFFGKG	4e-05
CSSSQGREQYFGPG	2e-05
CSSSQGRGAGFFGKG	2e-05
CSSSQGRGAPLYFGAG	2e-05
CSSSQGRGHYFGPG	2e-05
CSSSQGRGTYEQYFGPG	4e-05
CSSSQGRGYPEQFFGPG	2e-05
CSSSQGRNTEVFFGKG	6.000000000000001e-05
CSSSQGRQNTLYFGAG	2e-05
CSSSQGRSAETLYFGSG	0.00012000000000000002
CSSSQGRTGPGNTLYFGEG	6.000000000000001e-05
CSSSQGSAETLYFGSG	6.000000000000001e-05
CSSSQGSNQAPLFGEG	6.000000000000001e-05
CSSSQGSNTGQLYFGEG	8e-05
CSSSQGSQNTLYFGAG	6.000000000000001e-05
CSSSQGSSNTEVFFGKG	2e-05
CSSSQGSYAEQFFGPG	2e-05
CSSSQGSYEQYFGPG	2e-05
CSSSQGTANTEVFFGKG	6.000000000000001e-05
CSSSQGTDANTGQLYFGEG	2e-05
CSSSQGTGANTLYFGAG	6.000000000000001e-05
CSSSQGTGDSDYTFGSG	0.0001
CSSSQGTGEEQYFGPG	4e-05
CSSSQGTGEERNTLYFGAG	2e-05
CSSSQGTGGARAEQFFGPG	2e-05
CSSSQGTGGDTQYFGPG	2e-05
CSSSQGTGGNERLFFGHG	4e-05
CSSSQGTGGNTEVFFGKG	6.000000000000001e-05
CSSSQGTGGNTGQLYFGEG	6.000000000000001e-05
CSSSQGTGGPTLYFGSG	2e-05
CSSSQGTGGQNTLYFGAG	8e-05
CSSSQGTGGSAETLYFGSG	6.000000000000001e-05
CSSSQGTGGSGNTLYFGEG	6.000000000000001e-05
CSSSQGTGGTEVFFGKG	4e-05
CSSSQGTGGVRSQNTLYFGAG	4e-05
CSSSQGTGIQDTQYFGPG	2e-05
CSSSQGTGNNQAPLFGEG	4e-05
CSSSQGTGNSDYTFGSG	2e-05
CSSSQGTGNTGQLYFGEG	2e-05
CSSSQGTGQNTLYFGAG	2e-05
CSSSQGTGSAETLYFGSG	4e-05
CSSSQGTGSETLYFGSG	2e-05
CSSSQGTGSEVFFGKG	4e-05
CSSSQGTGVSQNTLYFGAG	8e-05
CSSSQGTGYEQYFGPG	8e-05
CSSSQGTGYSDYTFGSG	6.000000000000001e-05
CSSSQGTINTEVFFGKG	2e-05
CSSSQGTLNTLYFGEG	2e-05
CSSSQGTNERLFFGHG	4e-05
CSSSQGTPETLYFGSG	2e-05
CSSSQGTPNERLFFGHG	8e-05
CSSSQGTPSGNTLYFGEG	6.000000000000001e-05
CSSSQGTRKQFFGPG	2e-05
CSSSQGTRRQFFGPG	2e-05
CSSSQGTSDYTFGSG	2e-05
CSSSQGTSKILFFGHG	8e-05
CSSSQGTSNSDYTFGSG	4e-05
CSSSQGTSSDYTFGSG	2e-05
CSSSQGTTNTEVFFGKG	2e-05
CSSSQGTYQDTQYFGPG	4e-05
CSSSQGVEQYFGPG	4e-05
CSSSQGVFSYEQYFGPG	8e-05
CSSSQGVSGNTLYFGEG	4e-05
CSSSQGWDTEVFFGKG	2e-05
CSSSQGWGNTLYFGAG	4e-05
CSSSQGWQDTQYFGPG	4e-05
CSSSQGWYTGQLYFGEG	2e-05
CSSSQGYEQYFGPG	2e-05
CSSSQGYGGGAETLYFGSG	2e-05
CSSSQGYGGSAETLYFGSG	2e-05
CSSSQGYNNQAPLFGEG	4e-05
CSSSQGYSGNTLYFGEG	4e-05
CSSSQHAEQFFGPG	4e-05
CSSSQHANTEVFFGKG	2e-05
CSSSQHGTQDTQYFGPG	6.000000000000001e-05
CSSSQHGYAEQFFGPG	6.000000000000001e-05
CSSSQHLCYEQYFGPG	4e-05
CSSSQHLDSQSPQYFGPG	4e-05
CSSSQHQNTLYFGAG	4e-05
CSSSQHRDSDYTFGSG	2e-05
CSSSQHRGAETLYFGSG	4e-05
CSSSQHRGGAAEVFFGKG	8e-05
CSSSQHSAETLYFGSG	4e-05
CSSSQHSGNTLYFGEG	2e-05
CSSSQHTASFGSG	6.000000000000001e-05
CSSSQHTEVFFGKG	2e-05
CSSSQHTHNTLYFGAG	2e-05
CSSSQHTNTGQLYFGEG	4e-05
CSSSQIGGSAETLYFGSG	6.000000000000001e-05
CSSSQIGGSSYEQYFGPG	4e-05
CSSSQIGNTGQLYFGEG	8e-05
CSSSQIGWDTEVFFGKG	2e-05
CSSSQINSGNTLYFGEG	2e-05
CSSSQIRQSNERLFFGHG	6.000000000000001e-05
CSSSQIYAEQFFGPG	4e-05
CSSSQKDRGDAEQFFGPG	0.0001
CSSSQKDRPNTEVFFGKG	0.00012000000000000002
CSSSQKDRVDAEQFFGPG	6.000000000000001e-05
CSSSQKERLFFGHG	2e-05
CSSSQKGNQDTQYFGPG	4e-05
CSSSQKGRQDTQYFGPG	8e-05
CSSSQKINYAEQFFGPG	6.000000000000001e-05
CSSSQKLGSYAEQFFGPG	2e-05
CSSSQKLGSYEQYFGPG	2e-05
CSSSQKLQNTLYFGAG	6.000000000000001e-05
CSSSQKNNTLYFGAG	8e-05
CSSSQKNTEVFFGKG	2e-05
CSSSQKNYAEQFFGPG	4e-05
CSSSQKPGANVETLYFGSG	2e-05
CSSSQKPGASAETLYFGSG	6.000000000000001e-05
CSSSQKQNSDYTFGSG	4e-05
CSSSQKSNTEVFFGKG	2e-05
CSSSQKTGGQDTQYFGPG	6.000000000000001e-05
CSSSQKTGLETLYFGSG	8e-05
CSSSQKTGTPKNYFGPG	4e-05
CSSSQKTTEVFFGKG	2e-05
CSSSQLAGCQDTQYFGPG	6.000000000000001e-05
CSSSQLAGGAGNTLYFGEG	2e-05
CSSSQLAGGGGNTLYFGEG	0.0001
CSSSQLAGVPGNTLYFGEG	2e-05
CSSSQLDTQYFGPG	6.000000000000001e-05
CSSSQLDWGGGQDTQYFGPG	4e-05
CSSSQLGAYEQYFGPG	4e-05
CSSSQLGGAEQFFGPG	4e-05
CSSSQLGGGAETLYFGSG	4e-05
CSSSQLGGGERLFFGHG	2e-05
CSSSQLGGGSYEQYFGPG	2e-05
CSSSQLGGRAETLYFGSG	8e-05
CSSSQLGQGSAETLYFGSG	8e-05
CSSSQLGSYEQYFGPG	2e-05
CSSSQLGTGPTEVFFGKG	4e-05
CSSSQLLANTEVFFGKG	4e-05
CSSSQLLSANTGQLYFGEG	2e-05
CSSSQLNSDYTFGSG	2e-05
CSSSQLPDTEVFFGKG	0.0001
CSSSQLPGVDTQYFGPG	8e-05
CSSSQLQGSPGQLYFGEG	4e-05
CSSSQLQGSTGQLYFGEG	4e-05
CSSSQLRHSYEQYFGPG	6.000000000000001e-05
CSSSQLRNTEVFFGKG	2e-05
CSSSQLRNTGQLYFGEG	2e-05
CSSSQLTENTEVFFGKG	2e-05
CSSSQLTGTYAEQFFGPG	8e-05
CSSSQLTGVDTQYFGPG	6.000000000000001e-05
CSSSQLWGNYAEQFFGPG	2e-05
CSSSQLYFGAG	2e-05
CSSSQMAEQFFGPG	6.000000000000001e-05
CSSSQMGNSGNTLYFGEG	6.000000000000001e-05
CSSSQMRNSGNTLYFGEG	2e-05
CSSSQNINTEVFFGKG	6.000000000000001e-05
CSSSQNKNTLYFGAG	2e-05
CSSSQNNAETLYFGSG	6.000000000000001e-05
CSSSQNNERLFFGHG	2e-05
CSSSQNNTEVFFGKG	2e-05
CSSSQNPDGQLYFGEG	8e-05
CSSSQNPGQNTLYFGAG	2e-05
CSSSQNPTGMEQYFGPG	4e-05
CSSSQNQDTQYFGPG	4e-05
CSSSQNRETEVFFGKG	2e-05
CSSSQNRGDEQYFGPG	8e-05
CSSSQNRGDERLFFGHG	4e-05
CSSSQNRNSYNSPLYFGEG	2e-05
CSSSQNRVAETLYFGSG	2e-05
CSSSQNSGNTLYFGEG	4e-05
CSSSQNSQNTLYFGAG	8e-05
CSSSQNTEVFFGKG	4e-05
CSSSQNTLYFGAG	8e-05
CSSSQNWAYEQYFGPG	4e-05
CSSSQNWDYEQYFGPG	8e-05
CSSSQNWGDTQYFGPG	4e-05
CSSSQNYAEQFFGPG	4e-05
CSSSQPADNTGQLYFGEG	2e-05
CSSSQPDQDTQYFGPG	4e-05
CSSSQPDWAYEQYFGPG	4e-05
CSSSQPDWGGDEQYFGPG	6.000000000000001e-05
CSSSQPDWGGEQYFGPG	4e-05
CSSSQPEGWTEVFFGKG	6.000000000000001e-05
CSSSQPGGAETLYFGSG	2e-05
CSSSQPGGDQDTQYFGPG	2e-05
CSSSQPGGGQDTQYFGPG	2e-05
CSSSQPGGNTLYFGAG	6.000000000000001e-05
CSSSQPGHGDTQYFGPG	6.000000000000001e-05
CSSSQPGKGTGQLYFGEG	0.00012000000000000002
CSSSQPGLGEDTQYFGPG	2e-05
CSSSQPGLGGRQNTLYFGAG	6.000000000000001e-05
CSSSQPGLGGSQNTLYFGAG	6.000000000000001e-05
CSSSQPGLGQDTQYFGPG	0.0001
CSSSQPGLQDTQYFGPG	4e-05
CSSSQPGQAEVFFGKG	4e-05
CSSSQPGQGADTQYFGPG	2e-05
CSSSQPGQGDTQYFGPG	6.000000000000001e-05
CSSSQPGQGTETLYFGSG	4e-05
CSSSQPGQGTGQLYFGEG	2e-05
CSSSQPGQNTLYFGAG	4e-05
CSSSQPGQRTLYFGAG	2e-05
CSSSQPGRGTGQLYFGEG	8e-05
CSSSQPGTGQYEQYFGPG	8e-05
CSSSQPIQNTLYFGAG	4e-05
CSSSQPNAEQFFGPG	2e-05
CSSSQPQGWTEVFFGKG	4e-05
CSSSQPRAETLYFGSG	2e-05
CSSSQPRQNTLYFGAG	6.000000000000001e-05
CSSSQPSGGTQDTQYFGPG	4e-05
CSSSQPSLNCSFVCNERLFFGHG	2e-05
CSSSQPTFYEQYFGPG	8e-05
CSSSQPTGSNTEVFFGKG	2e-05
CSSSQPTTNTEVFFGKG	2e-05
CSSSQPTYEQYFGPG	4e-05
CSSSQQANSDYTFGSG	0.0001
CSSSQQAPLFGEG	2e-05
CSSSQQAVDNQAPLFGEG	4e-05
CSSSQQAWGAEQYFGPG	8e-05
CSSSQQAWRNYAEQFFGPG	4e-05
CSSSQQDSDYTFGSG	4e-05
CSSSQQDTQYFGPG	4e-05
CSSSQQDWGHYAEQFFGPG	6.000000000000001e-05
CSSSQQDWGNYAEQFFGPG	2e-05
CSSSQQEDTQYFGPG	4e-05
CSSSQQENTEVFFGKG	2e-05
CSSSQQFFGPG	4e-05
CSSSQQGAAEVFFGKG	2e-05
CSSSQQGAATGQLYFGEG	2e-05
CSSSQQGADTLYFGAG	6.000000000000001e-05
CSSSQQGALAEQFFGPG	2e-05
CSSSQQGANSDYTFGSG	2e-05
CSSSQQGAREQYFGPG	8e-05
CSSSQQGATEQFFGPG	4e-05
CSSSQQGAVFFGKG	4e-05
CSSSQQGGATEVFFGKG	4e-05
CSSSQQGGDTQYFGPG	4e-05
CSSSQQGGEQFFGPG	6.000000000000001e-05
CSSSQQGGEQYFGPG	4e-05
CSSSQQGGNTEVFFGKG	6.000000000000001e-05
CSSSQQGGQNTLYFGAG	4e-05
CSSSQQGGSDYTFGSG	2e-05
CSSSQQGNSYEQYFGPG	6.000000000000001e-05
CSSSQQGNTEVFFGKG	2e-05
CSSSQQGQGNERLFFGHG	6.000000000000001e-05
CSSSQQGRGNSDYTFGSG	4e-05
CSSSQQGRGTGQLYFGEG	4e-05
CSSSQQGRNTQYFGPG	4e-05
CSSSQQGSAETLYFGSG	0.00012000000000000002
CSSSQQGSGNTLYFGEG	4e-05
CSSSQQGSSDYTFGSG	2e-05
CSSSQQGTETLYFGSG	4e-05
CSSSQQGTQDTQYFGPG	4e-05
CSSSQQGVDTQYFGPG	6.000000000000001e-05
CSSSQQGYEQYFGPG	0.00016
CSSSQQINYAEQFFGPG	6.000000000000001e-05
CSSSQQISNERLFFGHG	2e-05
CSSSQQLDEQYFGPG	4e-05
CSSSQQLGDPLYFGAG	4e-05
CSSSQQNQDTQYFGPG	4e-05
CSSSQQPEVFFGKG	4e-05
CSSSQQPGTYAEQFFGPG	4e-05
CSSSQQQAPQYFGPG	6.000000000000001e-05
CSSSQQQGREVFFGKG	6.000000000000001e-05
CSSSQQSDYTFGSG	2e-05
CSSSQQSNTEVFFGKG	2e-05
CSSSQQSQIASQNTLYFGAG	2e-05
CSSSQQTGGYEQYFGPG	4e-05
CSSSQQTNTEVFFGKG	4e-05
CSSSQQTNTGQLYFGEG	0.0001
CSSSQQVNYAEQFFGPG	4e-05
CSSSQQVSGNTLYFGEG	2e-05
CSSSQQVYEQYFGPG	2e-05
CSSSQQWGGAAETLYFGSG	6.000000000000001e-05
CSSSQQYEQYFGPG	6.000000000000001e-05
CSSSQQYNYAEQFFGPG	4e-05
CSSSQRANSDYTFGSG	2e-05
CSSSQRDINTGQLYFGEG	6.000000000000001e-05
CSSSQRDNYAEQFFGPG	8e-05
CSSSQRDRDNSPLYFGEG	8e-05
CSSSQRDREDTQYFGPG	6.000000000000001e-05
CSSSQRDRGPAEQFFGPG	4e-05
CSSSQRDRNTGQLYFGEG	8e-05
CSSSQRDRVGEQYFGPG	2e-05
CSSSQRDSYEQYFGPG	4e-05
CSSSQRDTEVFFGKG	4e-05
CSSSQRDWCYAEQFFGPG	2e-05
CSSSQREDTEVFFGKG	4e-05
CSSSQREENTEVFFGKG	8e-05
CSSSQREGNSDYTFGSG	6.000000000000001e-05
CSSSQREGTEVFFGKG	2e-05
CSSSQRESQDTQYFGPG	4e-05
CSSSQRGAETLYFGSG	4e-05
CSSSQRGDTEVFFGKG	6.000000000000001e-05
CSSSQRGGASKDTQYFGPG	4e-05
CSSSQRGGASPDTQYFGPG	4e-05
CSSSQRGGASQDTQYFGPG	2e-05
CSSSQRGGQDTQYFGPG	4e-05
CSSSQRGNTEVFFGKG	4e-05
CSSSQRGQSGNTLYFGEG	2e-05
CSSSQRGRSYAEQFFGPG	6.000000000000001e-05
CSSSQRGSQDTQYFGPG	2e-05
CSSSQRGSSNSPLYFGEG	2e-05
CSSSQRGTNSDYTFGSG	4e-05
CSSSQRISYSSPLYFGEG	6.000000000000001e-05
CSSSQRLANPNTLYFGAG	2e-05
CSSSQRLANQNTLYFGAG	4e-05
CSSSQRLASQNTLYFGAG	2e-05
CSSSQRLFFGHG	4e-05
CSSSQRLGQNTLYFGAG	4e-05
CSSSQRLGYEQYFGPG	4e-05
CSSSQRLNTGQLYFGEG	6.000000000000001e-05
CSSSQRNKNAEQFFGPG	0.0001
CSSSQRNNYAEQFFGPG	2e-05
CSSSQRPGNTGQLYFGEG	2e-05
CSSSQRPGPTEVFFGKG	4e-05
CSSSQRPGTNERLFFGHG	6.000000000000001e-05
CSSSQRQDNQDTQYFGPG	8e-05
CSSSQRQDTQYFGPG	4e-05
CSSSQRQNTGQLYFGEG	4e-05
CSSSQRQTTGQLYFGEG	2e-05
CSSSQRRTSYAEQFFGPG	2e-05
CSSSQRSNERLFFGHG	4e-05
CSSSQRSNSGNTLYFGEG	2e-05
CSSSQRSRFFGKG	6.000000000000001e-05
CSSSQRTANTEVFFGKG	6.000000000000001e-05
CSSSQRTDSGNTLYFGEG	2e-05
CSSSQRTDTEVFFGKG	0.0001
CSSSQRTGATEVFFGKG	4e-05
CSSSQRTGDNQAPLFGEG	8e-05
CSSSQRTGFGNSVFFGEG	2e-05
CSSSQRTGGANTGQLYFGEG	6.000000000000001e-05
CSSSQRTGGNEQYFGPG	2e-05
CSSSQRTGGYAEQFFGPG	6.000000000000001e-05
CSSSQRTGGYEQYFGPG	0.00012000000000000002
CSSSQRTGPIEVFFGKG	8e-05
CSSSQRTGPPEVFFGKG	4e-05
CSSSQRTGPTDAFFGPG	2e-05
CSSSQRTGPTEVFFGKG	4e-05
CSSSQRTGTTEVFFGKG	2e-05
CSSSQRTPETLYFGSG	4e-05
CSSSQRWGSAETLYFGSG	8e-05
CSSSQSAASYEQYFGPG	6.000000000000001e-05
CSSSQSADNQAPLFGEG	4e-05
CSSSQSAEQFFGPG	4e-05
CSSSQSAERNSPLYFGEG	2e-05
CSSSQSAETLYFGSG	4e-05
CSSSQSAEVFFGKG	4e-05
CSSSQSAFNQDTQYFGPG	2e-05
CSSSQSAGGADYTFGSG	6.000000000000001e-05
CSSSQSAGGPDTQYFGPG	4e-05
CSSSQSAGGQDTQYFGPG	8e-05
CSSSQSAGGRDTQYFGPG	2e-05
CSSSQSAGGRSDYTFGSG	2e-05
CSSSQSAGGSDYTFGSG	2e-05
CSSSQSAGKNQAPLFGEG	4e-05
CSSSQSAGNNQAPLFGEG	6.000000000000001e-05
CSSSQSAGNTGQLYFGEG	0.0001
CSSSQSAGQANTGQLYFGEG	4e-05
CSSSQSAGQGNTGQLYFGEG	6.000000000000001e-05
CSSSQSAGRISPLYFGEG	2e-05
CSSSQSAGRNSPLYFGEG	6.000000000000001e-05
CSSSQSAGRNSSLYFGEG	6.000000000000001e-05
CSSSQSAGTNKDTQYFGPG	2e-05
CSSSQSAGTNQDTQYFGPG	6.000000000000001e-05
CSSSQSAGYEQYFGPG	4e-05
CSSSQSAGYTEVFFGKG	6.000000000000001e-05
CSSSQSAHTLYFGAG	4e-05
CSSSQSANSDYTFGSG	4e-05
CSSSQSANTEVFFGKG	6.000000000000001e-05
CSSSQSANTLYFGAG	4e-05
CSSSQSAQGATGQLYFGEG	0.0001
CSSSQSAQNERLFFGHG	2e-05
CSSSQSAREGQYFGPG	0.0001
CSSSQSARFRAETLYFGSG	8e-05
CSSSQSARFSAETLYFGSG	0.0001
CSSSQSARGEDTQYFGPG	4e-05
CSSSQSASNYAEQFFGPG	2e-05
CSSSQSASSYEQYFGPG	4e-05
CSSSQSATYEQYFGPG	2e-05
CSSSQSAWGQDTQYFGPG	6.000000000000001e-05
CSSSQSAWRISPLYFGEG	0.00012000000000000002
CSSSQSCGGERLFFGHG	0.0001
CSSSQSDFYEQYFGPG	4e-05
CSSSQSDGGVDEQYFGPG	8e-05
CSSSQSDGSSYEQYFGPG	4e-05
CSSSQSDIYEQYFGPG	2e-05
CSSSQSDNTEVFFGKG	8e-05
CSSSQSDPNTEVFFGKG	4e-05
CSSSQSDRSQNTLYFGAG	2e-05
CSSSQSDRVDEQYFGPG	4e-05
CSSSQSDTGQLYFGEG	2e-05
CSSSQSDTQYFGPG	6.000000000000001e-05
CSSSQSDWGGYQDTQYFGPG	2e-05
CSSSQSEDRNERLFFGHG	2e-05
CSSSQSEDTEVFFGKG	6.000000000000001e-05
CSSSQSEDTQYFGPG	2e-05
CSSSQSEGAEVFFGKG	4e-05
CSSSQSEGGGQYFGPG	8e-05
CSSSQSEGKDTQYFGPG	4e-05
CSSSQSEGKGPYEQYFGPG	2e-05
CSSSQSEGQNTLYFGAG	4e-05
CSSSQSEGRSQNTLYFGAG	0.0001
CSSSQSEGYEQYFGPG	6.000000000000001e-05
CSSSQSEMGYAEQFFGPG	4e-05
CSSSQSENTPLYFGEG	6.000000000000001e-05
CSSSQSEQFFGPG	8e-05
CSSSQSEREVFFGKG	2e-05
CSSSQSETLYFGSG	6.000000000000001e-05
CSSSQSEVFFGKG	2e-05
CSSSQSFANTEVFFGKG	6.000000000000001e-05
CSSSQSFFLLFFGKG	4e-05
CSSSQSFGPG	6.000000000000001e-05
CSSSQSFGSHTLYFGAG	4e-05
CSSSQSFGTGRNERLFFGHG	4e-05
CSSSQSFKNTEVFFGKG	2e-05
CSSSQSFNQDTQYFGPG	0.00014000000000000001
CSSSQSFQGGTEVFFGKG	8e-05
CSSSQSFSQNTLYFGAG	4e-05
CSSSQSGAEQFFGPG	4e-05
CSSSQSGAETLYFGSG	4e-05
CSSSQSGAEVFFGKG	4e-05
CSSSQSGANTEVFFGKG	4e-05
CSSSQSGANTGQLYFGEG	6.000000000000001e-05
CSSSQSGAPETLYFGSG	6.000000000000001e-05
CSSSQSGARDTQYFGPG	2e-05
CSSSQSGATTLYFGAG	8e-05
CSSSQSGDEQFFGPG	4e-05
CSSSQSGDEQYFGPG	4e-05
CSSSQSGDGGEMPLYFGEG	8e-05
CSSSQSGDHTEVFFGKG	4e-05
CSSSQSGDQYFGPG	4e-05
CSSSQSGDRVAEVFFGKG	6.000000000000001e-05
CSSSQSGDSAETLYFGSG	6.000000000000001e-05
CSSSQSGDSYEQYFGPG	8e-05
CSSSQSGDTEVFFGKG	4e-05
CSSSQSGEEVFFGKG	0.0001
CSSSQSGEQYFGPG	2e-05
CSSSQSGESSYEQYFGPG	6.000000000000001e-05
CSSSQSGGAGGQYFGPG	4e-05
CSSSQSGGAHDTQYFGPG	0.0001
CSSSQSGGDPEVFFGKG	0.0001
CSSSQSGGDTEVFFGKG	0.0001
CSSSQSGGERLFFGHG	2e-05
CSSSQSGGEVFFGKG	4e-05
CSSSQSGGGAIQNTLYFGAG	2e-05
CSSSQSGGGDTQYFGPG	4e-05
CSSSQSGGGERLFFGHG	4e-05
CSSSQSGGGGTEVFFGKG	4e-05
CSSSQSGGGNERLFFGHG	4e-05
CSSSQSGGGNTGQLYFGEG	4e-05
CSSSQSGGGTSQNTLYFGAG	2e-05
CSSSQSGGKDTQYFGPG	4e-05
CSSSQSGGLNERLFFGHG	2e-05
CSSSQSGGNNQAPLFGEG	4e-05
CSSSQSGGNQDTQYFGPG	6.000000000000001e-05
CSSSQSGGNTEVFFGKG	4e-05
CSSSQSGGNTGQLYFGEG	0.0001
CSSSQSGGNYAEQFFGPG	2e-05
CSSSQSGGPPDTQYFGPG	0.0001
CSSSQSGGQDTQYFGPG	8e-05
CSSSQSGGSRETLYFGSG	4e-05
CSSSQSGGSYEQYFGPG	6.000000000000001e-05
CSSSQSGGSYNSPLYFGEG	6.000000000000001e-05
CSSSQSGGTEVFFGKG	2e-05
CSSSQSGGTGNTGQLYFGEG	6.000000000000001e-05
CSSSQSGGTSDYTFGSG	2e-05
CSSSQSGGYEQYFGPG	6.000000000000001e-05
CSSSQSGGYNSPLYFGEG	4e-05
CSSSQSGGYQDTQYFGPG	2e-05
CSSSQSGGYTSPLYFGEG	2e-05
CSSSQSGHFSNERLFFGHG	2e-05
CSSSQSGHTEVFFGKG	8e-05
CSSSQSGIRDTQYFGPG	2e-05
CSSSQSGKEQYFGPG	4e-05
CSSSQSGKGNTLYFGEG	4e-05
CSSSQSGLASQNTLYFGAG	8e-05
CSSSQSGLGGAETLYFGSG	6.000000000000001e-05
CSSSQSGLGVYAEQFFGPG	4e-05
CSSSQSGMGAETLYFGSG	4e-05
CSSSQSGNNQDTQYFGPG	4e-05
CSSSQSGNSGNTLYFGEG	4e-05
CSSSQSGNTGQLYFGEG	2e-05
CSSSQSGNTLYFGEG	4e-05
CSSSQSGNYANTLYFGEG	6.000000000000001e-05
CSSSQSGPGNYAEQFFGPG	4e-05
CSSSQSGPSNTEVFFGKG	2e-05
CSSSQSGQAKDEKEYFGPG	2e-05
CSSSQSGQAKGETLYFGSG	2e-05
CSSSQSGQANAETLYFGSG	4e-05
CSSSQSGQETLYFGSG	2e-05
CSSSQSGQFRNSDYTFGSG	2e-05
CSSSQSGQGATGQLYFGEG	2e-05
CSSSQSGQGAYAEQFFGPG	2e-05
CSSSQSGQGDTEVFFGKG	2e-05
CSSSQSGQGDTGQLYFGEG	4e-05
CSSSQSGQGDTQYFGPG	2e-05
CSSSQSGQGPNSDYTFGSG	2e-05
CSSSQSGQGRERLFFGHG	2e-05
CSSSQSGQGRNTLYFGEG	4e-05
CSSSQSGQGSAETLYFGSG	2e-05
CSSSQSGQGSKAEQYFGPG	8e-05
CSSSQSGQGTNERLFFGHG	4e-05
CSSSQSGQGYSDYTFGSG	6.000000000000001e-05
CSSSQSGQKNTGQLYFGEG	4e-05
CSSSQSGQLYFGEG	6.000000000000001e-05
CSSSQSGQNTGQLYFGEG	2e-05
CSSSQSGQRQNTLYFGAG	2e-05
CSSSQSGQSAETLYFGSG	8e-05
CSSSQSGQSSAETLYFGSG	2e-05
CSSSQSGQTSAETLYFGSG	0.0001
CSSSQSGQYFGPG	4e-05
CSSSQSGQYNSPLYFGEG	4e-05
CSSSQSGRANTEVFFGKG	6.000000000000001e-05
CSSSQSGREQYFGPG	6.000000000000001e-05
CSSSQSGRNTLYFGEG	6.000000000000001e-05
CSSSQSGSDTQYFGPG	8e-05
CSSSQSGSDYTFGSG	0.0001
CSSSQSGSNQVFFGKG	6.000000000000001e-05
CSSSQSGSQDTQYFGPG	2e-05
CSSSQSGTANTEVFFGKG	2e-05
CSSSQSGTDPYFGPG	4e-05
CSSSQSGTENTLYFGAG	2e-05
CSSSQSGTGDAEQFFGPG	4e-05
CSSSQSGTGHTEVFFGKG	2e-05
CSSSQSGTGKGGQLYFGEG	0.00012000000000000002
CSSSQSGTGNQAPLFGEG	4e-05
CSSSQSGTGYAEQFFGPG	4e-05
CSSSQSGTLSNERLFFGHG	4e-05
CSSSQSGTTGQLYFGEG	2e-05
CSSSQSGTTQDTQYFGPG	2e-05
CSSSQSGVSQNTLYFGAG	2e-05
CSSSQSGVTEVFFGKG	2e-05
CSSSQSGWDSYEQYFGPG	0.0001
CSSSQSGWGTYEQYFGPG	6.000000000000001e-05
CSSSQSGWHDTQYFGPG	4e-05
CSSSQSGWPPDTQYFGPG	4e-05
CSSSQSGWQDTQYFGPG	6.000000000000001e-05
CSSSQSGWRTYEQYFGPG	0.0001
CSSSQSGYEQYFGPG	4e-05
CSSSQSHGDQDTQYFGPG	8e-05
CSSSQSHGVQDTQYFGPG	0.0001
CSSSQSHIYAEQFFGPG	8e-05
CSSSQSHKGQVFFGKG	4e-05
CSSSQSHKNYAEQFFGPG	6.000000000000001e-05
CSSSQSHRNERLFFGHG	4e-05
CSSSQSHRVAEQFFGPG	4e-05
CSSSQSHSANTEVFFGKG	6.000000000000001e-05
CSSSQSHSDYTFGSG	2e-05
CSSSQSHSNQDTQYFGPG	6.000000000000001e-05
CSSSQSHTEVFFGKG	6.000000000000001e-05
CSSSQSHTGQLYFGEG	8e-05
CSSSQSHTNERLFFGHG	4e-05
CSSSQSIGVSGNTLYFGEG	4e-05
CSSSQSINERLFFGHG	4e-05
CSSSQSINQDTQYFGPG	0.00012000000000000002
CSSSQSIQSQNTLYFGAG	4e-05
CSSSQSITEEVFFGKG	6.000000000000001e-05
CSSSQSIWAQDTQYFGPG	0.0001
CSSSQSIWGLYEQYFGPG	6.000000000000001e-05
CSSSQSKADANSDYTFGSG	2e-05
CSSSQSKGARAETLYFGSG	4e-05
CSSSQSKGPSAETLYFGSG	4e-05
CSSSQSKGQGANTGQLYFGEG	6.000000000000001e-05
CSSSQSKGQGASTGQLYFGEG	6.000000000000001e-05
CSSSQSKGRQDTQYFGPG	8e-05
CSSSQSKGVSDYTFGSG	2e-05
CSSSQSKTEVFFGKG	4e-05
CSSSQSLANQDTQYFGPG	0.0001
CSSSQSLASQDTQYFGPG	2e-05
CSSSQSLDNHNTQYFGPG	2e-05
CSSSQSLDNQAPLFGEG	6.000000000000001e-05
CSSSQSLDNQDTQYFGPG	4e-05
CSSSQSLDSTDTQYFGPG	0.00012000000000000002
CSSSQSLDTNDTQYFGPG	4e-05
CSSSQSLDTQDTQYFGPG	4e-05
CSSSQSLEKQDTQYFGPG	4e-05
CSSSQSLENQDTQYFGPG	6.000000000000001e-05
CSSSQSLGAYEQYFGPG	4e-05
CSSSQSLGDSDYTFGSG	2e-05
CSSSQSLGDYAEQFFGPG	6.000000000000001e-05
CSSSQSLGGLAEQFFGPG	4e-05
CSSSQSLGGNTLYFGAG	0.0001
CSSSQSLGLGAEQFFGPG	0.0001
CSSSQSLGNQDTQYFGPG	4e-05
CSSSQSLGQNQAPLFGEG	0.0001
CSSSQSLGSSYEQYFGPG	4e-05
CSSSQSLGTRDTQYFGPG	4e-05
CSSSQSLGVQDTQYFGPG	2e-05
CSSSQSLGVYEQYFGPG	6.000000000000001e-05
CSSSQSLHNQDTQYFGPG	6.000000000000001e-05
CSSSQSLNNQDTQYFGPG	4e-05
CSSSQSLRDSDYTFGSG	4e-05
CSSSQSLSSDYTFGSG	6.000000000000001e-05
CSSSQSLVNQDTQYFGPG	2e-05
CSSSQSLVTYAEQFFGPG	0.0001
CSSSQSLYFGAG	6.000000000000001e-05
CSSSQSLYFGSG	8e-05
CSSSQSMAVYEQYFGPG	4e-05
CSSSQSMGQDERLFFGHG	4e-05
CSSSQSMGQGNEQYFGPG	2e-05
CSSSQSMGSQNTLYFGAG	2e-05
CSSSQSMQGDTQYFGPG	0.0001
CSSSQSNERLFFGHG	6.000000000000001e-05
CSSSQSNIYAEQFFGPG	6.000000000000001e-05
CSSSQSNNQAPLFGEG	2e-05
CSSSQSNNYAEQFFGPG	2e-05
CSSSQSNQAPLFGEG	4e-05
CSSSQSNQDNNQAPLFGEG	2e-05
CSSSQSNRGAQDTQYFGPG	4e-05
CSSSQSNRGERLFFGHG	2e-05
CSSSQSNRGHEQYFGPG	2e-05
CSSSQSNSAETLYFGSG	6.000000000000001e-05
CSSSQSNSPDTQYFGPG	2e-05
CSSSQSNSQDTQYFGPG	4e-05
CSSSQSNSTDTQYFGPG	2e-05
CSSSQSNTEVFFGKG	6.000000000000001e-05
CSSSQSNTLYFGAG	0.00012000000000000002
CSSSQSPDSEQYFGPG	2e-05
CSSSQSPGDSDYTFGSG	4e-05
CSSSQSPGGGQNTLYFGAG	2e-05
CSSSQSPGGYEQYFGPG	4e-05
CSSSQSPGHQDTQYFGPG	0.0001
CSSSQSPGKAEVFFGKG	2e-05
CSSSQSPGNTEVFFGKG	8e-05
CSSSQSPGRTSPLYFGEG	4e-05
CSSSQSPGSAETLYFGSG	0.0001
CSSSQSPGWAEQFFGPG	6.000000000000001e-05
CSSSQSPNSDYTFGSG	6.000000000000001e-05
CSSSQSPNSQNTLYFGAG	6.000000000000001e-05
CSSSQSPNTEVFFGKG	8e-05
CSSSQSPPDVFFGKG	4e-05
CSSSQSPPEVFFGKG	2e-05
CSSSQSPQNTLYFGAG	6.000000000000001e-05
CSSSQSPSAETLYFGSG	2e-05
CSSSQSPSCKKRNTEVFFGKG	4e-05
CSSSQSPSQNTLYFGAG	4e-05
CSSSQSPSSYNSPLYFGEG	2e-05
CSSSQSPSYAEQFFGPG	4e-05
CSSSQSPTDETLYFGSG	4e-05
CSSSQSPTEETLYFGSG	6.000000000000001e-05
CSSSQSQAKDAFFGKG	0.0001
CSSSQSQANSDYTFGSG	4e-05
CSSSQSQANTEVFFGKG	0.00012000000000000002
CSSSQSQDTQDTQYFGPG	4e-05
CSSSQSQDTQYFGPG	4e-05
CSSSQSQFFGPG	6.000000000000001e-05
CSSSQSQGDTLYFGAG	8e-05
CSSSQSQGETLYFGSG	4e-05
CSSSQSQGKAEVFFGKG	0.00012000000000000002
CSSSQSQGNTLYFGAG	0.00012000000000000002
CSSSQSQLGGRGAETLYFGSG	2e-05
CSSSQSQMGYAEQFFGPG	4e-05
CSSSQSQNQDTQYFGPG	4e-05
CSSSQSQNTLYFGAG	2e-05
CSSSQSQPNSDYTFGSG	4e-05
CSSSQSQQTAVFFGKG	0.00012000000000000002
CSSSQSQQTEVFFGKG	8e-05
CSSSQSQVANSDYTFGSG	6.000000000000001e-05
CSSSQSRADTQYFGPG	2e-05
CSSSQSRAETLYFGSG	4e-05
CSSSQSRAEVFFGKG	4e-05
CSSSQSRAGGANERLFFGHG	6.000000000000001e-05
CSSSQSRAIQDTQYFGPG	4e-05
CSSSQSRDIQDTQYFGPG	0.0001
CSSSQSRDNQDTQYFGPG	8e-05
CSSSQSRDRDSAETLYFGSG	4e-05
CSSSQSRDSSNSDYTFGSG	6.000000000000001e-05
CSSSQSREGTLYFGAG	2e-05
CSSSQSRGANNQAPLFGEG	6.000000000000001e-05
CSSSQSRGANTGQLYFGEG	2e-05
CSSSQSRGAPLFGEG	6.000000000000001e-05
CSSSQSRGAQDTQYFGPG	2e-05
CSSSQSRGASNSDYTFGSG	4e-05
CSSSQSRGDEQYFGPG	6.000000000000001e-05
CSSSQSRGDQDTQYFGPG	6.000000000000001e-05
CSSSQSRGDTEVFFGKG	6.000000000000001e-05
CSSSQSRGFVFFGKG	2e-05
CSSSQSRGGNTEVFFGKG	0.00014000000000000001
CSSSQSRGIPFFGKG	4e-05
CSSSQSRGIVFFGKG	4e-05
CSSSQSRGNTEVFFGKG	4e-05
CSSSQSRGQDTQYFGPG	4e-05
CSSSQSRGQESAETLYFGSG	2e-05
CSSSQSRGREQYFGPG	6.000000000000001e-05
CSSSQSRGRGAEQFFGPG	2e-05
CSSSQSRGRGGEQFFGPG	4e-05
CSSSQSRGRHTLYFGAG	8e-05
CSSSQSRGRYAEQFFGPG	6.000000000000001e-05
CSSSQSRGTGNYEQYFGPG	6.000000000000001e-05
CSSSQSRGTGYYEQYFGPG	6.000000000000001e-05
CSSSQSRHQNTLYFGAG	4e-05
CSSSQSRIAEQFFGPG	2e-05
CSSSQSRIGSLQNTLYFGAG	2e-05
CSSSQSRISNERLFFGHG	2e-05
CSSSQSRKEQYFGPG	2e-05
CSSSQSRLGDQNTLYFGAG	6.000000000000001e-05
CSSSQSRNSDYTFGSG	2e-05
CSSSQSRNSPLYFGEG	8e-05
CSSSQSRNTEVFFGKG	6.000000000000001e-05
CSSSQSRNTGQLYFGEG	2e-05
CSSSQSRNTLYFGAG	6.000000000000001e-05
CSSSQSRPNTEVFFGKG	8e-05
CSSSQSRQGGLFFGHG	4e-05
CSSSQSRQQNTLYFGAG	2e-05
CSSSQSRRAEQFFGPG	4e-05
CSSSQSRRHYAEQFFGPG	2e-05
CSSSQSRSAETLYFGSG	0.0001
CSSSQSRSSYNSPLYFGEG	2e-05
CSSSQSRSYTSPLYFGEG	2e-05
CSSSQSRTDQDTQYFGPG	4e-05
CSSSQSRTGDEQYFGPG	2e-05
CSSSQSRTGFSEQYFGPG	6.000000000000001e-05
CSSSQSRTGFYEQYFGPG	6.000000000000001e-05
CSSSQSRTGGEQYFGPG	8e-05
CSSSQSRVAPLFGEG	4e-05
CSSSQSRVNQDTQYFGPG	6.000000000000001e-05
CSSSQSSAETLYFGSG	2e-05
CSSSQSSDTGQLYFGEG	4e-05
CSSSQSSGAQSHAVFFGKG	0.0001
CSSSQSSGKDTQYFGPG	4e-05
CSSSQSSGNTLYFGEG	0.00014000000000000001
CSSSQSSGTDTQYFGPG	0.00012000000000000002
CSSSQSSGTGSAEQFFGPG	8e-05
CSSSQSSPTGQLYFGEG	2e-05
CSSSQSSQGGSNSDYTFGSG	6.000000000000001e-05
CSSSQSSQNTLYFGAG	2e-05
CSSSQSSQQDTQYFGPG	4e-05
CSSSQSSSAETLYFGSG	4e-05
CSSSQSSSQNTLYFGAG	6.000000000000001e-05
CSSSQSSSYNSPLYFGEG	8e-05
CSSSQSSVAETLYFGSG	4e-05
CSSSQSSYEQYFGPG	6.000000000000001e-05
CSSSQSTAEVFFGKG	6.000000000000001e-05
CSSSQSTAGNTLYFGEG	0.00012000000000000002
CSSSQSTANSDYTFGSG	0.00012000000000000002
CSSSQSTAREVFFGKG	2e-05
CSSSQSTERAETLYFGSG	4e-05
CSSSQSTGAGDTQYFGPG	0.00012000000000000002
CSSSQSTGAPDYTFGSG	4e-05
CSSSQSTGGDEQYFGPG	4e-05
CSSSQSTGGGQNTLYFGAG	2e-05
CSSSQSTGGNEQYFGPG	4e-05
CSSSQSTGGRAQYFGPG	2e-05
CSSSQSTGGREQYFGPG	4e-05
CSSSQSTGGSDYTFGSG	4e-05
CSSSQSTGGYEQYFGPG	4e-05
CSSSQSTGIAEQFFGPG	0.0001
CSSSQSTGKDTQYFGPG	6.000000000000001e-05
CSSSQSTGNTGQLYFGEG	6.000000000000001e-05
CSSSQSTGRAETLYFGSG	2e-05
CSSSQSTGSAETLYFGSG	0.0001
CSSSQSTGTGSPLYFGEG	2e-05
CSSSQSTGVSDYTFGSG	0.0001
CSSSQSTKEVFFGKG	2e-05
CSSSQSTLANTEVFFGKG	4e-05
CSSSQSTNSPLYFGEG	6.000000000000001e-05
CSSSQSTNTEVFFGKG	6.000000000000001e-05
CSSSQSTNTLYFGAG	0.0001
CSSSQSTQYEQYFGPG	2e-05
CSSSQSTQYFGPG	0.0001
CSSSQSTRGEQYFGPG	6.000000000000001e-05
CSSSQSTRGQDTQYFGPG	0.0001
CSSSQSTSDYTFGSG	4e-05
CSSSQSTTEVFFGKG	2e-05
CSSSQSTTSPLYFGEG	4e-05
CSSSQSTTYEQYFGPG	2e-05
CSSSQSTVNERLFFGHG	2e-05
CSSSQSTVSSYEQYFGPG	6.000000000000001e-05
CSSSQSTWGGSAETLYFGSG	2e-05
CSSSQSVAGGAETLYFGSG	2e-05
CSSSQSVGGENTLYFGAG	6.000000000000001e-05
CSSSQSVGGGEQYFGPG	4e-05
CSSSQSVGQQDTQYFGPG	2e-05
CSSSQSVHPAETLYFGSG	6.000000000000001e-05
CSSSQSVPPAETLYFGSG	2e-05
CSSSQSVQSSAETLYFGSG	4e-05
CSSSQSVSSDYTFGSG	4e-05
CSSSQSWDDSDYTFGSG	4e-05
CSSSQSWDQDTQYFGPG	4e-05
CSSSQSWDTEVFFGKG	8e-05
CSSSQSWDWGYEQYFGPG	2e-05
CSSSQSWDYAEQFFGPG	4e-05
CSSSQSWEETLYFGSG	4e-05
CSSSQSWEGRAETLYFGSG	6.000000000000001e-05
CSSSQSWGAGGTEVFFGKG	4e-05
CSSSQSWGAHAEQFFGPG	2e-05
CSSSQSWGDYAEQFFGPG	8e-05
CSSSQSWGGAETLYFGSG	4e-05
CSSSQSWGNTGQLYFGEG	4e-05
CSSSQSWGQDTQYFGPG	6.000000000000001e-05
CSSSQSWGRQDTQYFGPG	0.0001
CSSSQSWGSDYTFGSG	6.000000000000001e-05
CSSSQSWGSQNTLYFGAG	0.00012000000000000002
CSSSQSWGYAEQFFGPG	6.000000000000001e-05
CSSSQSWGYTGQLYFGEG	6.000000000000001e-05
CSSSQSWNQDTQYFGPG	4e-05
CSSSQSWNSDYTFGSG	4e-05
CSSSQSWNTEVFFGKG	6.000000000000001e-05
CSSSQSWTEVFFGKG	6.000000000000001e-05
CSSSQSWWGARAETLYFGSG	2e-05
CSSSQSWWGASAETLYFGSG	4e-05
CSSSQSYAEFFGPG	4e-05
CSSSQSYAEQFFGPG	6.000000000000001e-05
CSSSQSYAPGYTGQLYFGEG	8e-05
CSSSQSYAVFFGKG	4e-05
CSSSQSYEQYFGPG	2e-05
CSSSQSYFGPG	4e-05
CSSSQSYSYAEQFFGPG	4e-05
CSSSQSYTEVFFGKG	2e-05
CSSSQTADTQYFGPG	4e-05
CSSSQTAEQFFGPG	4e-05
CSSSQTANQDTQYFGPG	4e-05
CSSSQTANSDYTFGSG	0.0001
CSSSQTANSGNTLYFGEG	8e-05
CSSSQTANTEVFFGKG	4e-05
CSSSQTDKDTQYFGPG	8e-05
CSSSQTDQDTQYFGPG	4e-05
CSSSQTDRGNSDYTFGSG	2e-05
CSSSQTDYEQYFGPG	4e-05
CSSSQTGAETLYFGSG	0.0001
CSSSQTGAGNTLYFGEG	0.0001
CSSSQTGANTEVFFGKG	4e-05
CSSSQTGFNERLFFGHG	2e-05
CSSSQTGGDAEQFFGPG	8e-05
CSSSQTGGDTQYFGPG	4e-05
CSSSQTGGETFGPG	8e-05
CSSSQTGGHYAEQFFGPG	2e-05
CSSSQTGGNQAPLFGEG	8e-05
CSSSQTGGPAETLYFGSG	6.000000000000001e-05
CSSSQTGGSYEQYFGPG	2e-05
CSSSQTGGYAEQFFGPG	8e-05
CSSSQTGGYEQYFGPG	4e-05
CSSSQTGHSNERLFFGHG	8e-05
CSSSQTGIEQYFGPG	4e-05
CSSSQTGIQNTLYFGAG	0.00014000000000000001
CSSSQTGLNTLYFGAG	6.000000000000001e-05
CSSSQTGNSDYTFGSG	6.000000000000001e-05
CSSSQTGNSNERLFFGHG	2e-05
CSSSQTGNTEVFFGKG	6.000000000000001e-05
CSSSQTGQGKERLFFGHG	6.000000000000001e-05
CSSSQTGQQDTQYFGPG	8e-05
CSSSQTGQSAETLYFGSG	6.000000000000001e-05
CSSSQTGRDTQYFGPG	2e-05
CSSSQTGRNTEVFFGKG	4e-05
CSSSQTGSEQYFGPG	2e-05
CSSSQTGSNQDTQYFGPG	6.000000000000001e-05
CSSSQTGSNTEVFFGKG	6.000000000000001e-05
CSSSQTGSSPLYFGEG	8e-05
CSSSQTGSTGQLYFGEG	8e-05
CSSSQTGSYAEQFFGPG	4e-05
CSSSQTGTANTEVFFGKG	0.0001
CSSSQTGTEVFFGKG	4e-05
CSSSQTGTGYTEVFFGKG	8e-05
CSSSQTGTLYAEQFFGPG	2e-05
CSSSQTGTNERLFFGHG	0.00012000000000000002
CSSSQTGTSDYTFGSG	2e-05
CSSSQTGVAEQFFGPG	0.0001
CSSSQTGVEQYFGPG	0.0001
CSSSQTGVSYEQYFGPG	6.000000000000001e-05
CSSSQTGWDTEVFFGKG	2e-05
CSSSQTGYAETLYFGSG	6.000000000000001e-05
CSSSQTGYNYAEQFFGPG	6.000000000000001e-05
CSSSQTKNYAEQFFGPG	6.000000000000001e-05
CSSSQTNTEVFFGKG	2e-05
CSSSQTPAEQFFGPG	4e-05
CSSSQTPANPAPPFGEG	0.00012000000000000002
CSSSQTPANQYFGPG	4e-05
CSSSQTPGNNQAPLFGEG	2e-05
CSSSQTPQNTLYFGAG	4e-05
CSSSQTQDPAYAVFFGKG	8e-05
CSSSQTQSSYEQYFGPG	4e-05
CSSSQTQYFGPG	6.000000000000001e-05
CSSSQTRADTQYFGPG	2e-05
CSSSQTRGNTEVFFGKG	4e-05
CSSSQTSGDERLFFGHG	4e-05
CSSSQTTSQNTLYFGAG	4e-05
CSSSQTVSDYTFGSG	6.000000000000001e-05
CSSSQTVSNERLFFGHG	4e-05
CSSSQTVYHSPLYFGEG	4e-05
CSSSQVANTEVFFGKG	8e-05
CSSSQVFFGKG	2e-05
CSSSQVGADYTFGSG	2e-05
CSSSQVGGNTLYFGAG	2e-05
CSSSQVGGQDTQYFGPG	4e-05
CSSSQVGQNTLYFGAG	2e-05
CSSSQVPGPNTEVFFGKG	2e-05
CSSSQVPPAPLFGEG	2e-05
CSSSQVQQAPLFGEG	6.000000000000001e-05
CSSSQVRGNTEVFFGKG	4e-05
CSSSQVRGSGNTLYFGEG	0.00012000000000000002
CSSSQVRNSDYTFGSG	2e-05
CSSSQVRTSGNTLYFGEG	2e-05
CSSSQVSSYEQYFGPG	4e-05
CSSSQVTGGRAETLYFGSG	4e-05
CSSSQVYNYAEQFFGPG	4e-05
CSSSQWAGGNTEVFFGKG	0.00012000000000000002
CSSSQWDRNTEVFFGKG	6.000000000000001e-05
CSSSQWDSNQAPLFGEG	4e-05
CSSSQWDTETLYFGSG	4e-05
CSSSQWDWGEDTQYFGPG	6.000000000000001e-05
CSSSQWDWGGGAETLYFGSG	8e-05
CSSSQWDWGQDTQYFGPG	2e-05
CSSSQWDWGVGAETLYFGSG	2e-05
CSSSQWEGQDTQYFGPG	2e-05
CSSSQWEGRETLYFGSG	0.0001
CSSSQWERTNTEVFFGKG	4e-05
CSSSQWETETLYFGSG	8e-05
CSSSQWGAEQFFGPG	2e-05
CSSSQWGASQNTLYFGAG	4e-05
CSSSQWGEVFFGKG	2e-05
CSSSQWGGGSDYTFGSG	4e-05
CSSSQWGGRSDYTFGSG	4e-05
CSSSQWGQDTQYFGPG	8e-05
CSSSQWGQGSDYTFGSG	8e-05
CSSSQWGQGYEQYFGPG	8e-05
CSSSQWGQNTEVFFGKG	4e-05
CSSSQWGRTNTEVFFGKG	2e-05
CSSSQWGSNTGQLYFGEG	0.0001
CSSSQWHNSDYTFGSG	6.000000000000001e-05
CSSSQWRGTGNYEQYFGPG	2e-05
CSSSQWTKQYFGPG	6.000000000000001e-05
CSSSQWTTEVFFGKG	4e-05
CSSSQWWGAGGIVVFFGKG	4e-05
CSSSQWWGEQDTQYFGPG	8e-05
CSSSQWYRNTEVFFGKG	4e-05
CSSSQYDDTQYFGPG	4e-05
CSSSQYDSTKVVLPRAEQFFGPG	6.000000000000001e-05
CSSSQYFGEG	0.0001
CSSSQYFGPG	8e-05
CSSSQYGTKSQNTLYFGAG	4e-05
CSSSQYGVSNERLFFGHG	8e-05
CSSSQYINQDTQYFGPG	6.000000000000001e-05
CSSSQYINTEVFFGKG	4e-05
CSSSQYMHNQDTQYFGPG	4e-05
CSSSQYNQAPLFGEG	4e-05
CSSSQYPGSAEVFFGKG	2e-05
CSSSQYRGNTEVFFGKG	6.000000000000001e-05
CSSSQYRGSGNTLYFGEG	4e-05
CSSSQYRNTEVFFGKG	4e-05
CSSSQYSGQNSDYTFGSG	2e-05
CSSSQYSRYEQYFGPG	0.0001
CSSSQYTEVFFGKG	2e-05
CSSSQYYIYEQYFGPG	4e-05
CSSSQYYRNEQYFGPG	8e-05
CSSSQYYRYEQYFGPG	6.000000000000001e-05
CSSSRAETLYFGSG	0.00014000000000000001
CSSSRDCGTFEQYFGPG	0.00014000000000000001
CSSSRDEQYFGPG	8e-05
CSSSRDFNYAEQFFGPG	6.000000000000001e-05
CSSSRDGYEQYFGPG	4e-05
CSSSRDHHAEQFFGPG	2e-05
CSSSRDIAEQFFGPG	2e-05
CSSSRDIDEQFFGPG	6.000000000000001e-05
CSSSRDINTEVFFGKG	4e-05
CSSSRDISDYTFGSG	4e-05
CSSSRDNNYAEQFFGPG	2e-05
CSSSRDNQAPLFGEG	6.000000000000001e-05
CSSSRDNQDTQYFGPG	4e-05
CSSSRDNTEVFFGKG	2e-05
CSSSRDNYAEQFFGPG	8e-05
CSSSRDNYEQYFGPG	6.000000000000001e-05
CSSSRDPNSDYTFGSG	2e-05
CSSSRDRDAEQFFGPG	2e-05
CSSSRDRDTEVFFGKG	6.000000000000001e-05
CSSSRDREGSDYTFGSG	2e-05
CSSSRDRGGNSPLYFGEG	4e-05
CSSSRDRGSYEQYFGPG	2e-05
CSSSRDRGTGQLYFGEG	6.000000000000001e-05
CSSSRDRLGTDYTFGSG	8e-05
CSSSRDRNSYNSPLYFGEG	0.00012000000000000002
CSSSRDRNTEVFFGKG	4e-05
CSSSRDRVNTEVFFGKG	2e-05
CSSSRDRVQDTQYFGPG	2e-05
CSSSRDSGNTLYFGEG	0.0001
CSSSRDSNERLFFGHG	4e-05
CSSSRDSNTEVFFGKG	4e-05
CSSSRDSNYAEQFFGPG	0.0001
CSSSRDSPNERLFFGHG	6.000000000000001e-05
CSSSRDSSETLYFGSG	2e-05
CSSSRDSSGSDYTFGSG	6.000000000000001e-05
CSSSRDSTEVFFGKG	6.000000000000001e-05
CSSSRDSYAEQFFGPG	6.000000000000001e-05
CSSSRDSYEQYFGPG	4e-05
CSSSRDTEVFFGKG	0.0001
CSSSRDTNTEVFFGKG	2e-05
CSSSRDTQDTQYFGPG	0.00012000000000000002
CSSSRDTYEQYFGPG	2e-05
CSSSRDWGAETLYFGSG	6.000000000000001e-05
CSSSRDWGASFAEQFFGPG	4e-05
CSSSRDWGDYAEQFFGPG	4e-05
CSSSRDWGGLLRRFFGPG	0.0001
CSSSRDWGGPNAEQFFGPG	4e-05
CSSSRDWGGYAEQFFGPG	4e-05
CSSSRDWGGYEQYFGPG	4e-05
CSSSRDWGNTGQLYFGEG	8e-05
CSSSRDWGSAETLYFGSG	8e-05
CSSSRDWGSQNTLYFGAG	8e-05
CSSSRDWGYAEQFFGPG	2e-05
CSSSRDWINQDTQYFGPG	8e-05
CSSSRDWNYAEQFFGPG	8e-05
CSSSREAGNTEVFFGKG	6.000000000000001e-05
CSSSREARPDYTFGSG	6.000000000000001e-05
CSSSREARSDYTFGSG	2e-05
CSSSRERVEQYFGPG	2e-05
CSSSRESGNTLYFGEG	0.00016
CSSSRFEGPSQNTLYFGAG	0.0001
CSSSRGAEQFFGPG	4e-05
CSSSRGAFGKG	0.0001
CSSSRGAGAEQFFGPG	0.00012000000000000002
CSSSRGAGQNTLYFGAG	8e-05
CSSSRGAHAEQFFGPG	0.00014000000000000001
CSSSRGANTEVFFGKG	0.0001
CSSSRGDSYNSPLYFGEG	4e-05
CSSSRGGPAETLYFGAG	6.000000000000001e-05
CSSSRGGQDTQYFGPG	4e-05
CSSSRGGRAETLYFGSG	0.0001
CSSSRGGRTETLYFGSG	6.000000000000001e-05
CSSSRGGSYNSPLYFGEG	4e-05
CSSSRGGTEVFFGKG	8e-05
CSSSRGGYAEQFFGPG	6.000000000000001e-05
CSSSRGGYERLFFGHG	2e-05
CSSSRGLGGLAEQFFGPG	4e-05
CSSSRGLQDTQYFGPG	4e-05
CSSSRGNERLFFGHG	8e-05
CSSSRGNSDYTFGSG	4e-05
CSSSRGNTEVFFGKG	8e-05
CSSSRGPGTLYFGAG	4e-05
CSSSRGPQDTQYFGPG	2e-05
CSSSRGQDTQYFGPG	8e-05
CSSSRGQEANTEVFFGKG	2e-05
CSSSRGQGARQNTLYFGAG	4e-05
CSSSRGQGEEQYFGPG	2e-05
CSSSRGQGVANSDYTFGSG	6.000000000000001e-05
CSSSRGQNTEVFFGKG	6.000000000000001e-05
CSSSRGQQYFGPG	2e-05
CSSSRGQSGNTLYFGEG	8e-05
CSSSRGTEVFFGKG	8e-05
CSSSRGTGGANERLFFGHG	6.000000000000001e-05
CSSSRGTKAETLYFGSG	4e-05
CSSSRGTNAETLYFGSG	8e-05
CSSSRGTSAETLYFGSG	6.000000000000001e-05
CSSSRGVSAETLYFGSG	4e-05
CSSSRHWPPLHFFGKG	4e-05
CSSSRIRRDTQYFGPG	0.0001
CSSSRIRRHPQYFGPG	0.0001
CSSSRKQYAEQFFGPG	4e-05
CSSSRLGDYAEQFFGPG	4e-05
CSSSRLGGGSAETLYFGSG	4e-05
CSSSRLGGRYEQYFGPG	0.00012000000000000002
CSSSRLGNQDTQYFGPG	8e-05
CSSSRLGTNTGQLYFGEG	4e-05
CSSSRLRDGTEVFFGKG	6.000000000000001e-05
CSSSRLSGDTYAEQFFGPG	2e-05
CSSSRLSIQRPEQFFGPG	4e-05
CSSSRLSSGVAETLYFGSG	2e-05
CSSSRLSSYEQYFGPG	4e-05
CSSSRNERLFFGHG	0.00012000000000000002
CSSSRNSYNSPLYFGEG	2e-05
CSSSRNWASQNTLYFGAG	4e-05
CSSSRNYAEQFFGPG	0.0001
CSSSRPAETLYFGSG	2e-05
CSSSRPGGANSDYTFGSG	4e-05
CSSSRPGGSPLYFGEG	0.0001
CSSSRPGKDTQYFGPG	2e-05
CSSSRPGVANSDYTFGSG	2e-05
CSSSRPRDTEVFFGKG	8e-05
CSSSRPRGANSDYTFGSG	4e-05
CSSSRQADDAEQFFGPG	4e-05
CSSSRQANSDYTFGSG	6.000000000000001e-05
CSSSRQANTEVFFGKG	4e-05
CSSSRQGADTQYFGPG	6.000000000000001e-05
CSSSRQGANTEVFFGKG	0.0001
CSSSRQGATEVFFGKG	8e-05
CSSSRQGDTEVFFGKG	4e-05
CSSSRQGFAEQFFGPG	6.000000000000001e-05
CSSSRQGGADYTFGSG	2e-05
CSSSRQGGNSDYTFGSG	6.000000000000001e-05
CSSSRQGGNTEVFFGKG	2e-05
CSSSRQGGTEVFFGKG	0.0001
CSSSRQGGYSDYTFGSG	8e-05
CSSSRQGNTEVFFGKG	8e-05
CSSSRQGNTGQLYFGEG	4e-05
CSSSRQGREVFFGKG	2e-05
CSSSRQGRNTEVFFGKG	0.00012000000000000002
CSSSRQGRSGQLYFGEG	4e-05
CSSSRQGSNERLFFGHG	2e-05
CSSSRQGSSYEQYFGPG	6.000000000000001e-05
CSSSRQGTEVFFGKG	4e-05
CSSSRQGTGQLYFGEG	8e-05
CSSSRQGTNSDYTFGSG	4e-05
CSSSRQNNQAPLFGEG	0.0001
CSSSRQNNQDTQYFGPG	6.000000000000001e-05
CSSSRQNTEVFFGKG	8e-05
CSSSRQNYAEQFFGPG	6.000000000000001e-05
CSSSRQQDTQYFGPG	2e-05
CSSSRQRGAEQFFGPG	6.000000000000001e-05
CSSSRQSRAETLYFGSG	4e-05
CSSSRQSSNERLFFGHG	8e-05
CSSSRQTGTNERLFFGHG	4e-05
CSSSRQTNTEVFFGKG	8e-05
CSSSRQTSGNTLYFGEG	6.000000000000001e-05
CSSSRQVNQDTQYFGPG	0.0001
CSSSRRDWGNYAEQFFGPG	2e-05
CSSSRRDYEQYFGPG	6.000000000000001e-05
CSSSRRGHSGNTLYFGEG	8e-05
CSSSRRISNERLFFGHG	8e-05
CSSSRRLGYEQYFGPG	0.00014000000000000001
CSSSRRQTEVFFGKG	2e-05
CSSSRRVTEVFFGKG	0.0001
CSSSRSAETLYFGSG	8e-05
CSSSRSNQDTQYFGPG	6.000000000000001e-05
CSSSRSQNTLYFGAG	2e-05
CSSSRSRDRVQNTLYFGAG	2e-05
CSSSRSSSAETLYFGSG	6.000000000000001e-05
CSSSRTANTGQLYFGEG	0.0001
CSSSRTDNERLFFGHG	4e-05
CSSSRTDQDTQYFGPG	2e-05
CSSSRTDSAETLYFGSG	4e-05
CSSSRTETLYFGSG	6.000000000000001e-05
CSSSRTGANTEVFFGKG	4e-05
CSSSRTGEDTQYFGPG	6.000000000000001e-05
CSSSRTGFDNQAPLFGEG	8e-05
CSSSRTGGNEQYFGPG	8e-05
CSSSRTGINTLYFGAG	2e-05
CSSSRTGKDTQYFGPG	4e-05
CSSSRTGRDTGQLYFGEG	6.000000000000001e-05
CSSSRTGSAETLYFGSG	2e-05
CSSSRTGSNTGQLYFGEG	6.000000000000001e-05
CSSSRTGSQNTLYFGAG	2e-05
CSSSRTGTNERLFFGHG	8e-05
CSSSRTGTNTGQLYFGEG	8e-05
CSSSRTINQDTQYFGPG	2e-05
CSSSRTNTEVFFGKG	2e-05
CSSSRTSSQNTLYFGAG	6.000000000000001e-05
CSSSRTVNERLFFGHG	4e-05
CSSSRTYSSYEQYFGPG	8e-05
CSSSRVGSDYTFGSG	0.0001
CSSSRVNQDTQYFGPG	4e-05
CSSSRVPSDYTFGSG	4e-05
CSSSRVQNTEVFFGKG	8e-05
CSSSRVSTERLFFGHG	6.000000000000001e-05
CSSSRWGATNQAPLFGEG	4e-05
CSSSRWGSNTGQLYFGEG	4e-05
CSSSRYTDDPEQYFGPG	6.000000000000001e-05
CSSSSAANSDYTFGSG	4e-05
CSSSSAETLYFGSG	2e-05
CSSSSDYTFGSG	6.000000000000001e-05
CSSSSEQYFGPG	6.000000000000001e-05
CSSSSGGGQNTLYFGAG	4e-05
CSSSSGGLEQYFGPG	6.000000000000001e-05
CSSSSGGYAEQFFGPG	4e-05
CSSSSGNTLYFGEG	4e-05
CSSSSGTGIPEQFFGPG	6.000000000000001e-05
CSSSSGTGNNQAPLFGEG	6.000000000000001e-05
CSSSSGTINSDYTFGSG	6.000000000000001e-05
CSSSSGVNYAEQFFGPG	4e-05
CSSSSIWGRGNTLYFGAG	4e-05
CSSSSNSGNTLYFGEG	2e-05
CSSSSPGLGDAEQFFGPG	0.0001
CSSSSQDTQYFGPG	6.000000000000001e-05
CSSSSQNTLYFGAG	4e-05
CSSSSQTNTEVFFGKG	6.000000000000001e-05
CSSSSRGGQDTQYFGPG	8e-05
CSSSSRGVQDTQYFGPG	0.00012000000000000002
CSSSSRGYAEQFFGPG	0.0001
CSSSSRQGGRQYFGPG	8e-05
CSSSSTGGAFYFGSG	4e-05
CSSSSTVSNERLFFGHG	8e-05
CSSSSYEQYFGPG	0.00012000000000000002
CSSSTEDTQYFGPG	6.000000000000001e-05
CSSSTGEVFFGKG	8e-05
CSSSTGGEGSDYTFGSG	6.000000000000001e-05
CSSSTGGTGQLYFGEG	4e-05
CSSSTGLQDTQYFGPG	2e-05
CSSSTGNYAEQFFGPG	4e-05
CSSSTGQLYFGEG	2e-05
CSSSTLYFGAG	4e-05
CSSSTLYFGEG	2e-05
CSSSTPNTEVFFGKG	4e-05
CSSSTTGFQDTQYFGPG	8e-05
CSSSVCQQYFGPG	8e-05
CSSSVNTEVFFGKG	6.000000000000001e-05
CSSSVPFSNERLFFGHG	8e-05
CSSSVPGHPNSDYTFGSG	8e-05
CSSSVRTSQNTLYFGAG	8e-05
CSSSVVKQDTQYFGPG	6.000000000000001e-05
CSSSVVNQDTQYFGPG	8e-05
CSSSVWGAEQYFGPG	2e-05
CSSSWDNQAPLFGEG	4e-05
CSSSWDRGNTGQLYFGEG	2e-05
CSSSWGDAEQFFGPG	6.000000000000001e-05
CSSSWGTFSNERLFFGHG	0.0001
CSSSWNNQAPLFGEG	2e-05
CSSSWNWGGYAEQFFGPG	2e-05
CSSSWQGSSYEQYFGPG	6.000000000000001e-05
CSSSWTFSNERLFFGHG	8e-05
CSSSWTGSNTGQLYFGEG	2e-05
CSSSWTKNTEVFFGKG	6.000000000000001e-05
CSSSWTVNQDTQYFGPG	6.000000000000001e-05
CSSSYEQYFGPG	6.000000000000001e-05
CSSSYFSNERLFFGHG	6.000000000000001e-05
CSSSYGPEVFFGKG	4e-05
CSSSYLQGSTGQLYFGEG	8e-05
CSSSYRAERLFFGHG	2e-05
CSSSYRGVEQYFGPG	0.0001
CSSSYSQNTLYFGAG	2e-05
CSSTAGGSRAEQFFGPG	0.00014000000000000001
CSSTAGHTEVFFGKG	4e-05
CSSTAGPTREVFFGKG	6.000000000000001e-05
CSSTAGQSQYFGPG	6.000000000000001e-05
CSSTAGRSGTLYFGSG	2e-05
CSSTAHWQLYFGEG	8e-05
CSSTALRTRDTQYFGPG	6.000000000000001e-05
CSSTANNYAEQFFGPG	8e-05
CSSTAPPTPYAVFFGKG	6.000000000000001e-05
CSSTAPQSRAVIYFGEG	6.000000000000001e-05
CSSTAPQSSQVFFGKG	4e-05
CSSTAPRSHAVFFGKG	6.000000000000001e-05
CSSTAPRSRETLYFGSG	6.000000000000001e-05
CSSTAQEQYFGPG	0.0001
CSSTARAETLYFGSG	0.0001
CSSTARGSRQFFGPG	4e-05
CSSTARGTAETLYFGSG	4e-05
CSSTARKSNQAPLFGEG	0.00012000000000000002
CSSTARPETLYFGSG	2e-05
CSSTARPLYFGSG	4e-05
CSSTARPNPYAVFFGKG	6.000000000000001e-05
CSSTARPQSNSDYTFGSG	8e-05
CSSTARPSPHTQYFGPG	0.0001
CSSTARPTPYAVFFGKG	4e-05
CSSTARQAPRETLYFGSG	2e-05
CSSTARQTRFCFGSG	0.00012000000000000002
CSSTARRAHSDYTFGSG	6.000000000000001e-05
CSSTARRPRQYFGPG	8e-05
CSSTARRSHAVFFGKG	8e-05
CSSTARRSNERLFFGHG	8e-05
CSSTARRSPLYFGEG	8e-05
CSSTARRSRFFGKG	4e-05
CSSTARRSRFFGPG	4e-05
CSSTARRSRHAQYFGPG	6.000000000000001e-05
CSSTARRSRLFGKG	4e-05
CSSTARRSRLRDTQYFGPG	4e-05
CSSTARRSRLSYEQYFGPG	4e-05
CSSTARRSRLYFGSG	2e-05
CSSTARRSRPFGSG	0.00014000000000000001
CSSTARRSRPLYFGSG	4e-05
CSSTARRSRQFFGPG	4e-05
CSSTARRSRQLYFGEG	0.00014000000000000001
CSSTARRSRQYFGPG	8e-05
CSSTARRSRSDYTFGSG	0.0001
CSSTARRSRTEVFFGKG	0.0001
CSSTARRSRTLYFGSG	6.000000000000001e-05
CSSTARRSRTQYFGPG	2e-05
CSSTARRSYEQYFGPG	4e-05
CSSTARRTPEVFFGKG	6.000000000000001e-05
CSSTARRTPHAVFFGKG	0.0001
CSSTARRTPYAVFFGKG	2e-05
CSSTARRTRHYTFGSG	4e-05
CSSTARSSHSPLYFGEG	6.000000000000001e-05
CSSTARSSPPLFGEG	0.00012000000000000002
CSSTAYEQYFGPG	8e-05
CSSTCRRPRFGPG	4e-05
CSSTDANTEVFFGKG	0.00014000000000000001
CSSTDSGNTLYFGEG	0.00012000000000000002
CSSTDSSYEQYFGPG	4e-05
CSSTDWGFYEQYFGPG	0.0001
CSSTDWGYEQYFGPG	8e-05
CSSTDYTFGSG	2e-05
CSSTEEQFFGPG	4e-05
CSSTELRGRTGQLYFGEG	4e-05
CSSTERLFFGHG	2e-05
CSSTETLYFGSG	6.000000000000001e-05
CSSTEVFFGKG	4e-05
CSSTGAGNTLYFGEG	2e-05
CSSTGDRASSPLYFGEG	2e-05
CSSTGEHTQYFGPG	0.00014000000000000001
CSSTGGAGTLYFGSG	6.000000000000001e-05
CSSTGGEETLYFGSG	8e-05
CSSTGGEGRLYFGSG	2e-05
CSSTGGFNQDTQYFGPG	8e-05
CSSTGGGEQYFGPG	4e-05
CSSTGGNYAEQFFGPG	2e-05
CSSTGGRSDYTFGSG	6.000000000000001e-05
CSSTGGRSRFFGPG	0.00012000000000000002
CSSTGGSQDTQYFGPG	6.000000000000001e-05
CSSTGGSYEQYFGPG	4e-05
CSSTGHERLFFGHG	4e-05
CSSTGKRNTEVFFGKG	0.00014000000000000001
CSSTGLRYGTQYFGPG	8e-05
CSSTGPRARAEQFFGPG	0.0001
CSSTGPRSRLFFGKG	6.000000000000001e-05
CSSTGQLYFGEG	8e-05
CSSTGQQSPPYSDYTFGSG	8e-05
CSSTGRGNTLYFGEG	6.000000000000001e-05
CSSTGRGPHFGPG	6.000000000000001e-05
CSSTGRGSGSDYTFGSG	4e-05
CSSTGRNTEVFFGKG	6.000000000000001e-05
CSSTGRPSPLYFGSG	8e-05
CSSTGRPTGRLFFGHG	8e-05
CSSTGRQDTQYFGPG	8e-05
CSSTGRQNTLYFGAG	2e-05
CSSTGRRAPEVFFGKG	8e-05
CSSTGRRAQDTQYFGPG	4e-05
CSSTGRRARQFFGPG	0.0001
CSSTGRRARTLYFGSG	0.00014000000000000001
CSSTGRRCRQLYFGEG	2e-05
CSSTGRRQYFGPG	4e-05
CSSTGRRSDYTFGSG	8e-05
CSSTGRRSPEQFFGPG	6.000000000000001e-05
CSSTGRRSPLYFGEG	2e-05
CSSTGRRSPLYFGSG	2e-05
CSSTGRRSPYEQYFGPG	4e-05
CSSTGRRSQVFFGPG	2e-05
CSSTGRRSRFFGKG	8e-05
CSSTGRRSRPEQFFGPG	4e-05
CSSTGRRSRTLYFGSG	0.0001
CSSTGRRSRTQYFGPG	0.0001
CSSTGRRTLYFGAG	0.00012000000000000002
CSSTGRRTSQLYFGEG	2e-05
CSSTGRTQYFGPG	0.0001
CSSTGTGSSYEQYFGPG	0.00012000000000000002
CSSTGTQDTQYFGPG	8e-05
CSSTGTSSYEQYFGPG	0.0001
CSSTGTVNQDTQYFGPG	6.000000000000001e-05
CSSTGVSSAETLYFGSG	2e-05
CSSTHGRQNTLYFGAG	4e-05
CSSTHRDWGYEQYFGPG	6.000000000000001e-05
CSSTHRPLYFGAG	4e-05
CSSTIGGSQFFGPG	8e-05
CSSTIPPTPYAVFFGKG	0.00016
CSSTIRETLYFGSG	4e-05
CSSTIRRSDYTFGSG	6.000000000000001e-05
CSSTIRRSRQAKAVFFGKG	0.00012000000000000002
CSSTIRRSRRLFFGHG	8e-05
CSSTISNSDYTFGSG	4e-05
CSSTKERGGHEQYFGPG	4e-05
CSSTKERQYNSPLYFGEG	8e-05
CSSTKGTASGNTLYFGEG	4e-05
CSSTLGESNTGQLYFGEG	0.0001
CSSTLGKQDTQYFGPG	6.000000000000001e-05
CSSTLMGTGETLYFGSG	4e-05
CSSTLNYAEQFFGPG	6.000000000000001e-05
CSSTLQGHTQYFGPG	6.000000000000001e-05
CSSTLRGDTQYFGPG	4e-05
CSSTLYFGAG	0.00012000000000000002
CSSTNANTEVFFGKG	6.000000000000001e-05
CSSTNERLFFGHG	6.000000000000001e-05
CSSTNQDTQYFGPG	8e-05
CSSTNQQQYFGPG	2e-05
CSSTNSDYTFGSG	6.000000000000001e-05
CSSTNSYISPLYFGEG	4e-05
CSSTNSYNSPLYFGEG	4e-05
CSSTNTEVFFGKG	6.000000000000001e-05
CSSTNTGQLYFGEG	4e-05
CSSTPASNYAEQFFGPG	4e-05
CSSTPGRHAEQFFGPG	6.000000000000001e-05
CSSTPLGGGQNTLYFGAG	8e-05
CSSTPPKSYAVFFGKG	4e-05
CSSTPPNSDYTFGSG	6.000000000000001e-05
CSSTPVRPYSDYTFGSG	4e-05
CSSTQGDYAEQFFGPG	2e-05
CSSTQGNSAETLYFGSG	8e-05
CSSTQRGNNYAEQFFGPG	8e-05
CSSTQYFGPG	6.000000000000001e-05
CSSTRAGTLYFGSG	6.000000000000001e-05
CSSTRDRDTEVFFGKG	6.000000000000001e-05
CSSTRDRGTDYTFGSG	6.000000000000001e-05
CSSTRGGRAETLYFGSG	4e-05
CSSTRGHQDTQYFGPG	6.000000000000001e-05
CSSTRGQEDTQYFGPG	0.0001
CSSTRHPTQYFGPG	8e-05
CSSTRHRNQDTQYFGPG	0.0001
CSSTRPGTSPLYFGEG	2e-05
CSSTRQGNTEVFFGKG	6.000000000000001e-05
CSSTRQGTNSDYTFGSG	8e-05
CSSTRRRSHSDYTFGSG	6.000000000000001e-05
CSSTRRRSNNQAPLFGEG	0.0001
CSSTRTGGQNTLYFGAG	0.00012000000000000002
CSSTRTGHERLFFGHG	4e-05
CSSTRTGYNNQAPLFGEG	6.000000000000001e-05
CSSTRTNTEVFFGKG	8e-05
CSSTRTPNQDTQYFGPG	2e-05
CSSTRVRPDYTFGSG	4e-05
CSSTSAGRERYFGPG	8e-05
CSSTSANTEVFFGKG	2e-05
CSSTSDDPLFGEG	0.00014000000000000001
CSSTSDVPYEQYFGPG	2e-05
CSSTSDYTFGSG	2e-05
CSSTSGPARAEQFFGPG	2e-05
CSSTSGQSAETLYFGSG	8e-05
CSSTSNAEQFFGPG	6.000000000000001e-05
CSSTSQRTNSDYTFGSG	2e-05
CSSTTDWTSRHPGAETLYFGSG	2e-05
CSSTTGEDTQYFGPG	6.000000000000001e-05
CSSTTGQWSQNTLYFGAG	4e-05
CSSTTGRAEQFFGPG	4e-05
CSSTTGRSDYTFGSG	0.0001
CSSTTHTEVFFGKG	0.0001
CSSTTLRSRTLYFGSG	0.0001
CSSTTPPTPHAAFYFGEG	2e-05
CSSTVCWSPETLYFGSG	0.0001
CSSTVDDPGAGNTLYFGEG	4e-05
CSSTVDDPGYSAEQFFGPG	6.000000000000001e-05
CSSTVDQSAEQFFGPG	8e-05
CSSTVEIPSPLYFGEG	6.000000000000001e-05
CSSTVEKCDFGEG	4e-05
CSSTVEQFFGPG	4e-05
CSSTVEQLYFGEG	6.000000000000001e-05
CSSTVGAETLYFGSG	6.000000000000001e-05
CSSTVGGSRYTQYFGPG	0.0001
CSSTVGKSVFFGKG	4e-05
CSSTVGNTLYFGEG	4e-05
CSSTVGRNTEVFFGKG	2e-05
CSSTVGRSAEQFFGPG	0.00012000000000000002
CSSTVGRSGKLYFGSG	0.0001
CSSTVGRSPQYFGPG	6.000000000000001e-05
CSSTVGRSRDYTFGSG	2e-05
CSSTVGRSRETLYFGSG	8e-05
CSSTVGRSYEQYFGPG	0.0001
CSSTVGRTRPEQFFGPG	6.000000000000001e-05
CSSTVGRYRFFGKG	4e-05
CSSTVGRYRLYFGSG	4e-05
CSSTVHPDYTFGSG	8e-05
CSSTVIRSRKFFFGHG	8e-05
CSSTVLHERLFFGHG	0.00012000000000000002
CSSTVLPNTEVFFGKG	0.0001
CSSTVLQAPLFGEG	6.000000000000001e-05
CSSTVLREQYFGPG	4e-05
CSSTVLRPHQDTQYFGPG	2e-05
CSSTVLRSPQTLYFGSG	2e-05
CSSTVLRSRFGKG	2e-05
CSSTVLSPPKSYAVFFGKG	2e-05
CSSTVNTEVFFGKG	6.000000000000001e-05
CSSTVPHSRLFFGHG	2e-05
CSSTVPKSHAVFFGKG	6.000000000000001e-05
CSSTVPPNTQYFGPG	2e-05
CSSTVPRPRFGPG	6.000000000000001e-05
CSSTVPRSRHFGPG	0.0001
CSSTVPRSRPYAVFFGKG	0.0001
CSSTVPRTPHAVFFGKG	8e-05
CSSTVQNPLYFGEG	6.000000000000001e-05
CSSTVQNTLYFGAG	0.0001
CSSTVQPQYFGPG	2e-05
CSSTVQRSRQYFGPG	6.000000000000001e-05
CSSTVQYAEQFFGPG	4e-05
CSSTVQYFGPG	0.00012000000000000002
CSSTVRDPVLYFGEG	4e-05
CSSTVRDSDYTFGSG	4e-05
CSSTVRDVDYTFGSG	0.00014000000000000001
CSSTVRGAQDTQYFGPG	8e-05
CSSTVRGARYTLYFGSG	0.00014000000000000001
CSSTVRGSGTLYFGSG	8e-05
CSSTVRGSPEQFFGPG	6.000000000000001e-05
CSSTVRGSRAEQFFGPG	4e-05
CSSTVRGSRFFGKG	2e-05
CSSTVRGSYEQYFGPG	8e-05
CSSTVRGTPETLYFGSG	2e-05
CSSTVRHTHQAPLFGEG	0.00016
CSSTVRKSYSVFGPG	6.000000000000001e-05
CSSTVRLNQDTQYFGPG	4e-05
CSSTVRLPREVFFGKG	0.0001
CSSTVRLSRYFGAG	8e-05
CSSTVRPKPHAVFFGKG	4e-05
CSSTVRPNRYAEQFFGPG	4e-05
CSSTVRPPRPYAVFFGKG	2e-05
CSSTVRPPRSDAVFFGKG	8e-05
CSSTVRPQYFGPG	6.000000000000001e-05
CSSTVRPSPYAVFFGKG	6.000000000000001e-05
CSSTVRPSRFFGKG	2e-05
CSSTVRPSRFGPG	6.000000000000001e-05
CSSTVRPSRRTGQLYFGEG	4e-05
CSSTVRPSRTFGSG	8e-05
CSSTVRPSRTLYFGEG	0.00012000000000000002
CSSTVRPSRVFFGKG	6.000000000000001e-05
CSSTVRPSRYAEQFFGPG	0.00018
CSSTVRPTHYAEQFFGPG	8e-05
CSSTVRPTPHAVFFGKG	6.000000000000001e-05
CSSTVRPTPYAVFFGKG	4e-05
CSSTVRPTQDTQYFGPG	8e-05
CSSTVRPTRAEQFFGPG	6.000000000000001e-05
CSSTVRPYPQAVFFGKG	8e-05
CSSTVRQDTQYFGPG	0.0001
CSSTVRQPRLLPGNTLYFGEG	0.0001
CSSTVRQSLYFGSG	6.000000000000001e-05
CSSTVRQSQYFGPG	8e-05
CSSTVRQSRAVFFGKG	6.000000000000001e-05
CSSTVRQSRLFFGKG	2e-05
CSSTVRQSRQFFGPG	8e-05
CSSTVRQSRSTQYFGPG	4e-05
CSSTVRQSYEQYFGPG	2e-05
CSSTVRRAPPQDTQYFGPG	2e-05
CSSTVRRARAEQFFGPG	6.000000000000001e-05
CSSTVRRARTQDTQYFGPG	4e-05
CSSTVRRARYFGKG	0.00012000000000000002
CSSTVRRCRNTLYFGAG	6.000000000000001e-05
CSSTVRRPALSETLYFGSG	4e-05
CSSTVRRPAPLFGEG	0.00012000000000000002
CSSTVRRPGADTQYFGPG	4e-05
CSSTVRRPHFGPG	4e-05
CSSTVRRPPGQLYFGEG	6.000000000000001e-05
CSSTVRRPPPLFGEG	2e-05
CSSTVRRPRFGPG	6.000000000000001e-05
CSSTVRRPRNTLYFGAG	4e-05
CSSTVRRPRPYAVFFGKG	8e-05
CSSTVRRPRQAPLFGEG	0.0001
CSSTVRRPRSYAVFFGKG	0.0001
CSSTVRRPRTQYFGPG	0.0001
CSSTVRRPRYFGEG	4e-05
CSSTVRRPTLYFGSG	6.000000000000001e-05
CSSTVRRRLFFGHG	2e-05
CSSTVRRSCFGKG	4e-05
CSSTVRRSCFLPAFFGKG	6.000000000000001e-05
CSSTVRRSDYTFGSG	8e-05
CSSTVRRSEQFFGPG	8e-05
CSSTVRRSFCAAPLFGEG	8e-05
CSSTVRRSFGEG	0.0001
CSSTVRRSGLFFGPG	8e-05
CSSTVRRSGQFFGPG	4e-05
CSSTVRRSGQLYFGEG	4e-05
CSSTVRRSGTQYFGPG	8e-05
CSSTVRRSHAVFFGKG	0.0001
CSSTVRRSHFGPG	8e-05
CSSTVRRSLAEQFFGPG	4e-05
CSSTVRRSLFGKG	4e-05
CSSTVRRSLYFGAG	0.00016
CSSTVRRSLYFGSG	8e-05
CSSTVRRSNERLFFGHG	0.0001
CSSTVRRSPDYTFGSG	2e-05
CSSTVRRSPECPSFGKG	4e-05
CSSTVRRSPEQFFGPG	6.000000000000001e-05
CSSTVRRSPETLYFGSG	0.00016
CSSTVRRSPEVFFGKG	8e-05
CSSTVRRSPFGSG	6.000000000000001e-05
CSSTVRRSPHAVFFGKG	6.000000000000001e-05
CSSTVRRSPLDLSSGNTLYFGEG	0.00018
CSSTVRRSPLYFGSG	2e-05
CSSTVRRSPNQDTQYFGPG	6.000000000000001e-05
CSSTVRRSPPQDTQYFGPG	6.000000000000001e-05
CSSTVRRSPQDTQYFGPG	8e-05
CSSTVRRSPQGSFGSG	6.000000000000001e-05
CSSTVRRSPQVFFGKG	4e-05
CSSTVRRSPQYFGPG	0.0001
CSSTVRRSPTQDTQYFGPG	2e-05
CSSTVRRSPYAVFFGKG	8e-05
CSSTVRRSPYEQYFGPG	0.0001
CSSTVRRSQNTLYFGAG	8e-05
CSSTVRRSQVFFGKG	0.00012000000000000002
CSSTVRRSQYFGPG	8e-05
CSSTVRRSRAEQFFGPG	8e-05
CSSTVRRSRAETLYFGSG	0.00016
CSSTVRRSRAGFGEG	8e-05
CSSTVRRSRAVFFGKG	6.000000000000001e-05
CSSTVRRSRCAETLYFGSG	8e-05
CSSTVRRSRCAQYFGPG	8e-05
CSSTVRRSRDEQYFGPG	6.000000000000001e-05
CSSTVRRSRDFFGKG	6.000000000000001e-05
CSSTVRRSRDTLYFGAG	0.00016
CSSTVRRSRDTQYFGPG	0.00012000000000000002
CSSTVRRSREQFFGPG	4e-05
CSSTVRRSRETLYFGSG	0.00016
CSSTVRRSREVFFGKG	0.00012000000000000002
CSSTVRRSRFFGEG	4e-05
CSSTVRRSRFFGHG	4e-05
CSSTVRRSRFFGKG	2e-05
CSSTVRRSRFFGPG	0.0001
CSSTVRRSRFGAG	6.000000000000001e-05
CSSTVRRSRFGPG	6.000000000000001e-05
CSSTVRRSRHAEQFFGPG	8e-05
CSSTVRRSRHAPKFFGPG	0.00016
CSSTVRRSRHAYLYFGSG	6.000000000000001e-05
CSSTVRRSRHDFGAG	0.0001
CSSTVRRSRHEQYFGPG	2e-05
CSSTVRRSRHERLFFGHG	6.000000000000001e-05
CSSTVRRSRHFFGKG	4e-05
CSSTVRRSRHFGEG	4e-05
CSSTVRRSRHFGPG	4e-05
CSSTVRRSRHFGSG	2e-05
CSSTVRRSRHGFFGKG	8e-05
CSSTVRRSRHLYFGAG	8e-05
CSSTVRRSRHQDTQYFGPG	0.00016
CSSTVRRSRHQYFGPG	6.000000000000001e-05
CSSTVRRSRHRSFGEG	4e-05
CSSTVRRSRHSTQYFGPG	0.0001
CSSTVRRSRHTPLFGEG	6.000000000000001e-05
CSSTVRRSRHVFFGKG	8e-05
CSSTVRRSRHYFGEG	0.00016
CSSTVRRSRKLFFGHG	2e-05
CSSTVRRSRLFFGHG	6.000000000000001e-05
CSSTVRRSRLFFGKG	2e-05
CSSTVRRSRLFGEG	6.000000000000001e-05
CSSTVRRSRLGFSSGNTLYFGEG	0.00012000000000000002
CSSTVRRSRLGQLYFGEG	6.000000000000001e-05
CSSTVRRSRLGSDTQYFGPG	2e-05
CSSTVRRSRLQFFGPG	6.000000000000001e-05
CSSTVRRSRLYFGAG	6.000000000000001e-05
CSSTVRRSRLYFGEG	0.0001
CSSTVRRSRLYFGSG	4e-05
CSSTVRRSRNQDTQYFGPG	8e-05
CSSTVRRSRNTEVFFGKG	6.000000000000001e-05
CSSTVRRSRNTLYFGAG	0.0001
CSSTVRRSRPEQFFGPG	0.00014000000000000001
CSSTVRRSRPETLYFGSG	6.000000000000001e-05
CSSTVRRSRPFGSG	0.00012000000000000002
CSSTVRRSRPLFGEG	4e-05
CSSTVRRSRPLYFGEG	0.0001
CSSTVRRSRPLYFGSG	8e-05
CSSTVRRSRPPLYFGEG	0.00012000000000000002
CSSTVRRSRPQDTQYFGPG	0.00012000000000000002
CSSTVRRSRPQYFGPG	8e-05
CSSTVRRSRQALYFGSG	6.000000000000001e-05
CSSTVRRSRQAPLFGEG	2e-05
CSSTVRRSRQDHSFGKG	8e-05
CSSTVRRSRQEFFGPG	2e-05
CSSTVRRSRQFFGHG	6.000000000000001e-05
CSSTVRRSRQFFGPG	0.0001
CSSTVRRSRQLYFGEG	0.0001
CSSTVRRSRQLYFGSG	2e-05
CSSTVRRSRQMRLYFGSG	2e-05
CSSTVRRSRQNTLYFGAG	6.000000000000001e-05
CSSTVRRSRQRLYFGEG	8e-05
CSSTVRRSRQTLYFGSG	0.00012000000000000002
CSSTVRRSRQVFFGKG	4e-05
CSSTVRRSRQYFGPG	0.00022
CSSTVRRSRQYFGSG	6.000000000000001e-05
CSSTVRRSRRETLYFGSG	4e-05
CSSTVRRSRRLFFGHG	8e-05
CSSTVRRSRSATGIGNYAEQFFGPG	4e-05
CSSTVRRSRSDYTFGSG	0.0001
CSSTVRRSRSGNTLYFGEG	0.0001
CSSTVRRSRSHAVFFGKG	8e-05
CSSTVRRSRSPLFGEG	8e-05
CSSTVRRSRSPLNFGAG	6.000000000000001e-05
CSSTVRRSRSPLYFGEG	6.000000000000001e-05
CSSTVRRSRSYAVFFGKG	2e-05
CSSTVRRSRTFGSG	4e-05
CSSTVRRSRTGPSDYTFGSG	0.0001
CSSTVRRSRTLYFGEG	6.000000000000001e-05
CSSTVRRSRTLYFGSG	0.00012000000000000002
CSSTVRRSRTQDTQYFGPG	0.0001
CSSTVRRSRTQYFGPG	0.0001
CSSTVRRSRTVFFGKG	6.000000000000001e-05
CSSTVRRSRVFFGEG	0.00014000000000000001
CSSTVRRSRVFFGKG	0.00012000000000000002
CSSTVRRSRYAEQFFGPG	6.000000000000001e-05
CSSTVRRSRYAVFFGKG	4e-05
CSSTVRRSRYEQYFGPG	0.00014000000000000001
CSSTVRRSRYFGAG	0.0001
CSSTVRRSRYFGEG	6.000000000000001e-05
CSSTVRRSRYFGSG	2e-05
CSSTVRRSRYSAEQFFGPG	4e-05
CSSTVRRSSQYFGPG	0.0001
CSSTVRRSSTQYFGPG	0.00018
CSSTVRRSTLYFGSG	8e-05
CSSTVRRSYEQYFGPG	6.000000000000001e-05
CSSTVRRTGETLYFGSG	6.000000000000001e-05
CSSTVRRTGQLYFGEG	8e-05
CSSTVRRTLHFGEG	8e-05
CSSTVRRTLYFGAG	2e-05
CSSTVRRTLYFGEG	6.000000000000001e-05
CSSTVRRTLYFGSG	4e-05
CSSTVRRTPETLYFGSG	4e-05
CSSTVRRTPHAVFFGKG	2e-05
CSSTVRRTPHYTFGSG	6.000000000000001e-05
CSSTVRRTPYAVFFGKG	0.00014000000000000001
CSSTVRRTQYFGPG	0.00014000000000000001
CSSTVRRTRAEQFFGPG	8e-05
CSSTVRRTRAPLFGEG	8e-05
CSSTVRRTRDTQYFGPG	4e-05
CSSTVRRTRDYTFGSG	0.00018
CSSTVRRTRETLYFGSG	4e-05
CSSTVRRTREVFFGKG	6.000000000000001e-05
CSSTVRRTRFFGHG	8e-05
CSSTVRRTRHPLFGEG	2e-05
CSSTVRRTRPEQFFGPG	8e-05
CSSTVRRTRQELYFGEG	4e-05
CSSTVRRTRQTLYFGSG	8e-05
CSSTVRRTRQVFFGKG	0.0001
CSSTVRRTRSLPQYFGPG	6.000000000000001e-05
CSSTVRRTRYAVFFGKG	8e-05
CSSTVRRYNQAPLFGEG	6.000000000000001e-05
CSSTVRRYPPQDTQYFGPG	6.000000000000001e-05
CSSTVRRYRQVQRNTLYFGEG	0.00012000000000000002
CSSTVRRYRTLYFGAG	0.00012000000000000002
CSSTVRRYSFYFGEG	8e-05
CSSTVRSSDYTFGSG	0.00012000000000000002
CSSTVTRAETLYFGSG	8e-05
CSSTVWRSRETLYFGSG	2e-05
CSSTVYAEQFFGPG	8e-05
CSSTWGQDTQYFGPG	8e-05
CSSTWGYAEQFFGPG	8e-05
CSSTWHRGYAEQFFGPG	6.000000000000001e-05
CSSTWRSAETLYFGSG	4e-05
CSSTYNYAEQFFGPG	6.000000000000001e-05
CSSVDHGDSPLYFGEG	0.0001
CSSVDSNERLFFGHG	6.000000000000001e-05
CSSVDTNYEQYFGPG	4e-05
CSSVEADGDQAPLFGEG	2e-05
CSSVFFGKG	4e-05
CSSVGFSYEQYFGPG	0.0001
CSSVGILLYAEQFFGPG	4e-05
CSSVGYTFGSG	2e-05
CSSVHAAEAGSDYTFGSG	0.0001
CSSVHSDDTGQLYFGEG	2e-05
CSSVLGDYEQYFGPG	8e-05
CSSVNERLFFGHG	0.00016
CSSVPEKCDSTQYFGPG	4e-05
CSSVPEKWDATQYFGPG	4e-05
CSSVQGAETLYFGSG	0.0001
CSSVQRNTLYFGAG	0.00012000000000000002
CSSVRRADPGQLYFGEG	8e-05
CSSVTGADTQYFGPG	6.000000000000001e-05
CSSVTGVDAEQFFGPG	4e-05
CSSVWGDTGQLYFGEG	2e-05
CSSVWGVTGQLYFGEG	6.000000000000001e-05
CSSWAGRPEVFFGKG	0.00014000000000000001
CSSWGARAEQFFGPG	4e-05
CSSWTANTGQLYFGEG	0.0001
CSSWTASSYEQYFGPG	2e-05
CSSWTGETLYFGSG	6.000000000000001e-05
CSSWTGPPTQYFGPG	8e-05
CSSWTRTNTEVFFGKG	0.0001
CSSWTSQNTLYFGAG	0.0001
CSSWVARSEQFFGPG	6.000000000000001e-05
CSSYAEQFFGPG	0.0001
CSSYEQYFGPG	0.0001
CSSYFGEG	6.000000000000001e-05
CSSYGQNTLYFGAG	0.0001
CSSYQDTQYFGPG	8e-05
CSSYRDSSYEQYFGPG	0.00016
CSSYRGGAEQFFGPG	0.00012000000000000002
CSSYRGTEVFFGKG	4e-05
CSSYTGQLYFGEG	8e-05
CSSYTGREQYFGPG	0.00012000000000000002
CSTAETLYFGSG	4e-05
CSTAGGNTLYFGAG	0.00012000000000000002
CSTDAPEVFFGKG	0.00012000000000000002
CSTDGPQYFGPG	8e-05
CSTDNQDTQYFGPG	8e-05
CSTDNSQNTLYFGAG	0.00014000000000000001
CSTDSAETLYFGSG	4e-05
CSTDYTFGSG	0.0001
CSTEGGGQNTLYFGAG	6.000000000000001e-05
CSTEQVEAEQFFGPG	0.00016
CSTEVFFGKG	4e-05
CSTGDTEVFFGKG	6.000000000000001e-05
CSTGGIGAREMRLHPNTGQLYFGEG	0.00012000000000000002
CSTGGNTGQLYFGEG	0.0001
CSTGGNYAEQFFGPG	6.000000000000001e-05
CSTGGPAETLYFGSG	8e-05
CSTGGPYEQYFGPG	8e-05
CSTGGRDTQYFGPG	8e-05
CSTGGREETLYFGSG	0.0001
CSTGGSAETLYFGSG	0.00012000000000000002
CSTGGTQDTQYFGPG	0.0001
CSTGLGQDTQYFGPG	0.0001
CSTGNTLYFGEG	0.00012000000000000002
CSTGPDQFFGKG	0.00022
CSTGPENTGQLYFGEG	0.00012000000000000002
CSTGPYNYAEQFFGPG	0.00016
CSTGQDTEVFFGKG	0.00018
CSTGQGSDTLYFGAG	0.0001
CSTGQISNERLFFGHG	6.000000000000001e-05
CSTGQKGAETLYFGSG	0.0001
CSTGQLYFGEG	4e-05
CSTGQNYAEQFFGPG	0.0001
CSTGQVSYNSPLYFGEG	2e-05
CSTGQYEQYFGPG	8e-05
CSTGRHANSDYTFGSG	6.000000000000001e-05
CSTGSQNTLYFGAG	2e-05
CSTGTASYEQYFGPG	6.000000000000001e-05
CSTGTGETPLYFGEG	6.000000000000001e-05
CSTGTSNTEVFFGKG	2e-05
CSTGTTNTEVFFGKG	4e-05
CSTHNTLYFGAG	0.0001
CSTHPEVFFGKG	0.00014000000000000001
CSTIGLGGRGTQYFGPG	8e-05
CSTIRNSDYTFGSG	0.00012000000000000002
CSTLGGSPNTLYFGAG	0.00014000000000000001
CSTLLNTGQLYFGEG	6.000000000000001e-05
CSTLTLNTLYFGEG	0.00012000000000000002
CSTLYFGAG	8e-05
CSTLYFGEG	0.0001
CSTMRNVTPPKSYAVFFGKG	0.0001
CSTNEQYFGPG	0.0001
CSTNSGNTLYFGEG	0.0001
CSTNTEVFFGKG	2e-05
CSTNTGQLYFGEG	0.00016
CSTNWGPQDTQYFGPG	0.00014000000000000001
CSTPGHGQNTLYFGAG	4e-05
CSTPGQGQNTLYFGAG	4e-05
CSTPGQGRETLYFGSG	0.0001
CSTPGSEQYFGPG	0.0001
CSTPPGTRNTLYFGAG	8e-05
CSTPQPSAETLYFGSG	4e-05
CSTPTGNQDTQYFGPG	4e-05
CSTPTGTGSAETLYFGSG	0.00016
CSTPTGTQDTQYFGPG	0.00016
CSTQDTQYFGPG	0.0001
CSTQGASPLYFGEG	6.000000000000001e-05
CSTQGDSPLYFGEG	8e-05
CSTQGDTLYFGAG	4e-05
CSTQGNTEVFFGKG	0.0001
CSTQNSDYTFGSG	8e-05
CSTQNTLYFGAG	0.0001
CSTQSYAVFFGKG	4e-05
CSTQVECRVPLFGEG	8e-05
CSTQVNQDTQYFGPG	6.000000000000001e-05
CSTQVVCRLLLEKKNTLYFGAG	6.000000000000001e-05
CSTQVVCRLLLYFGEG	0.00012000000000000002
CSTQVVSRLLLEKQQYFGPG	0.00012000000000000002
CSTQYFGPG	4e-05
CSTRDTGQLYFGEG	0.00016
CSTREAEVFFGKG	6.000000000000001e-05
CSTREQDTQYFGPG	0.00018
CSTRGGAETLYFGSG	8e-05
CSTRGGDTQYFGPG	8e-05
CSTRGSNTEVFFGKG	4e-05
CSTRHKDTQYFGPG	6.000000000000001e-05
CSTRLGFYAEQFFGPG	0.00014000000000000001
CSTRLGGPAEQFFGPG	6.000000000000001e-05
CSTRLKNTLYFGAG	6.000000000000001e-05
CSTRMANYAEQFFGPG	8e-05
CSTRPPSPETLYFGSG	2e-05
CSTRQDTQYFGPG	6.000000000000001e-05
CSTRQNERLFFGHG	0.0001
CSTRQNTEVFFGKG	0.00012000000000000002
CSTRQNTLYFGAG	0.0001
CSTRREVFFGKG	2e-05
CSTRVEKCDSTQYFGPG	2e-05
CSTSDSDYTFGSG	8e-05
CSTSLHCDSTQYFGPG	0.00016
CSTSLKCDSTQYFGPG	4e-05
CSTSLQCDSTQYFGPG	4e-05
CSTSMGQANTEVFFGKG	4e-05
CSTSQNTLYFGAG	4e-05
CSTSRPPDTQYFGPG	4e-05
CSTSSQNTLYFGAG	8e-05
CSTTDSAETLYFGSG	8e-05
CSTTEISNERLFFGHG	6.000000000000001e-05
CSTTGDSDYTFGSG	0.0001
CSTTGGETLYFGSG	2e-05
CSTTGRGVFFGKG	8e-05
CSTTGRNSDYTFGSG	0.00012000000000000002
CSTTHRNVADYTFGSG	6.000000000000001e-05
CSTTRLSDYAEQFFGPG	4e-05
CSTTTEVFFGKG	6.000000000000001e-05
CSTVGSCGRDTQYFGPG	0.0001
CSTVNQDTQYFGPG	0.00016
CSTVRNVTPPKSNAVFFGKG	0.0001
CSTVRNVTPPKSYAVFFGKG	6.000000000000001e-05
CSTVRRAGPLYFGSG	8e-05
CSTVRRSRVRVFGPG	6.000000000000001e-05
CSTVSNGTRPKSYSVFFGKG	8e-05
CSTVTPPKSYAVFFGKG	0.00012000000000000002
CSTWGVQDTQYFGPG	6.000000000000001e-05
CSVAANTEVFFGKG	0.00012000000000000002
CSVAIAETLYFGSG	8e-05
CSVANTEVFFGKG	8e-05
CSVDKSGNTLYFGEG	6.000000000000001e-05
CSVDNNNQAPLFGEG	8e-05
CSVDNSNERLFFGHG	0.00022
CSVDRAGNTLYFGEG	0.0001
CSVDRANTEVFFGKG	0.0002
CSVDRDNSPLYFGEG	6.000000000000001e-05
CSVDRGDTGQLYFGEG	8e-05
CSVDRGEQYFGPG	6.000000000000001e-05
CSVDRGGTQYFGPG	0.00016
CSVDRGQNTLYFGAG	8e-05
CSVDRINSPLYFGEG	8e-05
CSVDRNSGNTLYFGEG	0.0001
CSVDRNTEVFFGKG	4e-05
CSVDRSAETLYFGSG	4e-05
CSVDRVNTGQLYFGEG	8e-05
CSVDRVQDTQYFGPG	2e-05
CSVDRVQNTLYFGAG	8e-05
CSVDSHSGNTLYFGEG	2e-05
CSVDSPNTEVFFGKG	6.000000000000001e-05
CSVDSSERLFFGHG	8e-05
CSVDSWDTEVFFGKG	0.00016
CSVDSYAEQFFGPG	6.000000000000001e-05
CSVDTSGNTLYFGEG	8e-05
CSVDTYEQYFGPG	8e-05
CSVDWEPTDDRLYFGSG	0.00014000000000000001
CSVDWGGAGTGQLYFGEG	0.00016
CSVDWGWAETLYFGSG	6.000000000000001e-05
CSVEKWDSPKSYAVFFGKG	0.0001
CSVERGGNTLYFGEG	6.000000000000001e-05
CSVFGKG	6.000000000000001e-05
CSVGAGNSPLYFGEG	0.00012000000000000002
CSVGARNTEVFFGKG	0.0001
CSVGAYAEQFFGPG	8e-05
CSVGDEQYFGPG	0.0001
CSVGDNTEVFFGKG	0.00012000000000000002
CSVGDRGSTEVFFGKG	4e-05
CSVGGARAETLYFGSG	0.00012000000000000002
CSVGGDTEVFFGKG	0.00018
CSVGGEDTQYFGPG	4e-05
CSVGGGQYAEQFFGPG	0.0001
CSVGGLGGAETLYFGSG	8e-05
CSVGGNQDTQYFGPG	0.00014000000000000001
CSVGGRGAETLYFGSG	0.0001
CSVGGSAETLYFGSG	0.00012000000000000002
CSVGGSNTEVFFGKG	4e-05
CSVGHANTEVFFGKG	0.00012000000000000002
CSVGLGASAETLYFGSG	0.0001
CSVGLGGSYEQYFGPG	0.00012000000000000002
CSVGNQDTQYFGPG	6.000000000000001e-05
CSVGNTGQLYFGEG	0.0001
CSVGNVTPPKSYAVFFGKG	0.00024000000000000003
CSVGPAETLYFGSG	6.000000000000001e-05
CSVGQGGRQNTLYFGAG	6.000000000000001e-05
CSVGQGIYNSPLYFGEG	8e-05
CSVGQGQGYFGPG	0.00012000000000000002
CSVGQGSSGNTLYFGEG	4e-05
CSVGQGTLYFGSG	6.000000000000001e-05
CSVGQGTNERLFFGHG	0.00016
CSVGQGYTEVFFGKG	6.000000000000001e-05
CSVGQNTEVFFGKG	0.00014000000000000001
CSVGQNYAEQFFGPG	0.0001
CSVGQRQDTQYFGPG	4e-05
CSVGQSEVFFGKG	6.000000000000001e-05
CSVGRGEDPEVFFGKG	0.0001
CSVGSGGAEQYFGPG	4e-05
CSVGSGGIGVQFGEG	6.000000000000001e-05
CSVGTAPYEQYFGPG	0.0001
CSVGTGENTGQLYFGEG	0.00012000000000000002
CSVGTGGEVFFGKG	0.00012000000000000002
CSVGTGNSPLYFGEG	6.000000000000001e-05
CSVGTGNTEVFFGKG	0.00014000000000000001
CSVGTGVTEVFFGKG	0.00016
CSVGTNTEVFFGKG	0.00016
CSVGTPNTGQLYFGEG	0.00014000000000000001
CSVGTSNTGQLYFGEG	4e-05
CSVGVGREVFFGKG	8e-05
CSVHANSDYTFGSG	2e-05
CSVHQNNSPLYFGEG	0.00014000000000000001
CSVINVTPPKSYAVFFGKG	0.00012000000000000002
CSVIRYTGGWTGRWQLYFGEG	8e-05
CSVKNTEVFFGKG	4e-05
CSVKRILAFGEG	0.00014000000000000001
CSVKTNTEVFFGKG	2e-05
CSVLGGISQNTLYFGAG	6.000000000000001e-05
CSVLGGSAETLYFGSG	8e-05
CSVLGNTEVFFGKG	0.0001
CSVLGQGNSGNTLYFGEG	0.00012000000000000002
CSVLQAKGASTQYFGPG	0.00018
CSVLQSDYTFGSG	6.000000000000001e-05
CSVLQYFGPG	0.00012000000000000002
CSVLTGYTGQLYFGEG	8e-05
CSVNSGNTLYFGEG	8e-05
CSVNTGQLYFGEG	0.0002
CSVNYNSPLYFGEG	0.00014000000000000001
CSVPDTYAEQFFGPG	8e-05
CSVPGGAYEQYFGPG	2e-05
CSVPGGGRNYAEQFFGPG	8e-05
CSVPGHANSDYTFGSG	8e-05
CSVPGPNYAEQFFGPG	0.00014000000000000001
CSVPGQGGNTLYFGEG	6.000000000000001e-05
CSVPGQGSGNTLYFGEG	0.00014000000000000001
CSVPPLGGRSQNTLYFGAG	8e-05
CSVPREDDTQYFGPG	6.000000000000001e-05
CSVPRLGSAETLYFGSG	0.0001
CSVPWTDTEVFFGKG	6.000000000000001e-05
CSVPYNSPLYFGEG	6.000000000000001e-05
CSVQDTEVFFGKG	8e-05
CSVQDTQYFGPG	0.0001
CSVQEKCDSTQYFGPG	0.00014000000000000001
CSVQETLYFGSG	0.00018
CSVQGAANTEVFFGKG	4e-05
CSVQGAEQFFGPG	6.000000000000001e-05
CSVQGAERLFFGHG	0.0001
CSVQGASAEQFFGPG	0.00012000000000000002
CSVQGDEQYFGPG	0.0001
CSVQGDERLFFGHG	4e-05
CSVQGETLYFGSG	0.00012000000000000002
CSVQGGNTEVFFGKG	6.000000000000001e-05
CSVQGGSDYTFGSG	0.0001
CSVQGGYAEQFFGPG	0.0001
CSVQGHSAETLYFGSG	0.0001
CSVQGNANTEVFFGKG	0.0001
CSVQGNTEVFFGKG	0.00012000000000000002
CSVQGNYAEQFFGPG	0.0001
CSVQGRDTEVFFGKG	6.000000000000001e-05
CSVQGTGNTLYFGEG	0.00022
CSVQGVVFFGKG	4e-05
CSVQNANTEVFFGKG	0.0001
CSVQNSYNSPLYFGEG	0.00016
CSVQRNTEVFFGKG	0.00016
CSVQSSGNTLYFGEG	0.00012000000000000002
CSVQSSYEQYFGPG	6.000000000000001e-05
CSVQYEQYFGPG	0.0001
CSVRDNQDTQYFGPG	6.000000000000001e-05
CSVRDRAGNTLYFGEG	4e-05
CSVRDRDTEVFFGKG	0.0001
CSVRDREDTQYFGPG	8e-05
CSVRDRGAEQFFGPG	0.00024000000000000003
CSVRDRGEAPLFGEG	0.00016
CSVRDRGNERLFFGHG	0.00022
CSVRDRGPERLFFGHG	0.0001
CSVRDRGPQAPLFGEG	0.00016
CSVRDRGSQNTLYFGAG	0.00014000000000000001
CSVRDRGTEVFFGKG	8e-05
CSVRDRNTEVFFGKG	0.0001
CSVRDRSNSDYTFGSG	0.0001
CSVRDRTNTEVFFGKG	8e-05
CSVRDSGNTLYFGEG	0.00012000000000000002
CSVRDSNERLFFGHG	0.00014000000000000001
CSVRDSYNSPLYFGEG	0.00016
CSVRDTEVFFGKG	6.000000000000001e-05
CSVRDWGYEQYFGPG	6.000000000000001e-05
CSVRDWQDTQYFGPG	8e-05
CSVREDSDYTFGSG	0.00014000000000000001
CSVRGAGSDYTFGSG	0.00012000000000000002
CSVRGLEQYFGPG	0.0002
CSVRGPGNTLYFGEG	0.0001
CSVRGRATEVFFGKG	0.0002
CSVRGRDTEVFFGKG	0.00012000000000000002
CSVRGSAETLYFGSG	0.0001
CSVRGSSAETLYFGSG	0.0001
CSVRGSYEQYFGPG	0.0001
CSVRGTEVFFGKG	0.00014000000000000001
CSVRNVTPPKPSAVFFGKG	0.00012000000000000002
CSVRNVTPPKSYAVFFGKG	0.0001
CSVRNVTPPQSYAVFFGKG	0.00012000000000000002
CSVRNVTQPKSYAVFFGKG	4e-05
CSVRQANTGQLYFGEG	0.00012000000000000002
CSVRQGANTEVFFGKG	0.00014000000000000001
CSVRQGLSYEQYFGPG	0.0001
CSVRSANTEVFFGKG	0.00018
CSVRVSNERLFFGHG	8e-05
CSVSGDSDYTFGSG	0.0001
CSVSGGYEQYFGPG	0.00014000000000000001
CSVSGNTLYFGEG	0.00016
CSVSGQGAYEQYFGPG	0.00012000000000000002
CSVSGVNQDTQYFGPG	0.00016
CSVSPNYGNTLYFGEG	0.00012000000000000002
CSVSQANTEVFFGKG	0.0002
CSVSQTNTGQLYFGEG	0.00018
CSVSSNTEVFFGKG	0.00018
CSVTANSDYTFGSG	0.0001
CSVTASAETLYFGSG	0.00016
CSVTDNNQAPLFGEG	4e-05
CSVTDSGNTLYFGEG	0.00016
CSVTEDTQYFGPG	4e-05
CSVTENNQAPLFGEG	0.00018
CSVTGAYNSPLYFGEG	6.000000000000001e-05
CSVTGDGNTLYFGEG	0.00018
CSVTGEGNTEVFFGKG	0.00012000000000000002
CSVTGFEQYFGPG	0.00016
CSVTGGADTEVFFGKG	0.0001
CSVTGGDYEQYFGPG	8e-05
CSVTGGGAETLYFGSG	8e-05
CSVTGGGNTLYFGAG	0.00014000000000000001
CSVTGGGTEVFFGKG	0.0001
CSVTGGGYEQYFGPG	0.00016
CSVTGGQDTQYFGPG	8e-05
CSVTGGVAETLYFGSG	6.000000000000001e-05
CSVTGGYEQYFGPG	0.00016
CSVTGNERLFFGHG	8e-05
CSVTGNTLYFGEG	0.00012000000000000002
CSVTGPEQYFGPG	0.0001
CSVTGRNERLFFGHG	8e-05
CSVTGRSERLFFGHG	8e-05
CSVTGSNQAPLFGEG	0.0001
CSVTGSSYEQYFGPG	0.0001
CSVTGSTEVFFGKG	4e-05
CSVTGVDQYFGPG	0.0002
CSVTGVEQYFGPG	0.0001
CSVTGVSNERLFFGHG	0.0001
CSVTGVSQNTLYFGAG	0.00016
CSVTLPKSYAVFFGKG	2e-05
CSVTPPKSYAVFFGKG	2e-05
CSVTPPKWYAVFFGKG	0.00018
CSVTQGDTEVFFGKG	8e-05
CSVTQGQNTLYFGAG	8e-05
CSVTTGNTLYFGEG	0.00014000000000000001
CSVTTNTEVFFGKG	0.00014000000000000001
CSVTYSGNTLYFGEG	0.0001
CSVVGGPGQLYFGEG	8e-05
CSVVKCDYTFGSG	8e-05
CSVVLGGLAEQFFGPG	0.00016
CSVVQSDYTFGSG	8e-05
CSVVRNVTPPKSYAVFFGKG	0.00014000000000000001
CSVVRNVTQPKSNAVFFGKG	0.00016
CSVWGAETLYFGSG	0.0001
CSVWGGATLYFGAG	0.00016
CSVWGGDTLYFGAG	0.00012000000000000002
CSVWGGETLYFGSG	4e-05
CSVWGRETLYFGSG	4e-05
CSVWVQDTQYFGPG	4e-05
CSVYFGAG	0.00012000000000000002
CSWAGALTEVFFGKG	6.000000000000001e-05
CSWAGARTEVFFGKG	8e-05
CSWAGERDTQYFGPG	0.00012000000000000002
CSWAGVNYAEQFFGPG	6.000000000000001e-05
CSWAYSRESQNTLYFGAG	0.0001
CSWDGNSGNTLYFGEG	8e-05
CSWDIQGDTQYFGPG	0.0001
CSWDNSGNTLYFGEG	0.00016
CSWDRNTEVFFGKG	0.00012000000000000002
CSWDSANTEVFFGKG	8e-05
CSWDWGGDQDTQYFGPG	0.00018
CSWDWGQDTQYFGPG	0.0001
CSWGAEQFFGPG	0.0001
CSWGDREQYFGPG	0.0001
CSWGEETLYFGSG	0.0001
CSWGGAETLYFGSG	0.00012000000000000002
CSWGGPYEQYFGPG	0.0001
CSWGNVTGHKAYAVFFGKG	0.00014000000000000001
CSWGSAETLYFGSG	6.000000000000001e-05
CSWNRGEVFFGKG	0.00016
CSWTDQDTQYFGPG	0.0002
CSWTGARTEVFFGKG	0.00014000000000000001
CSWTGFSQNTLYFGAG	0.0001
CSWTGGKQNTLYFGAG	8e-05
CSWTGNTEVFFGKG	0.0001
CSWTGSNERLFFGHG	8e-05
CSWVNQDTQYFGPG	8e-05
CSYAEQFFGPG	0.00014000000000000001
CSYEIYEQYFGPG	0.00018
CSYEQYFGPG	0.0001
CSYFGEG	4e-05
CSYFGPG	8e-05
CSYFGSG	8e-05
CSYLFLYFGEG	0.00016
CSYRASYEQYFGPG	0.00016
CSYRGGEQYFGPG	0.00012000000000000002
CSYRGGNTEVFFGKG	0.00014000000000000001
CSYRGRARENTLYFGAG	0.00012000000000000002
CSYSSQNTLYFGAG	0.00012000000000000002
CSYTANTEVFFGKG	0.00024000000000000003
CSYWVFGKG	6.000000000000001e-05
CTAANSDYTFGSG	0.00014000000000000001
CTAATVAETLYFGSG	8e-05
CTAGNTLYFGEG	0.0001
CTAVPAVRPGGLNTEVFFGKG	0.00014000000000000001
CTAYYGNTLYFGEG	8e-05
CTCAETLYFGSG	0.00014000000000000001
CTCLQDGEAPLFGEG	0.0001
CTCRQADAPLYFGEG	8e-05
CTDRVGNTLYFGEG	0.0002
CTEANTEVFFGKG	0.00016
CTEKCDSTQYFGPG	0.0001
CTEQFFGPG	0.00012000000000000002
CTETGQLYFGEG	0.00012000000000000002
CTETLYFGSG	6.000000000000001e-05
CTEVFFGKG	0.00018
CTFGEG	0.00012000000000000002
CTFGSG	0.00012000000000000002
CTGAGGNEQYFGPG	8e-05
CTGGAGAETLYFGSG	8e-05
CTGGFSNERLFFGHG	0.0001
CTGGNETPPSYYAEQFFGPG	0.00012000000000000002
CTGGRGNTEVFFGKG	0.00014000000000000001
CTGIDSTGQLYFGEG	0.00016
CTGIERDGPDTQYFGPG	8e-05
CTGIKSGDQDTQYFGPG	0.00018
CTGIPAGANTGQLYFGEG	0.00016
CTGKETAPTAYAVFFGKG	8e-05
CTGLQATGADTQYFGPG	0.00014000000000000001
CTGNTLYFGEG	0.0001
CTGPQTLYFGSG	0.00014000000000000001
CTGQGGNERLFFGHG	0.00014000000000000001
CTGQLYFGEG	0.00012000000000000002
CTGQPNTEVFFGKG	8e-05
CTGREDGNSDYTFGSG	0.00022
CTGRNATPPKSYAVFFGKG	0.00014000000000000001
CTGRNVNPPKSYAVFFGKG	0.00018
CTGRNVTPPKSYAVFFGKG	0.0002
CTGRNVTPPKSYDVFFGKG	0.00016
CTGSAETLYFGSG	8e-05
CTGTGGDEYFGPG	0.0001
CTGTGVSGNTLYFGEG	0.00014000000000000001
CTGTRDERLFFGHG	0.0001
CTGTSNERLFFGHG	0.00022
CTGTVNTGQLYFGEG	0.0001
CTGVEVGTGHERLFFGHG	6.000000000000001e-05
CTGVQRPNQDTQYFGPG	0.00014000000000000001
CTGVSNERLFFGHG	8e-05
CTHGRHHTQYFGPG	8e-05
CTHSGNTLYFGEG	0.00018
CTISLSGNTAGQLYFGEG	0.00014000000000000001
CTLDRASAETLYFGSG	0.0002
CTLFEKCDSTQYFGPG	0.00022
CTLGGSSQNTLYFGAG	0.00014000000000000001
CTLLHAEQFFGPG	0.0001
CTLRNVTPPKSYAVFFGKG	0.0001
CTLRQAQDTQYFGPG	0.00014000000000000001
CTLYFGAG	0.0002
CTLYFGEG	0.00022
CTNAGLTVEKCDSTQYFGPG	0.00014000000000000001
CTNSDYTFGSG	8e-05
CTNSYTGQLYFGEG	0.00016
CTNTEVFFGKG	0.00012000000000000002
CTNVQCDSTEVFFGKG	0.00012000000000000002
CTPDLYEQYFGPG	0.00016
CTPETLYFGSG	0.00012000000000000002
CTPGHLYAEQFFGPG	0.00016
CTPGLGGGQYFGPG	8e-05
CTPGQDTEVFFGKG	8e-05
CTPGQGDERLFFGHG	0.00012000000000000002
CTPGQGNSNERLFFGHG	0.0001
CTPLFGEG	6.000000000000001e-05
CTPPLFGEG	0.00032
CTPTGGGYEQYFGPG	0.00014000000000000001
CTPTGSAETLYFGSG	0.00014000000000000001
CTPWQLYFGEG	0.00016
CTQDSGNTLYFGEG	0.0001
CTQGLSNERLFFGHG	0.00016
CTQKNTLYFGAG	0.00014000000000000001
CTQRNVTPPKSYAVFFGKG	0.00014000000000000001
CTQRQTLYFGSG	0.00016
CTQSNERLFFGHG	0.00018
CTQSSNERLFFGHG	0.00016
CTQTGGGYEQYFGPG	0.00014000000000000001
CTQTNNKPPHANNQAPLFGEG	0.00014000000000000001
CTQVGENAETLYFGSG	0.00018
CTQVGERAETLYFGSG	0.00016
CTQVGESAETLYFGSG	0.00022
CTQVGGGGQNTLYFGAG	0.00016
CTQYFGPG	8e-05
CTRAHGYEQYFGPG	0.00014000000000000001
CTRERDNQAPLFGEG	0.00022
CTRGGGDDQNTLYFGAG	0.00016
CTRNETPPKSYAVFFGKG	0.0002
CTRNVNPPKSYAVFFGKG	8e-05
CTRNVNQPKSYAVFFGKG	0.00018
CTRNVTPHKSYAVFFGKG	0.00024000000000000003
CTRNVTPPKAYAVFFGKG	0.00014000000000000001
CTRNVTPPKSYAVFFGKG	0.00018
CTRQNTEVFFGKG	8e-05
CTRSGAETLYFGSG	0.0001
CTRTGGTEVFFGKG	0.00018
CTRTVTPPKSYAVFFGKG	0.00012000000000000002
CTRVCVCVSGNTLYFGEG	0.00014000000000000001
CTRVNQDTQYFGPG	0.00032
CTSCRARRSQNTLYFGAG	0.00024000000000000003
CTSDANTEVFFGKG	0.00016
CTSGDAGGPNYAEQFFGPG	8e-05
CTSGDFSNYAEQFFGPG	0.00016
CTSGDSEYTSPLYFGEG	0.00018
CTSIAQNTLYFGAG	0.00014000000000000001
CTSIPPTGPYAEQFFGPG	0.00022
CTSKGWGSYAEQFFGPG	6.000000000000001e-05
CTSKHTYNSPLYFGEG	0.00028000000000000003
CTSKNRGRKDTQYFGPG	8e-05
CTSLHSGGNQNTLYFGAG	0.00016
CTSLIGTTRAETLYFGSG	0.0002
CTSNALDIYEKQDTQYFGPG	0.00018
CTSQNTLYFGAG	0.00012000000000000002
CTSRDNYNSPLYFGEG	0.00012000000000000002
CTSRGGNNERLFFGHG	0.00016
CTSRGIYAEQFFGPG	0.0002
CTSRGLGGRQDTQYFGPG	0.0002
CTSRITGGRGAETLYFGSG	0.00028000000000000003
CTSRLFFGKG	0.00024000000000000003
CTSRWDWPNYAEQFFGPG	0.00024000000000000003
CTSSAGYEQYFGPG	0.00018
CTSSGDRGNYAEQFFGPG	0.00016
CTSSQGDSGNTLYFGEG	0.00014000000000000001
CTSSVRLGGYAEQFFGPG	0.00018
CTSTELNQDTQYFGPG	0.0001
CTSTGGKNTEVFFGKG	0.00012000000000000002
CTSTYGVACCQIANTGQLYFGEG	0.00014000000000000001
CTSYAVFFGKG	0.00016
CTSYEQYFGPG	8e-05
CTTCDSTTEVFFGKG	0.00022
CTTEVFFGKG	0.00012000000000000002
CTTGGHTGQLYFGEG	8e-05
CTTGGVETLYFGSG	0.00014000000000000001
CTTGSPYEQYFGPG	0.00012000000000000002
CTTGTGHHTQYFGPG	0.00016
CTTHRGWHTEVFFGKG	0.00014000000000000001
CTTNTEVFFGKG	0.00014000000000000001
CTTRQGNTEVFFGKG	0.0002
CTTTNTEVFFGKG	0.00016
CTTVRNVTPPKSYAVFFGKG	0.00022
CTVGQCEDYEQYFGPG	0.0002
CTVINVTQPKSYAVFFGKG	0.00016
CTVIQAPLFGEG	0.00014000000000000001
CTVLRSEAPLFGEG	0.00014000000000000001
CTVPTQYFGPG	0.00018
CTVQNSDYTFGSG	0.00022
CTVRNATPPKSYAVFFGKG	8e-05
CTWEQYFGPG	0.00012000000000000002
CTWGGWGETLYFGSG	0.00018
CTWKRDTLNERLFFGHG	8e-05
CTWLNATPPKSYAVFFGKG	0.00016
CTWRLGGDIEQYFGPG	0.00024000000000000003
CTWSPGGRDSDYTFGSG	0.0002
CTWSQQENTEVFFGKG	0.00028000000000000003
CTWTHNQDTQYFGPG	6.000000000000001e-05
CTWTTGGAYAEQFFGPG	0.0002
CTYAEQFFGPG	0.00016
CVAEQFFGPG	0.00014000000000000001
CVAFGKG	0.00016
CVAGGAETLYFGSG	0.00030000000000000003
CVALAVLKHAHFVYYAEQFFGPG	0.00016
CVALVGLCVYFGEG	0.00016
CVASVSEKGDYTFGSG	0.00028000000000000003
CVAWQMREKCDSTQYFGPG	0.00022
CVAWRNVTPPKSYAVFFGKG	0.00018
CVCACVCVLGRNVTPLFGEG	0.00016
CVCCFGEG	0.00012000000000000002
CVCCLGQGKDTQYFGPG	0.00014000000000000001
CVCCRQGGTEVFFGKG	8e-05
CVCEQFFGPG	0.00016
CVCFLGVEVFFGKG	0.00024000000000000003
CVCGFLVEKCDSTQYFGPG	0.00016
CVCGLGLAETLYFGSG	0.00016
CVCGLLGWEDTLYFGEG	0.0002
CVCGVGVFVGGFFGPG	0.00014000000000000001
CVCGWGLGGGVYFGAG	0.00026000000000000003
CVCLTEVFFGKG	0.00014000000000000001
CVCVCFGPG	0.0002
CVCVCGGEKCDSTQYFGPG	0.00026000000000000003
CVCVCGGGKCDSTQYFGPG	0.00024000000000000003
CVCVCVCVCFFGHG	0.00018
CVCVCVCVCFGEG	0.00012000000000000002
CVCVCVCVCGFNYQDTQYFGPG	0.00026000000000000003
CVCVCVCVVTLYFGEG	0.00018
CVCVCVFVCLSVFGKG	0.00026000000000000003
CVCVCVYFGEG	0.00012000000000000002
CVCVGEPCDSTQYFGPG	0.0002
CVCVRVYEQYFGPG	0.0002
CVCVVFFFGKG	0.00016
CVCVYFGSG	0.00028000000000000003
CVCWCFGAG	0.00026000000000000003
CVDAEQFFGPG	0.00016
CVDMREKCAETLYFGSG	0.0002
CVDMRENSDYTFGSG	0.00014000000000000001
CVDPREKCDSTQYFGPG	0.0002
CVDRNYAEQFFGPG	0.00018
CVDWGYEQYFGPG	0.00018
CVEKCDSTQSYGVFFGKG	0.0001
CVEKCDSTQVVCRLPLFGEG	0.0002
CVEKCDSTQYFGPG	0.00012000000000000002
CVEKCDYTFGSG	0.00034
CVERCHSTQYFGPG	0.0002
CVERNVTPPKSYAVFFGKG	0.00014000000000000001
CVEVAPSSRGTDPTEVFFGKG	0.0001
CVEWRNVTPPKSYAVFFGKG	0.00028000000000000003
CVEYESTQYFGPG	0.00016
CVFFGHG	0.0002
CVFFGKG	8e-05
CVFGAG	0.0002
CVFGEG	8e-05
CVFGKG	0.00026000000000000003
CVFGPG	0.00026000000000000003
CVFISLMLFGEG	0.00026000000000000003
CVFYRETCASTQYFGPG	0.00012000000000000002
CVGAWGGNVTPPQYFGPG	0.0002
CVGAWVGNVPPPKSYEQYFGPG	0.0002
CVGAWVGNVTPTQYFGPG	0.00012000000000000002
CVGAWVRNVTPPKSYEQYFGPG	0.00016
CVGAWVRNVTPPQYFGPG	0.00022
CVGAWVRNVTSPQYFGPG	0.00018
CVGCGWGGFGAG	0.0002
CVGCLWVGVWCLCFGEG	0.00022
CVGCWGVGLWFGEG	0.00012000000000000002
CVGEKCDSTQYFGPG	0.00032
CVGETLYFGSG	0.00014000000000000001
CVGFGGGGWEGGLFFGEG	0.00028000000000000003
CVGFWGGGVWVFFGEG	0.0002
CVGGDGWLFVWFFGKG	0.00024000000000000003
CVGGDWVSDVGFFFGEG	0.00016
CVGGEDVAPLFGEG	0.00016
CVGGGGGGGVFFGKG	0.00012000000000000002
CVGGGSGGVVAPLFGEG	0.0002
CVGGGVDFVGGFFGEG	0.00012000000000000002
CVGGGVVVLGVVFFGEG	0.00024000000000000003
CVGGGWGACVDRLCFGEG	0.00028000000000000003
CVGGLGGGLLLYFGAG	0.00014000000000000001
CVGGLSGGLVTLYFGSG	0.00012000000000000002
CVGGLSQNTLYFGAG	0.00018
CVGGLVGGGWGCLYFGAG	0.00024000000000000003
CVGGQGYEQYFGPG	0.0001
CVGGRLGVWVLWYFGPG	0.00018
CVGGVFVGGGVGWYFGSG	0.00014000000000000001
CVGGVGGGGFFGEG	0.00022
CVGGVGGGVGVLFGEG	0.0002
CVGGVGRDFAGVFFGEG	0.0002
CVGGVIGWGGLGCFGEG	0.00032
CVGGVSFGVGVYFGSG	0.00016
CVGGVTGFVSSLYFGSG	0.00022
CVGGVVFGEG	0.0002
CVGGVVGGCGGGLFFGEG	0.00018
CVGGVVGGGGEGVFFGEG	0.00014000000000000001
CVGGVVGLGGFCFGEG	0.00022
CVGGWFGEG	0.00022
CVGGWGAETLYFGSG	0.00028000000000000003
CVGGWGVGQLYFGEG	0.00024000000000000003
CVGGWVRKVIPPQYFGPG	0.00012000000000000002
CVGGWWVVWVVFFGEG	0.00014000000000000001
CVGGYGGQVLFGKG	0.00016
CVGKRNVTPPKSYAVFFGKG	0.00022
CVGLAVGGWGVFFGEG	0.00024000000000000003
CVGLCVYVYFGSG	0.00016
CVGLYFGEG	0.00018
CVGMRNVTPPKSYAVFFGKG	0.00018
CVGNEKCDSTQYFGPG	0.00016
CVGNVTQPQSSAVFTLYFGAG	0.00016
CVGPRNVTPPKSYAVFFGKG	0.0002
CVGQLYFGEG	0.00028000000000000003
CVGRCGGCFVVLLFGPG	0.00028000000000000003
CVGRNVTPPKSYAVFFGKG	0.00028000000000000003
CVGRRNVTPPKSYAVFFGKG	0.0001
CVGSFGEG	0.00022
CVGSGGFQDTQYFGPG	0.00030000000000000003
CVGTGGVAEQFFGPG	0.00026000000000000003
CVGTNQAPLFGEG	0.00016
CVGVGGLGGLFFGEG	0.00012000000000000002
CVGVNVEVFFGKG	0.00016
CVGVVIPPKSYAEQFFGPG	0.00016
CVGVVTPLFGEG	0.00018
CVGWRLVGGVGVFFGEG	0.00012000000000000002
CVGWVWGDCEFFGKG	0.00018
CVGYFGPG	0.00034
CVHERNVTPPKSYAVFFGPG	0.00022
CVHVFGSG	0.00024000000000000003
CVHVSAETLYFGSG	0.0002
CVIAETLYFGSG	0.00042
CVIEKCDYTFGSG	0.00022
CVIQRNVTPPKSYAVFFGKG	0.00030000000000000003
CVITCLEKCDSTQYFGPG	0.00018
CVKGRNVTPPKSYAVFFGKG	0.00014000000000000001
CVKNIKQAEFGEG	0.00024000000000000003
CVKNTGQLYFGEG	0.00024000000000000003
CVKSIKQAEFGEG	0.00038
CVLCFGEG	0.0002
CVLEKCDSTKSYAVFFGKG	0.00032
CVLEKCDSTQSYAVFFGKG	0.00038
CVLIAIFFGKG	0.00028000000000000003
CVLQNEKCDSTQYFGPG	0.00022
CVLQRNVTPPKSYAVFFGKG	0.00030000000000000003
CVLRDVTPPKSYAVFFGKG	0.00012000000000000002
CVLREESLEQYFGPG	0.00016
CVLRNVTPPKSYAVFFGKG	0.00026000000000000003
CVLRRNATPPKSYAVFFGKG	0.00018
CVLRRNTLYFGEG	0.00032
CVLRRNVTPPKSYAVFFGKG	0.00026000000000000003
CVLSTLRPAQCDSTQYFGPG	0.00024000000000000003
CVLTQPPYEQYFGPG	0.00030000000000000003
CVMCMQYFGPG	0.00024000000000000003
CVMDEIDTTYAEQFFGPG	0.0004
CVMEKCDSPKSYAVFFGKG	0.00024000000000000003
CVMEKCDSTKSYAVFFGKG	0.00024000000000000003
CVMEKCDSTQYFGPG	0.00042
CVMEKCDYTFGSG	0.00034
CVMEKCTPPKSYAVFFGKG	0.00042
CVMRNVTPPKSYAVFFGKG	0.00028000000000000003
CVNGFGPG	0.00022
CVNLYFGSG	0.00022
CVNPRHSHAVFFGKG	0.00032
CVNSDYTFGSG	0.0002
CVNSPQTGYEQYFGPG	0.00028000000000000003
CVNYAEQFFGPG	0.00018
CVPAVGVAETLYFGSG	0.00036
CVPKLDHDRTQYFGPG	0.00022
CVPLAFLYFGAG	0.00022
CVPMTTSPLFGEG	0.00026000000000000003
CVPNTGQLYFGEG	0.00030000000000000003
CVPRGQNTLYFGAG	0.00028000000000000003
CVPRLGGASAETLYFGSG	0.00048000000000000007
CVPRNVTPPKSYAVFFGKG	0.00016
CVPVLPCCDSTQYFGPG	0.00028000000000000003
CVPVLPCCEKCDSTQYFGPG	0.00022
CVPVLYAEQFFGPG	0.00018
CVQAHFSLPNKIQAPLFGEG	0.00028000000000000003
CVQASRDISNERLFFGHG	0.00034
CVQDTQYFGPG	0.00026000000000000003
CVQKDAEQFFGPG	0.00024000000000000003
CVQWDVVTQYFGPG	0.00030000000000000003
CVRAPLFGEG	0.00046
CVRCVVGVVLYFGAG	0.0004
CVRCYFFGNTLYFGEG	0.00034
CVRDTEVFFGKG	0.00026000000000000003
CVREECTPPKSYAVFFGKG	0.00028000000000000003
CVREKCHSTQYFGPG	0.00036
CVREKEVFFGKG	0.0004
CVREREREKCDYTFGSG	0.00036
CVRFYFGEG	0.0004
CVRGFEGWFGVGVFGEG	0.00046
CVRGGGGFGGGVFFGEG	0.00036
CVRGGGGGFFGEG	0.00042
CVRGGVNGDAWYFGSG	0.00028000000000000003
CVRGGWEVFFGEG	0.00022
CVRGLGRGVCEQYFGPG	0.00026000000000000003
CVRGLWVGAETLYFGSG	0.0004
CVRGTREEKCDSTNQAPLFGEG	0.0004
CVRGVGFGEG	0.00038
CVRLNITAPSLISNERLFFGHG	0.00030000000000000003
CVRNATPPKSYAVFFGKG	0.00034
CVRNGTPPKSYAVFFGKG	0.0004
CVRNTGQLYFGEG	0.00054
CVRNVNPPKSYAVFFGKG	0.00032
CVRNVPPPTSYAVFFGKG	0.00028000000000000003
CVRNVTLRRSYAVFFGKG	0.00028000000000000003
CVRNVTPLKSYAVFFGKG	0.00036
CVRNVTPPKSHAVFFGKG	0.00032
CVRNVTPPKSYAVFFGKG	0.00022
CVRNVTPPTSYAVFFGKG	0.00022
CVRNVTQPKSYAVFFGKG	0.00028000000000000003
CVRRAGGGGCVLYFGAG	0.00042
CVRRDEINQAPLFGEG	0.00030000000000000003
CVRRGKGAEVFFGKG	0.00032
CVRRGTKTYEQYFGPG	0.00046
CVRRMRGADTHLYFGAG	0.00042
CVRRNVTPPKSYAVFFGKG	0.00022
CVRRNVTPPQSYAVFFGKG	0.00044
CVRSERLFFGHG	0.00038
CVRSRGRNSDYTFGSG	0.00042
CVRYVTPHKSYAVFFGKG	0.00026000000000000003
CVSGNTLYFGEG	0.00034
CVSGSRVSYCGNTLYFGEG	0.00032
CVSGVVAGGRSLYFGAG	0.00034
CVSLPLPERLATHLYFGSG	0.0004
CVSNERLFFGHG	0.00032
CVSQEPRHATQPKSYEQYFGPG	0.00028000000000000003
CVSRAWENQDTQYFGPG	0.0004
CVSRFGGGGVLVFFGEG	0.00036
CVSRLEGTDTQYFGPG	0.00036
CVSSFRGRHTQYFGPG	0.0005600000000000001
CVSSKYLNVKFSNRNTLYFGEG	0.00044
CVSTGNSDYTFGSG	0.0005
CVTAEEDEEVFFGKG	0.00048000000000000007
CVTANSDYTFGSG	0.00038
CVTCEKCDPPKSYAVFFGKG	0.00036
CVTENSDYTFGSG	0.0005200000000000001
CVTESRSEKCDSTQYFGPG	0.00044
CVTFGSG	0.0004
CVTGEVFFGKG	0.00046
CVTGNERLFFGHG	0.0005200000000000001
CVTGQGNTEVFFGKG	0.00038
CVTGTVNYAEQFFGPG	0.0004
CVTIGEKCDSTQYFGPG	0.00062
CVTKDTQYFGPG	0.0004
CVTLRNVTPPKSYAVFFGKG	0.00044
CVTNVATCASTQYFGPG	0.00026000000000000003
CVTPPKSYAVFFGKG	0.00030000000000000003
CVTRNVTPPKSYAVFFGKG	0.00034
CVTRVETGASTQYFGPG	0.00044
CVTRVSANTGQLYFGEG	0.00054
CVTSAETLYFGSG	0.00032
CVTVRNVTPPKSYAVFFGKG	0.00062
CVVAVECAETLYFGSG	0.00038
CVVCGSREMYSTQYFGPG	0.00046
CVVKVSEKCDSTQYFGPG	0.00042
CVVNGNTLYFGEG	0.00068
CVVNRPANCDSTQYFGPG	0.0005200000000000001
CVVRLKSLYFGAG	0.00064
CVVRNATPPKSYAVFFGKG	0.00064
CVVRNVTPPKSYAVFFGKG	0.0005200000000000001
CVVRNVTQPKSNAVFFGKG	0.00064
CVVRRNVTPPKSYAVFFGKG	0.00076
CVVSRNVTPPKSYAVFFGKG	0.0007400000000000001
CVVVRNVTPPKSYAVFFGKG	0.0007800000000000001
CVVVVWGVGFGKG	0.0005200000000000001
CVVWMPHLWQKAYEQYFGPG	0.0006000000000000001
CVVYFGAG	0.00068
CVVYTTLYFGAG	0.00076
CVVYVSEKCDSTQYFGPG	0.00064
CVWCHSLDIGDTQYFGPG	0.00088
CVWCLLWGSAEVFFGKG	0.00058
CVWFLGLLGGGGLFFGEG	0.00058
CVWGFFGEG	0.00064
CVWGLGGSNERLFFGHG	0.00064
CVWGLGVGGGVYFGAG	0.00088
CVWGSANTEVFFGKG	0.0007400000000000001
CVWGVENSDLVFGEG	0.00064
CVWGVGVDALYFGSG	0.0007400000000000001
CVWPSPELFEKCDSTQYFGPG	0.0006600000000000001
CVWRNVTPLKSYAVFFGKG	0.0009400000000000001
CVWSSLGVGTQYFGPG	0.00084
CVWWGGFWEDTQYFGPG	0.0009600000000000001
CVWWGTGECALYFGAG	0.00092
CVYAEQFFGPG	0.00084
CVYCLAHPNSPLYFGEG	0.0010400000000000001
CVYFGAG	0.0009600000000000001
CVYFGEG	0.0009400000000000001
CVYFGSG	0.0013200000000000002
CVYISIEVFFGKG	0.00134
CVYVFGKG	0.0011200000000000001
CWGSAETLYFGSG	0.0008
CWLRNVTPPKSYAVFFGKG	0.00108
CWNAEQFFGPG	0.0011200000000000001
CWNTLYFGEG	0.0013800000000000002
CWQEATLYFGAG	0.0013800000000000002
CWTGGVQNTLYFGAG	0.00158
CWTREKCDSTQYFGPG	0.00158
CYAEQFFGPG	0.00134
CYDLNVTPPKSYAVFFGKG	0.0016600000000000002
CYEEKCDSTKSYAVFFGKG	0.00152
CYEKCDSTQYFGPG	0.0019000000000000002
CYEQYFGPG	0.0019200000000000003
CYESHERLFFGHG	0.00198
CYFGEG	0.00238
CYFGSG	0.00232
CYGPPPPPYAVFFGKG	0.00234
CYKPYFGSG	0.00256
CYNHPDLRSSDYTFGSG	0.0025
CYSTQYFGPG	0.0029600000000000004
CYTEVFFGKG	0.00406
CYTFGSG	0.004520000000000001
CYTKVEKCDSTQDTQYFGPG	0.0051400000000000005
CYYAEQFFGPG	0.008140000000000001
CYYTFGSG	0.046000000000000006
